node_id	error
0	0.0006284276732
1	0.001164840961
2	0.0002774010528
3	0.001013059766
4	0.0009718201016
5	0.0002100896391
6	0.0005140132958
7	0.0005895086972
8	0.0007514720547
9	0.00058063604
10	0.0002653011239
11	0.001132568702
12	0.003045298399
13	0.000687674604
14	0.001118468788
15	0.0003646421204
16	0.0001114199273
17	0.001721160768
18	0.000770271515
19	0.0003352093253
20	0.002432050852
21	0.0001916990375
22	0.002019892545
23	0.0006975257228
24	0.0005261896163
25	0.001712758147
26	0.0002503887631
27	0.006241384705
28	0.001371220272
29	0.01266753232
30	0.0004421521472
31	0.008858032833
32	0.00565376387
33	0.000205183744
34	0.0005882611914
35	0.000205097699
36	4.654657024e-05
37	0.0004700345845
38	0.001287482451
39	0.0009064720504
40	0.0005386603161
41	0.002502586239
42	0.00778405307
43	0.001940242387
44	0.0010618092
45	0.002152598052
46	0.002384918517
47	0.0005148286905
48	0.0003104420419
49	0.0006007629413
50	0.0009126324785
51	0.001189006362
52	3.451680941e-06
53	0.001690320334
54	0.001222900202
55	9.111020218e-06
56	0.0004656663319
57	0.001278823325
58	0.000778722057
59	0.001375831749
60	0.0001857344376
61	0.0004966394843
62	0.00147577201
63	0.0004072997764
64	0.00111511011
65	0.001168236844
66	0.001535479715
67	0.003299657686
68	0.0002852383952
69	0.001682988902
70	0.001206174929
71	0.0009661893579
72	0.008210972093
73	0.0005521708692
74	8.476103581e-05
75	0.001717912389
76	0.001108897401
77	0.002108366773
78	0.0007363192335
79	0.0028721699
80	0.006038719307
81	0.001717644279
82	0.0002106572181
83	0.0009278012557
84	0.0002411382152
85	0.005279363459
86	0.0004698137242
87	0.0007211469513
88	0.0003454233499
89	0.0003003622652
90	7.573739806e-05
91	0.0005289469179
92	0.001411506831
93	9.338175613e-05
94	0.001232976973
95	0.0008257200677
96	0.002105295123
97	1.273806586e-05
98	0.001536608828
99	0.001393095384
100	0.0001627260267
101	0.0003909760263
102	0.0006203152941
103	0.0004349355523
104	0.0004081296578
105	0.0004251546988
106	2.711114584e-05
107	0.001223034448
108	0.0004884459913
109	0.002241797467
110	0.001295310641
111	0.000458604051
112	0.0001888216275
113	0.0008393091505
114	0.001115281346
115	0.0003878939609
116	0.001198277904
117	0.0004987550986
118	0.001341162852
119	0.000565197903
120	8.561525333e-05
121	0.0006018369465
122	0.001081627449
123	0.0002680613536
124	9.336065187e-05
125	0.0008330924715
126	0.001360672785
127	0.0008029496665
128	0.0004429245248
129	0.0002416509706
130	0.005818614304
131	0.0002433891308
132	0.0009532461051
133	0.002258326621
134	1.719611825e-05
135	0.0009798688904
136	0.002025658706
137	0.0009656668583
138	4.985345401e-06
139	8.092951343e-05
140	0.0007159172698
141	0.001058315585
142	0.001076355704
143	0.0008901773205
144	0.0005605867127
145	0.001586429808
146	4.636524945e-05
147	0.0005370203017
148	0.001303145286
149	0.0001228852839
150	0.0007748916685
151	0.00261531944
152	0.0004069058424
153	0.0001542880481
154	0.0005518224422
155	0.0006956352638
156	0.0007205224583
157	0.002448362571
158	9.003260363e-05
159	0.008344541368
160	9.78988836e-05
161	0.002296892898
162	0.0008162831555
163	0.00182648376
164	1.012886499e-05
165	0.0004593293246
166	0.001015585052
167	0.0006959563692
168	0.0009243097003
169	0.0006977563901
170	0.001996030991
171	0.002471334924
172	5.969979648e-05
173	0.0004514397249
174	0.001139446615
175	0.001153064688
176	0.0008847430094
177	0.001514873637
178	0.0002415067281
179	0.002287297444
180	0.0002933572798
181	0.0009353967132
182	0.0001545763523
183	0.0001286403536
184	7.780017295e-05
185	0.0002161834177
186	0.00450692073
187	0.0006185360164
188	0.001856260647
189	0.0002233099821
190	0.003657511391
191	0.0001287113837
192	0.001157443911
193	0.0005817776475
194	0.0006473856465
195	9.537128847e-05
196	0.0005057701696
197	0.0001653348916
198	0.004049577002
199	0.0009228617987
200	0.01860113233
201	0.0006269808777
202	0.0006941755495
203	0.000205851593
204	0.004981672686
205	0.001312752372
206	0.0006192350936
207	0.0003884936274
208	0.0002940526524
209	0.0008403559892
210	0.002358573271
211	0.0007116519518
212	0.003804631373
213	0.0001095732846
214	0.0004105095387
215	0.0007244428895
216	3.378241607e-05
217	0.001324416876
218	0.002305611655
219	0.0005812933476
220	0.0004337418815
221	0.003006060707
222	0.0008467713419
223	0.0003124568619
224	0.001083389846
225	0.001216571617
226	0.0007220506795
227	0.002069040933
228	0.001056691835
229	0.002452721266
230	0.001468331985
231	0.0006406860127
232	0.001897250775
233	0.001610156395
234	0.001080972465
235	0.001994804521
236	0.0006448877807
237	0.001239217019
238	0.001135152076
239	7.44529412e-05
240	0.0007067593424
241	1.705526168e-05
242	3.700533946e-05
243	0.002255500957
244	0.000980348773
245	0.0007010478485
246	0.000361440077
247	0.0008997712833
248	5.423609508e-05
249	0.004075911815
250	2.342481172e-05
251	0.000470679761
252	0.0009105603239
253	0.0002767265385
254	0.01368752332
255	0.0007362205415
256	0.0007225796971
257	0.0006817245701
258	0.0007722059795
259	0.00098978849
260	0.0007551096482
261	5.630233339e-06
262	0.0001300277221
263	0.0003422810352
264	0.0005061900449
265	0.0005941647266
266	0.0003850855241
267	0.001461111129
268	8.162363854e-05
269	0.001223742408
270	0.003526354485
271	4.7861454e-05
272	0.0004952935192
273	0.0007693725888
274	0.0007701784166
275	0.0006665409049
276	0.0004948498667
277	0.000391639554
278	0.0003339670994
279	0.0002080766271
280	0.001418530546
281	0.0006692744819
282	1.349328297e-05
283	0.0004652721673
284	0.002392356044
285	0.001006731416
286	0.0007864763694
287	0.0003905188627
288	0.0005281760059
289	6.850701972e-05
290	0.0003042480826
291	0.0008026839337
292	0.0001275008228
293	0.0006492094353
294	0.001068337635
295	1.454994085e-05
296	0.000926387866
297	0.0006392071248
298	0.0006103337275
299	0.0002661276208
300	0.000137240389
301	0.000490183772
302	0.001142055904
303	0.0004755211542
304	0.0003478616507
305	0.000979601313
306	0.0002186861231
307	0.0008636686807
308	0.0007141798784
309	0.0002950805688
310	0.0001782561475
311	2.730379132e-05
312	5.089775184e-05
313	0.001322124159
314	0.0004550641824
315	0.0001690038408
316	0.001066728533
317	0.0007241703275
318	0.000486435195
319	0.001010064077
320	0.0001779946204
321	0.0007301253717
322	0.0007824563216
323	0.00126174388
324	0.001445434464
325	0.0005216349171
326	0.0002865382384
327	0.005235323005
328	0.0007773520895
329	0.002061072376
330	1.649758489e-05
331	0.0005009405924
332	0.0006315603363
333	0.0004510118153
334	0.005097163774
335	0.0003012140062
336	0.0002103169624
337	0.001108874679
338	0.0003864118864
339	3.428709298e-06
340	0.00169404588
341	0.0002772354798
342	0.0003827397192
343	0.001205100317
344	0.0004283507157
345	0.001019938662
346	0.0007625309883
347	2.275390938e-05
348	0.0004778626715
349	0.000145654547
350	0.0003061987463
351	0.00189017584
352	0.001954748772
353	0.0006432430363
354	0.002406053172
355	0.0004257628051
356	0.0004224984059
357	0.002696304438
358	0.01534932448
359	0.01366142005
360	0.0003042410525
361	0.0004839326972
362	0.0009867644808
363	0.00672309146
364	0.0006587926767
365	0.0001104314782
366	0.0009350526716
367	0.000240329317
368	9.433956142e-05
369	0.0005644124127
370	0.0001635214345
371	0.0007409723814
372	0.001575893753
373	0.0001297464786
374	3.392956887e-05
375	0.0008011514675
376	0.0007720082564
377	0.001082510357
378	0.001554912111
379	0.0002112504162
380	3.398293487e-05
381	0.001734909776
382	0.001473655424
383	0.0005206030751
384	0.0007726597794
385	0.001584166212
386	0.0008492036487
387	0.001122618395
388	0.0006780097829
389	0.0005384285038
390	0.0002683434796
391	0.001044372045
392	0.0001018628873
393	0.0001944724564
394	0.0004993080885
395	0.0002974737787
396	0.0006513121933
397	0.001057373462
398	0.0005167967352
399	0.0008829658414
400	0.002625591467
401	0.0001735790578
402	0.0005078399489
403	0.0002608926805
404	0.0009896096165
405	0.0003287319242
406	0.000346785896
407	0.002362853585
408	0.0003250882588
409	0.001522817575
410	1.461349541e-05
411	0.0009484376705
412	0.001536710027
413	0.001651994287
414	0.002424057384
415	0.00185724636
416	6.951428015e-05
417	0.001419756192
418	0.0004799454884
419	9.728856423e-05
420	0.001446506828
421	0.001329346469
422	0.0004409919544
423	0.0004787971882
424	0.0002350192376
425	0.001120095166
426	0.001256242791
427	1.882637987e-05
428	0.0007506571534
429	0.0004552456624
430	0.001014369631
431	0.00036801639
432	0.0006392397685
433	0.0006874645266
434	0.0007690733572
435	0.0002694132934
436	2.504284539e-05
437	0.00198868824
438	0.0004135271886
439	0.0002644234691
440	0.002189398506
441	0.0005290635004
442	0.001660971077
443	0.001992273717
444	0.001219723912
445	0.0004852580174
446	0.000567850141
447	2.769003501e-05
448	0.0004483697647
449	0.001006268853
450	0.0001931158807
451	0.001835912679
452	0.0002271499435
453	0.0004664805454
454	0.0001570470767
455	0.02416772442
456	0.0005616151825
457	0.0008626952575
458	5.071881918e-05
459	0.0001448033084
460	0.0005425723042
461	0.0004555041662
462	0.0006863637016
463	0.0006342964442
464	0.0005989000673
465	0.001343483987
466	0.001290172067
467	0.002210239895
468	0.0004773854251
469	0.0009950303737
470	0.000412684959
471	0.0006213786427
472	0.0009933897587
473	0.001812482543
474	0.002063441845
475	0.001104163334
476	0.0009211635312
477	0.0009212385569
478	0.00291292391
479	0.0002997566094
480	0.001710788233
481	0.0005700597025
482	0.0006313009994
483	0.0006772081678
484	0.0004551588041
485	0.0001226194147
486	0.001139716075
487	0.0005912126474
488	0.000425933899
489	0.001720741065
490	0.0005242424065
491	9.31788888e-05
492	0.0003010730555
493	0.001240825781
494	0.0003245506952
495	0.0002561071563
496	0.0002537542933
497	0.0001610227507
498	0.001282829174
499	0.001616089787
500	0.0001840682875
501	0.0004846778105
502	0.0006847931398
503	0.0001633150613
504	0.000461206642
505	0.0006122130788
506	0.0009686065416
507	1.347334728e-05
508	0.002357562749
509	0.001261243803
510	0.0002648101001
511	0.0002927459001
512	0.001072238991
513	0.0001785151452
514	0.0003664618941
515	0.000150980792
516	0.0007444914813
517	0.0001396520334
518	0.0009993644479
519	0.001396213656
520	0.001243637871
521	0.001478848953
522	0.0001337224824
523	0.0002919785076
524	0.0007596016186
525	0.001204586221
526	4.376314995e-05
527	0.0001039731266
528	0.0007470346806
529	0.01111679543
530	0.0004510272825
531	0.001049525306
532	4.757195065e-05
533	0.000147703112
534	6.397594885e-05
535	0.002480384628
536	0.0006764861863
537	0.001656845281
538	0.0002794347506
539	0.001428964802
540	0.001126848344
541	0.001391677106
542	0.0002504293213
543	0.0007237921766
544	0.002476974199
545	0.0003150468802
546	0.0004213750312
547	0.0009598774481
548	0.0004184412606
549	0.003191154746
550	0.0008944486479
551	0.0004228027651
552	0.000127268706
553	0.001118026018
554	0.001372123968
555	0.0001579600637
556	0.001453974416
557	0.001709379143
558	0.001522540688
559	0.0006401013183
560	0.0004523088258
561	0.0006590493361
562	0.0001481733166
563	0.001494299884
564	0.001036523442
565	0.0003888244312
566	0.001348909464
567	0.002300933624
568	0.0004321654009
569	0.0001044062531
570	0.0001973518065
571	0.001402645723
572	0.001705263082
573	0.0005959186192
574	0.0006630794679
575	0.000785548914
576	0.0001314668804
577	0.0002093371575
578	0.001860305924
579	0.0004303639007
580	7.629976888e-05
581	0.0004038001714
582	0.0005240214432
583	0.001588890993
584	0.0006673257433
585	0.001477342662
586	0.0003897055366
587	0.003415768039
588	0.0009006852004
589	0.001258869905
590	0.001284021437
591	0.001983683374
592	0.01682721759
593	0.001711160576
594	0.001366291565
595	0.005194739523
596	0.001305691064
597	0.0003289943281
598	0.004068517955
599	0.0003587945525
600	0.0002063657261
601	0.001218605278
602	0.0004225344313
603	0.0007087619391
604	0.0004404431794
605	0.0003862997232
606	0.0003242817106
607	0.0008551999046
608	0.0013867667
609	0.0005876938944
610	0.000390258455
611	0.001333835406
612	0.0009018533983
613	0.0001808978937
614	4.902630187e-05
615	0.001639439899
616	8.053558432e-05
617	0.002032482442
618	7.03952544e-06
619	0.001088346293
620	0.001267841863
621	0.0009886915742
622	0.002138872176
623	0.0007179598396
624	0.0009492923066
625	0.0001454639786
626	0.0007897085015
627	0.001471755377
628	0.0005100507499
629	0.001365828579
630	0.0005925131999
631	9.237091273e-05
632	0.0006806075278
633	0.0001528023504
634	0.009081035777
635	0.0009428771194
636	0.000242812053
637	0.000560966169
638	0.0007629079799
639	0.001275103715
640	0.001818765048
641	8.657988721e-05
642	0.0005003207955
643	0.0001038991843
644	0.0004352053785
645	0.001492287448
646	0.001834751237
647	0.0009265398681
648	0.0001908223725
649	0.002048885873
650	0.000584443075
651	0.006194934394
652	0.0006567666878
653	0.0008134933465
654	0.0003009438324
655	0.000421208824
656	8.304677608e-05
657	3.918529968e-05
658	0.0001151345341
659	0.001857111951
660	0.0005809248647
661	0.0003906758079
662	0.00031497244
663	0.001122916648
664	0.001552080467
665	0.001248552112
666	0.0019488771
667	0.0009064968222
668	0.0001974379193
669	0.0002950572151
670	0.0007112039915
671	0.0001474321832
672	3.180666678e-05
673	0.0004006435682
674	0.002919616437
675	0.0009647801042
676	0.001643758758
677	0.001116179244
678	0.0004442386599
679	0.0002836796162
680	0.0005638415995
681	0.0006598816431
682	0.001524709862
683	0.001163871441
684	0.0002668418846
685	0.001216703868
686	0.0009596373457
687	0.0009858420876
688	0.0007848180359
689	0.0006661247358
690	0.0006710438148
691	0.001377487589
692	0.0005574776001
693	0.001190287072
694	0.0008169168871
695	0.001148541947
696	0.0004185038196
697	0.007506100786
698	0.000191729887
699	0.0003170002425
700	0.0001988558407
701	0.0008083565818
702	0.0009818450851
703	0.0005479535793
704	0.001138871429
705	0.0001984140189
706	0.001201103033
707	0.001253385244
708	0.0008768671652
709	0.003365761712
710	0.001317050439
711	0.001167043402
712	0.002219217048
713	0.0008739822615
714	0.0009051295655
715	0.001072556346
716	0.001005836202
717	0.0006829620248
718	0.0009568374626
719	0.0006042179698
720	0.0005907593271
721	0.001048241731
722	0.001045307137
723	0.001060146718
724	0.0002404297028
725	0.0009648342076
726	0.00095689225
727	0.0005952752947
728	0.001331434022
729	0.0005364121165
730	0.001165905702
731	0.0007928573161
732	0.001142497356
733	0.0006423054959
734	0.00195064357
735	0.0002371973832
736	0.001444396804
737	0.002427293578
738	0.000597356583
739	0.001408381768
740	0.001332413992
741	0.001400946764
742	5.482991752e-05
743	0.0002579353162
744	0.0008331511811
745	0.0009394425983
746	0.0007301516145
747	0.001375993997
748	3.577582984e-05
749	0.0006107430686
750	0.0004676420077
751	0.0005703684715
752	0.00163420851
753	0.0003105997716
754	0.0004826294991
755	0.001006927888
756	0.0004118836553
757	0.0005343956414
758	0.001422905377
759	8.718993229e-05
760	0.0008739254247
761	0.0002853504635
762	0.002808924436
763	0.0009844757487
764	0.0009764093895
765	0.000854906013
766	0.0008441092661
767	0.0003370752276
768	0.0009102606079
769	0.0006304079584
770	0.0002024825208
771	0.0002171060321
772	0.0006839328267
773	0.0002852820532
774	0.000273639546
775	0.0002861231392
776	0.0009925050184
777	0.0005631738415
778	0.0001843159166
779	0.005152068903
780	0.002680960086
781	0.002691674498
782	0.0004022086157
783	0.0004062123532
784	0.003614443587
785	0.001105691164
786	0.0003548274544
787	0.00126111117
788	0.0007001524458
789	0.000820751784
790	0.001511741414
791	0.0002017979472
792	0.0006279975109
793	0.0003696249128
794	0.0007356145133
795	0.0008405495833
796	0.001724293486
797	0.0003846521788
798	0.001381749786
799	0.0009024368834
800	0.0002792973033
801	0.002186267811
802	0.0003381582485
803	0.001742729751
804	0.0002497711279
805	0.001371888758
806	0.0001243951057
807	0.000650532439
808	0.0002418979218
809	0.001058183132
810	0.0007769326834
811	0.0002086817133
812	0.00077080157
813	0.0002327065391
814	0.0006287767326
815	0.000683785102
816	0.00202146321
817	0.0008679848839
818	0.0007376446995
819	0.000755462122
820	0.002024513621
821	0.0001288320691
822	0.001502279295
823	0.001588923824
824	0.000618275769
825	0.002012985301
826	0.002161954053
827	0.001709666245
828	0.0003908543779
829	0.001315338951
830	0.0002751958916
831	0.0004689964825
832	0.002102178026
833	0.001034152967
834	0.0002243339857
835	0.0007451915233
836	0.0005491488406
837	6.799668415e-05
838	0.0005750644485
839	0.001624883559
840	0.001627538704
841	0.001242508076
842	0.0008078919601
843	0.01371388477
844	0.0002780728402
845	0.0009883179086
846	0.001309204614
847	0.0006066277726
848	0.0004224488858
849	0.0001264668569
850	0.0007171930678
851	0.0001672816462
852	0.0007457498124
853	0.001258906209
854	0.001298680612
855	0.0002048587353
856	8.330926564e-05
857	0.0002930397848
858	4.653447493e-05
859	0.0001450337014
860	0.001444570054
861	7.795238331e-05
862	0.001783409598
863	0.001584637728
864	0.00159993208
865	0.0002116264862
866	0.0009071029221
867	0.0003636524208
868	6.353225912e-05
869	0.0007479370255
870	0.001932360228
871	0.001317343001
872	1.151755307e-06
873	7.284201557e-05
874	0.001100382368
875	0.001482626596
876	0.0003141138059
877	0.001386084228
878	0.001649432424
879	0.001277732429
880	0.001518043719
881	0.00707309488
882	0.005543117091
883	0.01198234109
884	0.002433421284
885	0.00151237572
886	0.01118499807
887	0.002002272075
888	0.001380358282
889	0.001876866086
890	0.0006683484806
891	0.0009720709362
892	0.002313290725
893	0.0002037814508
894	0.0008816024378
895	0.002058483513
896	0.002772079867
897	0.0008383041417
898	0.0005392256405
899	0.0002017720187
900	0.006219560672
901	0.0001815108877
902	0.000399097058
903	0.0009116689465
904	0.0002913915548
905	0.002899821765
906	0.0006223650254
907	0.001133099668
908	4.32079073e-05
909	0.0002939695819
910	0.001302806349
911	0.001293393967
912	0.0009708283851
913	0.009470361596
914	0.001289135392
915	0.001160832927
916	0.00165461901
917	0.0007223869158
918	0.0006264753494
919	2.086799264e-05
920	0.0001189721193
921	7.302867131e-05
922	0.01055181754
923	0.01722392976
924	0.004615798874
925	0.001909573056
926	0.0003800331476
927	0.0005304691527
928	0.005483210579
929	0.001000680741
930	0.001031038026
931	0.00052809179
932	5.887143933e-05
933	0.007576785602
934	0.001979288564
935	0.002292965009
936	0.0002225397398
937	0.0008614596779
938	0.0005786892746
939	0.0007785851845
940	0.0001310076084
941	0.001950487875
942	0.001262236115
943	0.001215665887
944	0.00107059323
945	0.002340104385
946	0.004907189807
947	5.830565942e-06
948	0.01316878314
949	0.001017308086
950	0.02622804144
951	0.0005622189186
952	0.001815917003
953	0.0001513301689
954	0.001667441882
955	0.00249638773
956	0.000434620272
957	0.0006429547588
958	0.001930696558
959	0.001480412093
960	0.001215532659
961	0.0004467410488
962	0.001816652424
963	0.001951188077
964	0.0009134418567
965	0.0002523325704
966	0.001291745189
967	0.0001121212587
968	0.000173534746
969	0.0007984208601
970	0.001009500805
971	0.0006983837268
972	0.0005243242655
973	0.00282145352
974	0.0008272660597
975	0.0003448467538
976	0.001838777588
977	0.0009316793807
978	0.0009703677564
979	0.00302579985
980	0.0008879768281
981	0.002923732205
982	0.002877637622
983	0.0001738047058
984	0.007587311788
985	0.00111170002
986	0.0009761776969
987	0.0009343670477
988	0.0006349241739
989	0.0001669431821
990	0.0005284275899
991	0.0010316587
992	0.009866030923
993	0.0001049194735
994	0.003294259166
995	0.0007700573352
996	0.001226258853
997	0.001443559969
998	0.001281485558
999	0.0009043988287
1000	0.0002071124384
1001	0.0008708601988
1002	0.002502976294
1003	0.0003113203543
1004	0.0002623195611
1005	0.0001478277923
1006	9.286743029e-05
1007	0.003179307603
1008	0.0003341430845
1009	0.0008093872737
1010	0.001667578895
1011	0.0005528468269
1012	0.001538156767
1013	0.0001655513993
1014	0.001253680152
1015	0.002975158555
1016	0.000553857613
1017	0.0005840473617
1018	0.000757273681
1019	3.438061387e-05
1020	0.0002104115329
1021	0.001224318934
1022	0.0008926217694
1023	0.002013548612
1024	0.0006657720275
1025	0.0005257445135
1026	0.0001820911132
1027	0.003358385392
1028	0.001310964724
1029	0.001570790261
1030	0.0003932227511
1031	0.001377166965
1032	0.001768932086
1033	0.001484257132
1034	0.001050019346
1035	0.0005521300011
1036	0.001171117268
1037	0.0006841595651
1038	0.007452740532
1039	0.001167034619
1040	0.0004485802101
1041	0.001288615152
1042	0.002842511054
1043	0.0009966363108
1044	0.0007561712651
1045	0.003080479726
1046	0.0008656647636
1047	0.0003398045444
1048	0.0005427739537
1049	0.0108253138
1050	0.0005609048476
1051	0.001050317676
1052	0.0009823384511
1053	3.834189358e-05
1054	0.0006180373777
1055	0.0003457362055
1056	0.001488008337
1057	0.0002512956754
1058	0.001217718215
1059	0.0004889047864
1060	0.0009107334687
1061	0.000825952104
1062	0.01356093633
1063	0.0004759860202
1064	0.001807547937
1065	0.001838118842
1066	0.0006332148226
1067	0.0002061264796
1068	0.0004601302843
1069	0.0006270037712
1070	0.002817656305
1071	1.990840798e-05
1072	0.001032463118
1073	0.0007053143295
1074	0.0007637338316
1075	0.001491655542
1076	6.581998891e-05
1077	0.0005856687226
1078	0.0003837966387
1079	0.000316749759
1080	0.0002512419136
1081	0.0002075031221
1082	0.0001730754836
1083	0.0002633260942
1084	0.001728376629
1085	0.006284219344
1086	0.002247544951
1087	0.000460340489
1088	0.0003680402388
1089	0.0005270964193
1090	0.0006230437077
1091	0.001461554345
1092	0.001449093402
1093	0.00199149403
1094	0.000116333901
1095	0.001130236584
1096	0.001313223651
1097	0.001146867895
1098	0.002078173249
1099	0.002775026715
1100	0.0001649602352
1101	0.002294684664
1102	0.000559118064
1103	0.0007275034476
1104	0.002888508579
1105	0.0003166817311
1106	1.659906522e-06
1107	0.0006550672496
1108	0.0005870804599
1109	0.001231732821
1110	0.0002616194823
1111	0.008076095489
1112	0.0009808398653
1113	0.004921323164
1114	0.0002868862691
1115	0.00185623446
1116	0.001158663877
1117	0.0009132345205
1118	0.0005939385945
1119	0.0001191133821
1120	4.771702881e-05
1121	0.0004051210686
1122	0.001455519592
1123	0.0007896803245
1124	0.00784780919
1125	0.0005329962079
1126	0.001006848292
1127	3.048225642e-05
1128	0.0007131229318
1129	0.001020533356
1130	0.0002473936695
1131	0.002341173208
1132	0.0004727482574
1133	0.004976116921
1134	0.0009220195965
1135	0.000869175132
1136	0.001281138468
1137	0.0009032992217
1138	0.0009804648131
1139	0.005025916284
1140	0.0001440248749
1141	0.002047242325
1142	0.0003066240627
1143	0.001083934949
1144	0.0004700557506
1145	3.647475164e-05
1146	0.0007730196725
1147	0.000975784642
1148	0.000167824746
1149	0.0008646387953
1150	0.02013398591
1151	9.266063239e-05
1152	9.121517447e-05
1153	0.002666540871
1154	0.0001461689998
1155	0.0002624381445
1156	0.001403512145
1157	0.00115302598
1158	0.002393021376
1159	0.0004020168105
1160	0.0009074926233
1161	0.005407872351
1162	0.0009801678145
1163	0.001022460274
1164	0.001378648866
1165	0.01780747584
1166	0.002274641253
1167	0.0007066133966
1168	0.001170386097
1169	0.0007137044812
1170	0.0007820271126
1171	0.001322986125
1172	0.0008690097784
1173	8.471859762e-05
1174	0.0001917878815
1175	0.0003723490985
1176	0.0002770039082
1177	0.0003852126737
1178	0.009953118699
1179	0.000420871034
1180	0.0005198773072
1181	7.610306549e-06
1182	0.00177891492
1183	0.0003307609912
1184	0.0006058176875
1185	0.000431397478
1186	0.000849972785
1187	0.0007062357645
1188	0.0002293315629
1189	0.0002052275945
1190	6.678173977e-05
1191	0.0005436207977
1192	0.001500909904
1193	0.001551473736
1194	0.0008998516033
1195	0.001262603104
1196	0.009644105484
1197	0.001924822587
1198	0.001341874744
1199	0.002071186972
1200	0.001103519084
1201	0.001041134945
1202	0.001034369002
1203	0.003402393614
1204	0.003619833933
1205	0.001332226224
1206	0.0005004676498
1207	8.445610779e-05
1208	0.0002442931709
1209	0.001065762494
1210	0.0005716432195
1211	0.001675713304
1212	0.003796602925
1213	0.009740690129
1214	0.002823936236
1215	0.0003840434684
1216	0.01326715143
1217	0.000578125885
1218	0.00193411454
1219	0.001951192748
1220	0.0005282206883
1221	0.006299273112
1222	0.001442764787
1223	0.0002911713412
1224	0.0005556555292
1225	0.0004268669328
1226	0.0001135539308
1227	0.001491190602
1228	9.081102754e-05
1229	9.690106505e-05
1230	0.0008401506046
1231	0.0004151251997
1232	0.000416928875
1233	0.002460722063
1234	0.001770244754
1235	0.0005322132453
1236	0.001101205901
1237	0.0005457711734
1238	0.0006078397621
1239	0.0006627882492
1240	0.001220107082
1241	0.0003351063324
1242	0.000710753301
1243	0.002068876515
1244	0.0006452597475
1245	0.0003741805498
1246	0.0005006227191
1247	0.001292351338
1248	0.0001321741444
1249	0.001709754699
1250	0.002003124065
1251	0.003501913427
1252	0.0004820409781
1253	0.0007123432606
1254	3.919814205e-05
1255	0.0004719246663
1256	0.0008622945291
1257	0.0008554431616
1258	0.0006377685067
1259	0.002298781116
1260	0.001353898624
1261	0.001194576519
1262	0.001119453331
1263	0.000436499617
1264	0.0003721504497
1265	0.000823683749
1266	0.000362820593
1267	0.000133161967
1268	0.001071335877
1269	0.0001084880434
1270	0.0007067405785
1271	0.0009055674487
1272	0.001270977153
1273	0.001884713225
1274	0.0008588807542
1275	2.074433835e-05
1276	0.0006729176304
1277	0.003154043637
1278	0.0006730112831
1279	0.002306276613
1280	0.000793982689
1281	0.0002375001506
1282	0.0008603707531
1283	0.001152544801
1284	0.001834365083
1285	0.0006687820749
1286	0.0001079378769
1287	0.0008502063635
1288	4.377010983e-05
1289	0.0009970569264
1290	0.0006594668729
1291	0.001053826464
1292	0.00154795963
1293	0.0007899658258
1294	0.0006608623267
1295	0.0002666343522
1296	9.036309215e-06
1297	0.0004185399923
1298	1.469983862e-05
1299	0.0001511655235
1300	0.001160170114
1301	0.0008156203885
1302	0.0008967852949
1303	0.001603482312
1304	0.0003894079961
1305	6.663855444e-05
1306	0.000221690658
1307	0.0001860804119
1308	0.001147053736
1309	0.0002550648988
1310	0.008149566292
1311	0.000145326338
1312	0.0004228464601
1313	0.0009211282225
1314	0.0006279389993
1315	0.0004950526656
1316	0.0003398204202
1317	5.31099288e-05
1318	0.002579272309
1319	0.0005762565807
1320	0.0002546341581
1321	0.0003044787574
1322	0.0002001476846
1323	0.0001918609828
1324	0.0001495668945
1325	0.0002369172035
1326	0.001156313571
1327	0.0002534113143
1328	0.0005404903965
1329	0.000867728326
1330	0.0002122878922
1331	0.001569508126
1332	0.0007656670838
1333	0.001503920746
1334	0.0007476655159
1335	0.0009348170869
1336	0.001375869575
1337	0.01977963421
1338	0.0007296573795
1339	0.001461683816
1340	0.0008886234638
1341	0.0004839989374
1342	1.260923411e-05
1343	0.0003919198912
1344	0.0004892501408
1345	0.001371607081
1346	0.0003756352332
1347	0.0003180175784
1348	0.0001931307754
1349	0.0001457553908
1350	0.0006383218395
1351	0.001072885441
1352	7.954135913e-05
1353	0.0002360875592
1354	0.0008358783225
1355	0.0006244490255
1356	0.000544574825
1357	0.0005352974103
1358	0.0004060194601
1359	0.0005755893943
1360	0.000273021264
1361	0.000608115945
1362	0.001088922303
1363	0.0003526181166
1364	0.0004262564498
1365	0.0001364171895
1366	0.000122982685
1367	0.0007708452804
1368	0.001189925916
1369	0.0005345140276
1370	0.0004115702932
1371	0.002027563804
1372	0.001106304126
1373	0.001257879156
1374	0.0008205338999
1375	0.000264619259
1376	0.0002539138314
1377	0.000491291971
1378	0.000367953033
1379	8.54641985e-05
1380	5.023715444e-05
1381	0.0008807376212
1382	0.001402882584
1383	0.0002209591689
1384	0.0008941783786
1385	0.0009602021115
1386	1.7510356e-07
1387	0.001631196603
1388	0.001131816431
1389	0.0007062311459
1390	0.000971172143
1391	0.002348068146
1392	0.0006318383699
1393	0.001826453833
1394	0.001886295492
1395	0.0003388086199
1396	0.001006871019
1397	0.001140350791
1398	9.887888499e-06
1399	0.0002668466414
1400	0.0006272635731
1401	0.0007474985573
1402	0.001374601843
1403	0.003033467377
1404	0.0008689388968
1405	0.0002397210736
1406	0.0009783795346
1407	0.001543526111
1408	0.0006659039176
1409	0.0003923939086
1410	5.45471995e-05
1411	0.001090049036
1412	0.001035877228
1413	0.005319459374
1414	0.0004485058868
1415	0.0004706219787
1416	0.0009978903655
1417	0.0002823484802
1418	0.001177848686
1419	0.002777984949
1420	0.001202593547
1421	0.000718410039
1422	0.0005660414365
1423	0.001274232897
1424	0.0003723566655
1425	0.0006600113168
1426	0.00523448668
1427	0.0009633042489
1428	1.18647502e-05
1429	0.001378274013
1430	9.983951266e-05
1431	0.0002933976132
1432	0.0004273586428
1433	0.001076188511
1434	0.0004427677975
1435	0.0008083712199
1436	0.000281120154
1437	0.0002433614832
1438	8.837077361e-05
1439	0.0009302918598
1440	0.0007014899802
1441	0.0002567402269
1442	0.01920245412
1443	1.384118782e-05
1444	0.0005792877301
1445	0.0009714473726
1446	0.001923582345
1447	6.491294076e-05
1448	0.0008030220271
1449	0.0005530839164
1450	0.001295412076
1451	0.0002084372943
1452	0.0002565057186
1453	7.024260071e-05
1454	0.005605983319
1455	0.0004514564272
1456	0.0001908574711
1457	0.000830409655
1458	0.001636983469
1459	2.306344968e-05
1460	7.175858004e-06
1461	0.001106849917
1462	0.001254188078
1463	0.0009905311176
1464	0.000648802182
1465	0.0003405879439
1466	0.0008517840346
1467	0.0033709726
1468	0.001017519196
1469	0.000546583607
1470	0.006769339585
1471	0.001793974069
1472	0.0005446806728
1473	0.0008691653181
1474	0.001290093466
1475	0.0001696042109
1476	0.001111882899
1477	0.000565695079
1478	0.0002847494452
1479	0.0004824567344
1480	0.001808514909
1481	0.001741164483
1482	0.0001120122465
1483	0.0008265638682
1484	1.148894627e-05
1485	0.0003526658222
1486	6.038295074e-05
1487	0.0007225476121
1488	0.0005498595226
1489	0.0008030569648
1490	0.004271637864
1491	0.001095390681
1492	0.002354224873
1493	0.00328483793
1494	0.001591042643
1495	0.001473604681
1496	0.001096743999
1497	0.0002430073834
1498	0.001136289462
1499	7.875995914e-05
1500	0.0002895728964
1501	0.006784925502
1502	6.526146111e-05
1503	0.0003199293648
1504	0.0007323184922
1505	0.001963578882
1506	0.01085615687
1507	0.0001683447474
1508	6.68060644e-05
1509	0.0008140276777
1510	0.0005971524414
1511	0.001389117807
1512	0.001144996682
1513	0.0009924608088
1514	0.001759357641
1515	0.0003764778229
1516	0.0008359658069
1517	0.0006660035643
1518	0.001891711916
1519	0.00027178865
1520	0.001154006105
1521	0.0002225424311
1522	0.002297967984
1523	0.00319082182
1524	0.0003260794517
1525	0.001124996391
1526	0.001156314255
1527	0.001231008959
1528	0.0005620275979
1529	0.001875723377
1530	0.002433628569
1531	0.001152044608
1532	6.378229277e-05
1533	0.001719319093
1534	0.001761563092
1535	0.002038580972
1536	0.000536388382
1537	0.0007698609691
1538	0.0009808757526
1539	0.000227667852
1540	4.964697741e-05
1541	0.001047256104
1542	0.0007289341897
1543	0.001723108366
1544	0.001125344308
1545	0.001307196857
1546	3.303314382e-05
1547	0.0005586165951
1548	0.0007415896638
1549	0.01076861359
1550	0.003923252639
1551	7.369543932e-05
1552	0.001841197726
1553	0.02453504787
1554	0.001093811773
1555	0.0002778166426
1556	0.000775939093
1557	0.0006747997117
1558	0.000259128582
1559	0.0007136529133
1560	0.001494137736
1561	0.001101665459
1562	0.001192640427
1563	0.000472814841
1564	0.00157442172
1565	0.0006012438113
1566	0.0005764789175
1567	0.002492717075
1568	0.0009728763919
1569	8.362405504e-05
1570	0.001348061231
1571	0.0003211754322
1572	0.01241858496
1573	0.001972381494
1574	0.0005805164203
1575	0.01444889697
1576	0.00025789095
1577	0.0007065069238
1578	0.002040451249
1579	0.008584167085
1580	0.0002938398461
1581	0.0002420762348
1582	0.001338083215
1583	8.369388933e-05
1584	0.0005901379634
1585	0.0003063261833
1586	0.001297244669
1587	0.001092512478
1588	0.0008439496983
1589	0.0002654318841
1590	0.0009641690645
1591	0.0006192052608
1592	0.001772575109
1593	0.0002578455743
1594	0.0009013390734
1595	0.0009675843413
1596	0.01755328134
1597	0.0009847740902
1598	0.0005917855219
1599	0.0007086074962
1600	0.001842407032
1601	0.001192629308
1602	0.0004372774094
1603	0.002401978342
1604	0.0007430268802
1605	0.001345943194
1606	0.00127669426
1607	0.0004747524075
1608	0.002374336192
1609	0.001955726279
1610	0.000499275588
1611	0.002321439961
1612	0.0003963362939
1613	0.0002475433548
1614	0.001386787201
1615	0.0003739086482
1616	0.002792520727
1617	0.001445208438
1618	0.0002180014496
1619	0.002025002783
1620	0.0005226331365
1621	0.0006319182078
1622	8.982831399e-05
1623	0.0009798051154
1624	0.001340980995
1625	0.0004310119164
1626	0.00183903966
1627	0.0005503914997
1628	0.001909663868
1629	0.0004540532792
1630	0.0001038362711
1631	0.0009309076011
1632	0.0006089532768
1633	0.0008079990971
1634	0.0006358488565
1635	9.368227581e-05
1636	0.001811720823
1637	0.00108227127
1638	0.0006638083351
1639	0.0008913138163
1640	0.0004890391457
1641	0.001144891815
1642	0.0009296285607
1643	0.00155005221
1644	0.0003447155939
1645	0.008647489849
1646	0.0004117267589
1647	0.0002605337592
1648	0.0005499234077
1649	0.0008712638877
1650	0.00924542078
1651	0.0001673020702
1652	7.014527661e-05
1653	0.001344504552
1654	0.001778464888
1655	0.001192654754
1656	0.000663447276
1657	0.001112072556
1658	0.000245998661
1659	0.0006816367075
1660	0.0002535266055
1661	0.00069063961
1662	0.002743736097
1663	0.01125390375
1664	0.0002853868552
1665	0.001271659226
1666	0.0001096578164
1667	0.0007139956947
1668	0.0003966830052
1669	0.0009945033074
1670	0.002102675885
1671	0.0003975448769
1672	0.0004206564317
1673	0.007210001823
1674	0.0007259382693
1675	0.001175851108
1676	0.000947584984
1677	6.996439361e-05
1678	0.0001713737873
1679	0.00062773195
1680	0.0004202797732
1681	0.0006828873181
1682	0.0003964221828
1683	0.0007215208465
1684	0.0007339964658
1685	0.0002634029968
1686	4.66454881e-05
1687	0.001195562304
1688	3.946483465e-05
1689	0.0005359083196
1690	0.001324073803
1691	0.0009970769818
1692	0.0002308015716
1693	0.0008856206605
1694	0.0006319069668
1695	0.0001074795509
1696	0.0004545905783
1697	0.0008027138202
1698	7.514064018e-05
1699	0.000864147225
1700	0.0005222601486
1701	0.0003451803685
1702	0.0008267913443
1703	0.0007102276461
1704	0.001572814376
1705	0.001080079937
1706	0.0005204724806
1707	0.001290871885
1708	0.0003620634819
1709	0.00100316591
1710	0.0009996807881
1711	0.0003959490479
1712	0.00358015283
1713	0.001272014751
1714	0.001527073455
1715	0.001351114849
1716	0.0003082045758
1717	0.0004609416055
1718	0.000496511768
1719	0.0003674147419
1720	0.0004984478185
1721	0.0001236675076
1722	0.004853145947
1723	0.0008050174142
1724	0.0004152515296
1725	0.000373820512
1726	0.00106946576
1727	0.005185055259
1728	0.0004833307486
1729	0.001076209457
1730	0.009256053405
1731	0.0003106922116
1732	0.0008597228226
1733	7.717465252e-05
1734	0.0002694096861
1735	0.001484377667
1736	0.0005052063718
1737	0.0009813270557
1738	0.0007622267023
1739	0.0001834672088
1740	0.001910361178
1741	0.0003000943921
1742	0.001140840794
1743	0.000730346819
1744	0.0009605398395
1745	0.0155309817
1746	0.002268818785
1747	0.002129411826
1748	0.002038473058
1749	0.001483317507
1750	0.001718008431
1751	0.0003924413518
1752	4.796311299e-05
1753	0.0001212892177
1754	0.001534228945
1755	0.001228433765
1756	0.0006912710351
1757	0.0001273341261
1758	8.614641426e-05
1759	6.816748809e-05
1760	0.000280335113
1761	0.000925821108
1762	0.0002063119668
1763	0.004062001559
1764	0.00205135366
1765	5.195948279e-05
1766	0.01113724323
1767	0.001687445278
1768	0.001314907454
1769	0.0002918439267
1770	0.001953155923
1771	0.0003167928874
1772	0.0007602936077
1773	0.0001741600321
1774	0.006542165909
1775	0.0001955252082
1776	0.0001067719657
1777	0.000111323901
1778	0.0001867937451
1779	0.0009886134814
1780	0.003017958121
1781	0.0009794680588
1782	0.000167901662
1783	0.0004376166587
1784	0.0001480540664
1785	0.02869849146
1786	0.000403223642
1787	0.001402095175
1788	0.002355099819
1789	0.002198030972
1790	0.003252031181
1791	0.000929328029
1792	0.0001260382963
1793	0.000431230317
1794	0.00370976115
1795	0.001276136133
1796	0.008509284666
1797	0.0008841183109
1798	0.0009387872158
1799	0.0001023248765
1800	0.0007799011563
1801	0.0004664623278
1802	0.0004744221402
1803	0.0001755951337
1804	0.0003402595115
1805	0.001978333275
1806	0.0003752097835
1807	0.0006848800714
1808	0.000707674224
1809	0.008628207228
1810	0.0001939457691
1811	0.002526332394
1812	0.001151840334
1813	0.002218482853
1814	0.0006075071717
1815	0.0002923648438
1816	0.0008971285963
1817	0.001666350713
1818	0.001501037923
1819	0.000579690796
1820	0.001412869458
1821	0.0007967196281
1822	0.001975078666
1823	0.0008121388768
1824	0.0002264678609
1825	0.002815334576
1826	0.01470429585
1827	0.001724911711
1828	0.0005019643994
1829	0.0005593656764
1830	0.0003022799019
1831	0.004467591084
1832	8.145904724e-05
1833	0.002028912914
1834	0.000542062958
1835	0.008613037979
1836	0.0007525999756
1837	0.0005956023689
1838	0.000164319469
1839	0.002603960539
1840	0.0009266966043
1841	0.0002122913288
1842	0.001266940678
1843	0.0007149003026
1844	0.003635191143
1845	0.001805207118
1846	0.0002015842234
1847	0.0009626449984
1848	6.098522168e-05
1849	0.0003612937293
1850	0.002371184494
1851	0.0002387121865
1852	0.0003132261437
1853	0.0008063656381
1854	8.834974687e-05
1855	0.0005304463727
1856	0.004563321777
1857	0.0009603464878
1858	0.009031148215
1859	0.0001616008177
1860	0.0008306657362
1861	0.001360656265
1862	0.0003578647076
1863	0.001935061068
1864	0.008277163023
1865	2.56976127e-05
1866	0.001189392763
1867	0.0004686394708
1868	0.0002311365701
1869	0.002553757317
1870	0.0005311440869
1871	0.0003397565354
1872	0.0007765064621
1873	0.002451544324
1874	0.0001093666194
1875	0.0004917843157
1876	0.001570575227
1877	0.0004215000842
1878	0.0009784135079
1879	0.00196043851
1880	0.001317795655
1881	0.001696033503
1882	0.0003291169762
1883	0.0004394897371
1884	0.001046580743
1885	0.0003612073315
1886	0.003003038223
1887	0.0003860000514
1888	0.0002381432964
1889	0.001149551367
1890	0.0008352432282
1891	0.0004560093887
1892	0.001136361046
1893	0.001453302167
1894	0.0009849229741
1895	0.0005864978735
1896	0.0002667463181
1897	0.00132326308
1898	0.0008327035447
1899	0.0004941064673
1900	0.0003258575609
1901	0.002312975226
1902	0.001204482067
1903	0.0001533909937
1904	0.0005802836449
1905	0.0006567165145
1906	0.0002768661361
1907	0.0005486305416
1908	3.841345349e-05
1909	0.002806572768
1910	0.0002232423455
1911	0.0004110720302
1912	0.000107426752
1913	0.0003167237211
1914	0.00213240565
1915	0.0004248377572
1916	0.0007735716582
1917	0.0003426895342
1918	0.001434136891
1919	0.0003779272087
1920	0.0007571299399
1921	2.891827097e-05
1922	0.0001819618333
1923	0.001485915809
1924	0.001240066579
1925	0.0007775248884
1926	0.002382430212
1927	0.0007460618405
1928	0.001921203922
1929	3.076071651e-06
1930	0.0009470103444
1931	0.0005936126794
1932	0.0004562409073
1933	0.001090902057
1934	0.00110814384
1935	0.0003633175117
1936	0.0004613656482
1937	0.0005157573553
1938	0.0002972131793
1939	5.006531785e-05
1940	0.01039308132
1941	0.003904979627
1942	4.654858631e-05
1943	0.001116143353
1944	0.0006767754091
1945	0.0006927518351
1946	0.001743345991
1947	0.001661733709
1948	0.0004646268624
1949	0.001200401969
1950	0.0002716354981
1951	0.0008416766498
1952	0.0001157528279
1953	0.0002488012337
1954	0.01095037013
1955	0.001427763779
1956	0.0007207946833
1957	0.001498431358
1958	0.0006360706475
1959	0.0002380502157
1960	0.0008815247144
1961	0.0005748270048
1962	0.0002303234612
1963	0.01563865298
1964	0.001598341492
1965	0.0002674504293
1966	0.001094452849
1967	0.001080423341
1968	0.001227609931
1969	0.0009452598604
1970	0.0001446316631
1971	0.0006931531602
1972	0.0004734223579
1973	0.0007294490814
1974	0.0004244216275
1975	0.001381358903
1976	4.850166272e-05
1977	0.0007690357225
1978	0.0003559717488
1979	0.0001421278992
1980	0.001870415508
1981	0.005467129662
1982	0.0003232930829
1983	0.001010135611
1984	0.0006677946339
1985	0.0003487028468
1986	4.289477334e-05
1987	0.001714545535
1988	0.002207815848
1989	0.0002435497577
1990	0.0001327530443
1991	0.0003470389394
1992	0.0005941914249
1993	6.598598711e-05
1994	0.00385608354
1995	0.0004662408364
1996	0.0005649077717
1997	0.004120496833
1998	0.002774980565
1999	0.0001777548532
2000	0.001099680765
2001	0.00386842419
2002	0.0006116006916
2003	0.001466171213
2004	0.0006789168498
2005	0.001163100961
2006	0.001395359197
2007	0.0003460134769
2008	0.0002111205589
2009	0.0006917279709
2010	0.001998394253
2011	0.0002290474955
2012	0.0006017146907
2013	0.0002217132224
2014	0.0001546915592
2015	0.001958810415
2016	0.000829184294
2017	0.006778374586
2018	0.0003911973599
2019	0.0009506437169
2020	8.027884448e-05
2021	0.001001745147
2022	0.0006332280677
2023	0.001613154373
2024	0.000856997469
2025	0.001709646047
2026	0.001209504772
2027	0.001052526157
2028	0.0003405542395
2029	0.001602015391
2030	0.0001250648137
2031	0.001126234267
2032	0.0004163276336
2033	0.0003816471723
2034	0.0001683861652
2035	0.0004207205021
2036	0.000416316691
2037	0.0007257270848
2038	0.0003677067498
2039	0.005364458601
2040	0.0006200777716
2041	0.001103451603
2042	0.001651634111
2043	0.0003381625085
2044	0.000291388419
2045	0.001838607799
2046	0.0001873561249
2047	0.001496982612
2048	0.0007437573523
2049	0.0002985063038
2050	0.001117348792
2051	0.0004622287911
2052	0.003105451847
2053	0.0002122411009
2054	0.001534581133
2055	0.0008354236113
2056	0.0009009851493
2057	0.0006571152632
2058	0.001006849339
2059	0.0001933599126
2060	0.0007600531066
2061	0.0008752626484
2062	0.0001400587678
2063	0.0006531787311
2064	7.491157414e-05
2065	0.001618396246
2066	0.0007713791008
2067	0.001282713679
2068	0.006008017652
2069	0.0009227140417
2070	0.01102404942
2071	0.002228783889
2072	0.009567606569
2073	0.005924699452
2074	0.001169896286
2075	0.0279065622
2076	0.000846097602
2077	0.0002684105056
2078	0.002231646672
2079	0.0006099338091
2080	0.0003904521448
2081	0.0001103448093
2082	0.004797423313
2083	0.008071876468
2084	0.0002294464007
2085	0.0004434919958
2086	0.007308447881
2087	0.0007877087917
2088	0.001485873
2089	0.0002232985063
2090	3.585212496e-05
2091	0.002904830774
2092	0.0005286584485
2093	0.007167298564
2094	0.0009863243624
2095	0.0007143666218
2096	0.0008111740763
2097	0.001951617657
2098	0.001807938719
2099	0.0142813388
2100	0.02165584731
2101	0.001019089853
2102	0.0002414850367
2103	0.0016127497
2104	0.001106273933
2105	0.002178046988
2106	0.001910209802
2107	0.001093738368
2108	0.005871495558
2109	0.001892542044
2110	0.002209747113
2111	0.001137544689
2112	0.01413907105
2113	0.002128067497
2114	0.001128420238
2115	0.0002922826047
2116	0.0005714695817
2117	0.0005067593945
2118	0.0007656841879
2119	0.001411180959
2120	0.01009715802
2121	0.0004561744557
2122	0.01156460006
2123	0.0002836694579
2124	0.0003316610806
2125	0.0001356070897
2126	0.0005113256879
2127	0.0009279453354
2128	5.132591622e-05
2129	0.01853116913
2130	0.003192437164
2131	0.005649458734
2132	0.003164077627
2133	0.0005870058291
2134	0.001262925981
2135	0.00039791337
2136	0.001122585006
2137	0.007138040362
2138	0.007836507793
2139	0.0005146054892
2140	0.0004314517549
2141	0.002740409767
2142	0.001935454141
2143	0.001104303237
2144	0.0001322229415
2145	0.01677726704
2146	0.008420604541
2147	0.005571136579
2148	0.002241351538
2149	0.002463852585
2150	0.001290781979
2151	0.005942807245
2152	0.001083850518
2153	0.005317925452
2154	0.01467363535
2155	0.006175789108
2156	0.006369553358
2157	0.003356681963
2158	0.0008276120611
2159	0.0004754980984
2160	0.001237147464
2161	0.01139417314
2162	0.0002488035115
2163	0.001828593032
2164	0.000346695016
2165	4.008551999e-05
2166	0.0004639543241
2167	0.0003641129113
2168	0.01408939506
2169	0.005559495375
2170	0.003335625962
2171	0.0002040939881
2172	0.001085664815
2173	0.001317797015
2174	0.0007368154188
2175	0.001425230211
2176	0.002056059528
2177	0.001297589462
2178	9.691227954e-05
2179	0.0001618650394
2180	0.001289075622
2181	0.001065670813
2182	0.001292438906
2183	0.001329481739
2184	0.0001783274812
2185	0.0001652185519
2186	0.0005198516168
2187	0.0007738348923
2188	0.002398793874
2189	0.0002378077507
2190	8.380295719e-05
2191	0.001004203975
2192	0.0001021816385
2193	0.0004752684129
2194	0.001578500776
2195	0.000627596601
2196	0.0001523605355
2197	0.0004573684743
2198	0.0139844255
2199	0.0005539002508
2200	5.152059479e-05
2201	0.0001569644526
2202	0.0007317976535
2203	0.0001858424343
2204	0.0006801280495
2205	0.0001096036106
2206	0.006566083589
2207	0.0004819456542
2208	0.0004247530304
2209	0.0001691113186
2210	2.854408879e-05
2211	0.0004186633984
2212	0.001042604808
2213	0.02191055845
2214	0.0002320738475
2215	0.001510544963
2216	0.001304976139
2217	0.002091171044
2218	0.0001759890474
2219	0.001920887059
2220	0.0004824960116
2221	0.001241821395
2222	0.00582473866
2223	0.001657241569
2224	0.001130192147
2225	0.0008170676222
2226	0.002916564454
2227	0.000269831844
2228	0.002076542564
2229	0.00112356086
2230	0.000628821477
2231	2.160241711e-05
2232	0.001058984057
2233	0.0001667874805
2234	0.0001352624075
2235	0.0004321272419
2236	0.001712164404
2237	0.0014476369
2238	0.000100205307
2239	0.0001722298265
2240	0.00176131747
2241	0.0005720133703
2242	0.0004417216007
2243	0.0001474927025
2244	0.001474935285
2245	0.0006653870854
2246	0.003149426315
2247	0.0006208606651
2248	0.00104519847
2249	0.0003477294215
2250	0.001635519573
2251	0.0004195009545
2252	0.00164582599
2253	0.001963425923
2254	0.001532731829
2255	0.002424821679
2256	0.0005279320154
2257	0.0008103320735
2258	0.0009698836962
2259	0.003891061338
2260	0.002072119056
2261	0.001391232603
2262	5.157731913e-05
2263	0.0005583264879
2264	0.003495064184
2265	0.000711003912
2266	0.0004504590919
2267	0.0001067411789
2268	0.001373544418
2269	0.001713032552
2270	0.001522844065
2271	0.002039287565
2272	0.001068207171
2273	0.0005613802401
2274	0.0005137459425
2275	0.006559282171
2276	0.005814000469
2277	0.0008565902048
2278	0.001673139037
2279	0.0005810970433
2280	0.0008799541465
2281	0.002674039504
2282	0.0004537905682
2283	0.0005553891885
2284	0.0007458350548
2285	0.0002266370412
2286	0.000402143244
2287	0.001412899774
2288	7.967747693e-05
2289	0.0005589640591
2290	0.0001007310592
2291	0.0004107281231
2292	0.001145882695
2293	0.000782013778
2294	0.001283646332
2295	0.001029545798
2296	0.0001821285404
2297	0.0006672058248
2298	0.0002899402179
2299	0.0007632262313
2300	0.001106056297
2301	0.00234964013
2302	0.001038101288
2303	0.001013230156
2304	0.002139453795
2305	0.0001816764594
2306	0.001092310787
2307	0.0005461037824
2308	0.001144279691
2309	0.0006900556863
2310	0.0003950255876
2311	0.0009404908927
2312	0.001019087388
2313	0.0001580842503
2314	0.0001098651492
2315	0.002182709034
2316	1.577579636e-05
2317	0.001113435549
2318	0.0006255825142
2319	0.001660905566
2320	0.001283706281
2321	0.0003327941587
2322	0.000746109141
2323	0.0003136272179
2324	0.001091326606
2325	0.00103729982
2326	0.0002085472919
2327	0.001567200765
2328	0.0007072405777
2329	0.001154057511
2330	0.0003350072814
2331	1.206510737e-05
2332	0.001346715752
2333	0.0006953848766
2334	0.0005706881982
2335	0.0008334803972
2336	0.0007230452518
2337	0.0007164921586
2338	0.001631852011
2339	0.001426880947
2340	4.252135537e-05
2341	0.0001356290654
2342	0.0004439722355
2343	0.0002681939703
2344	0.0008062932475
2345	0.0006671236147
2346	0.00114714621
2347	0.0001146648553
2348	0.001423057651
2349	0.001653227182
2350	0.001138575059
2351	0.001556832023
2352	0.0009498699306
2353	0.0006017130134
2354	0.0009132672785
2355	0.001937292692
2356	0.0006149470066
2357	0.0004606167304
2358	0.0009988729906
2359	0.0002753627773
2360	0.001881057948
2361	0.001541309095
2362	0.0006473742474
2363	0.00074557978
2364	0.0002997902699
2365	0.001203311886
2366	0.0002030608892
2367	0.0004386435113
2368	0.000150110166
2369	0.01780751143
2370	0.0002205343889
2371	0.0009120805583
2372	0.0001087209158
2373	0.0008245289309
2374	0.0002374399978
2375	0.001013959709
2376	0.0006163066366
2377	0.000568880753
2378	0.0001408424451
2379	0.001141733907
2380	0.001234134714
2381	0.0005323302462
2382	0.0005847740738
2383	0.0005512498356
2384	0.0007305925469
2385	0.001037124245
2386	0.002376687978
2387	0.001083707185
2388	8.23006847e-05
2389	0.00176352999
2390	0.000701203581
2391	0.0009320181064
2392	0.001099650733
2393	0.0003590410463
2394	0.001048424106
2395	0.000267197458
2396	0.0001189804733
2397	0.003228175762
2398	0.00052789809
2399	0.0001194655911
2400	0.001109547712
2401	0.0005637790518
2402	0.0009296778021
2403	0.0006223898564
2404	0.001405783362
2405	0.002539982891
2406	0.0004828410141
2407	0.001228078044
2408	0.0008928458929
2409	0.0005887523848
2410	0.0002866645418
2411	0.001137478446
2412	0.001746406766
2413	0.001377687153
2414	0.0001680670015
2415	0.0006339075908
2416	0.001540709298
2417	3.659465885e-05
2418	0.002192250005
2419	0.001338915967
2420	0.001199121288
2421	8.288395312e-05
2422	0.001382431687
2423	0.002336422952
2424	0.0002160710959
2425	0.0006030937969
2426	0.000651404027
2427	0.0008284259044
2428	0.001104842581
2429	0.0002501753934
2430	0.0005260872187
2431	0.0009800926789
2432	0.007801972929
2433	0.005792302209
2434	0.0007095600345
2435	0.0008524418023
2436	0.001429423939
2437	0.001612400013
2438	0.0009099275331
2439	0.0008938304321
2440	0.00070659556
2441	0.001309411077
2442	0.0004151913509
2443	0.0008335481506
2444	0.001170805214
2445	0.00154730926
2446	9.605036167e-05
2447	0.0004841866319
2448	8.497152759e-05
2449	0.002044526839
2450	0.0005743886674
2451	0.0009201646562
2452	0.001639626298
2453	0.0003489197904
2454	0.00827344561
2455	0.000121444311
2456	0.001761532149
2457	0.0009336480094
2458	0.001377812399
2459	3.054153827e-06
2460	0.0004936918436
2461	0.0004715629788
2462	1.980129598e-07
2463	0.005739168586
2464	0.002354798654
2465	0.0008571660145
2466	0.0001245827641
2467	5.711101867e-06
2468	0.001704453662
2469	1.722746761e-05
2470	0.0004243521292
2471	9.312407852e-05
2472	0.0008784816662
2473	0.0007365360291
2474	0.001118598575
2475	0.001189222113
2476	0.0005221778103
2477	9.966808103e-05
2478	0.0002995260986
2479	0.0001561997559
2480	0.001046459692
2481	0.00479974407
2482	0.0006042136743
2483	3.73272218e-06
2484	0.0005554616099
2485	0.0003016761922
2486	0.001126965067
2487	0.001447669028
2488	0.002023782671
2489	0.0007872324688
2490	0.005770602388
2491	0.001036642486
2492	0.000323665696
2493	0.0003855328139
2494	0.001411258836
2495	0.0009872852882
2496	0.0006517885491
2497	0.0005317083718
2498	0.0005754984924
2499	0.001330810637
2500	0.000448712286
2501	0.000157061268
2502	0.0004563234301
2503	0.0004389163958
2504	0.0002800169995
2505	0.00265389186
2506	0.0007192765405
2507	0.002342406312
2508	0.0004070078362
2509	0.0004895873675
2510	0.0006998460175
2511	0.001467463351
2512	0.0003441182884
2513	0.005194807136
2514	0.001735967669
2515	0.0009548659756
2516	0.0006932249677
2517	0.0003569764733
2518	0.001983985949
2519	0.0006381581525
2520	0.001607615175
2521	0.0002350695165
2522	0.008636683237
2523	0.0005082754211
2524	0.01071801162
2525	0.001910820177
2526	0.009445459703
2527	0.001065436479
2528	0.01043357199
2529	0.001269145439
2530	0.0009201954634
2531	0.003808355987
2532	1.38729542e-05
2533	0.0007104704454
2534	0.0006153767357
2535	0.001603584581
2536	0.005566536918
2537	0.0008186309363
2538	0.001381875697
2539	0.0090901905
2540	0.001923218768
2541	0.0002921335234
2542	0.0005685643471
2543	0.0007210836126
2544	0.002779124124
2545	0.002692821785
2546	0.0008470021615
2547	0.001549683789
2548	0.0001522453116
2549	0.0004112305494
2550	0.001395055812
2551	0.0008159573963
2552	0.001034247561
2553	0.0006354709277
2554	0.001363792373
2555	0.001695213742
2556	0.000943493878
2557	0.0018340436
2558	0.0005399618442
2559	5.477883059e-05
2560	0.0006603852586
2561	0.001404491458
2562	0.0007060722122
2563	0.001412304515
2564	0.003483271438
2565	0.0007052342935
2566	0.0004074041044
2567	0.001019364891
2568	0.000396934232
2569	0.002467409074
2570	5.288273137e-05
2571	4.892386434e-05
2572	0.0008944065995
2573	0.001288526513
2574	0.0001795578461
2575	0.0006261884132
2576	0.001111841078
2577	0.001013723801
2578	7.384458063e-05
2579	0.0003607979655
2580	0.001152688387
2581	0.0006516130104
2582	0.0001204452723
2583	0.0002864114105
2584	0.0007631363289
2585	0.001302196409
2586	0.005251317521
2587	0.001120342679
2588	0.0004413162957
2589	0.001126378418
2590	0.0004412360719
2591	0.0003544546217
2592	0.0006972876965
2593	0.001606461114
2594	0.0005265845977
2595	0.001195022977
2596	0.00134209027
2597	0.0001674789247
2598	0.007619810773
2599	0.0006127786125
2600	0.0007302072684
2601	0.0003511741443
2602	0.0006611921935
2603	0.001111561425
2604	0.001568643721
2605	0.0001722210654
2606	0.01080661728
2607	0.0004743828622
2608	0.001947168308
2609	0.001543405328
2610	0.001408601303
2611	0.001233015907
2612	0.0007091523872
2613	0.0005074352557
2614	0.0001150371415
2615	8.89713916e-05
2616	0.003083845152
2617	0.001782401371
2618	0.0006780536719
2619	0.001083409378
2620	0.0009002425958
2621	0.01176472786
2622	0.01017013952
2623	0.002118234584
2624	0.0005605224679
2625	0.001079421263
2626	0.0006334378139
2627	0.0004942330057
2628	0.000506867238
2629	0.0008954393854
2630	0.0001388051704
2631	0.0004652243646
2632	0.0001000403333
2633	0.001353200009
2634	0.0005261944621
2635	0.002466353163
2636	0.0006273017319
2637	0.001556604242
2638	0.001301607124
2639	3.938194588e-05
2640	0.0003703110159
2641	7.711967189e-06
2642	0.0006841177554
2643	0.000985585805
2644	2.991935252e-05
2645	0.01291405174
2646	0.0002201795773
2647	0.001256375014
2648	0.0005643544057
2649	0.0005158468515
2650	0.002319017855
2651	0.01361142556
2652	0.002742998119
2653	0.003702959049
2654	0.0008692309457
2655	0.0003623732701
2656	0.000167717354
2657	0.001249058234
2658	0.0003767057302
2659	0.001062021496
2660	0.001004285706
2661	0.0003481568405
2662	0.001822037854
2663	0.0007321299782
2664	0.0001157213387
2665	0.0001216275615
2666	0.0004137862305
2667	0.0001124465865
2668	0.0005993995534
2669	0.00354087705
2670	0.0006858168979
2671	0.00182677664
2672	1.281199807e-05
2673	0.001198728822
2674	0.000185440061
2675	0.001224767664
2676	0.00131739337
2677	0.0005494167406
2678	0.0001778089129
2679	0.007064135955
2680	0.0002453220327
2681	0.001331853845
2682	0.0004537876628
2683	0.0002232748609
2684	0.001791781126
2685	0.001931992444
2686	0.000939944459
2687	0.001871945413
2688	0.0004305974663
2689	0.001216297278
2690	0.001739041279
2691	0.0001738414854
2692	0.01701019265
2693	0.001196602397
2694	0.0003433260048
2695	2.00638044e-05
2696	0.001940940355
2697	0.009207565158
2698	0.0008620610421
2699	0.0001878988331
2700	0.01229086064
2701	0.0001735670433
2702	0.001032959756
2703	0.0001133679299
2704	0.001034784772
2705	0.0004187049496
2706	0.001394628006
2707	0.0004878263048
2708	0.0007686607734
2709	0.0009874075004
2710	0.001390765376
2711	0.001487874408
2712	0.001131570215
2713	0.0006477516189
2714	0.01028759499
2715	0.002042926476
2716	0.0001605307796
2717	0.0009473326013
2718	0.001534922964
2719	0.001049738383
2720	0.001451245651
2721	0.001752002474
2722	0.0001288420888
2723	0.001575622849
2724	0.001057275039
2725	0.002527779262
2726	0.0009270858444
2727	0.007075126365
2728	0.0003864325046
2729	0.0005851933717
2730	0.0007834672495
2731	0.001745294072
2732	0.002004345027
2733	0.0006596634237
2734	0.001140361029
2735	0.00125037189
2736	0.0002438875782
2737	0.000314765374
2738	0.01213936463
2739	0.006368847854
2740	0.001245555276
2741	0.02901659135
2742	0.0001878872515
2743	0.001270587617
2744	0.001837593687
2745	0.001684256207
2746	0.0004393469422
2747	0.001411756854
2748	0.001088194833
2749	0.001490668916
2750	0.0007977872156
2751	0.000872257592
2752	0.0003765563328
2753	0.002328480579
2754	0.0004667797355
2755	0.0002544954327
2756	0.0001239160969
2757	0.0003800267185
2758	0.001489783311
2759	0.0003029005056
2760	0.002181810227
2761	0.001177137355
2762	0.0001227342906
2763	0.0001285667643
2764	0.003174785388
2765	0.00758542648
2766	0.0001740974516
2767	0.00019513744
2768	0.00580777284
2769	0.0007882487392
2770	0.001979916816
2771	0.0003980472526
2772	0.002198897749
2773	0.006252115973
2774	0.0006518910227
2775	0.0005087991389
2776	0.0009447376745
2777	0.006603226566
2778	0.001212701813
2779	0.001175971543
2780	0.0001764284573
2781	0.001556149568
2782	5.448036339e-05
2783	0.001042112866
2784	0.004275046099
2785	0.01326872853
2786	0.0004022204348
2787	0.01046848261
2788	0.00249841314
2789	0.001535464946
2790	0.0004303636897
2791	0.001270715767
2792	0.0007021649047
2793	0.0002972440179
2794	0.001197520883
2795	0.0003884410613
2796	0.0005613521516
2797	0.000538025172
2798	0.0006711462318
2799	0.006995453696
2800	0.001960560719
2801	0.0002452386208
2802	0.0009314315135
2803	0.002052549967
2804	0.01225295173
2805	0.01333908264
2806	0.0003967641591
2807	0.000440702218
2808	0.007126964803
2809	0.003566451329
2810	0.0010300316
2811	0.0003020308143
2812	0.0003408766038
2813	0.000112715353
2814	0.0008312796715
2815	0.003465093887
2816	0.0003161470646
2817	0.0003323556719
2818	0.005045173852
2819	0.000489683841
2820	0.009942825693
2821	0.00151360689
2822	0.0002492310008
2823	0.0007987596986
2824	0.0009573039912
2825	0.0003793528159
2826	0.0008568895818
2827	0.0001731548832
2828	0.0006233285393
2829	0.001405131971
2830	4.666435323e-05
2831	0.0002524368632
2832	0.001517359961
2833	0.0001043494841
2834	0.0004176563208
2835	0.005682565018
2836	0.003541108098
2837	0.001193841132
2838	0.003205352296
2839	0.0004331785151
2840	0.01070198522
2841	0.000327871314
2842	0.001234663041
2843	0.001688822575
2844	0.0008229241723
2845	0.0002659503952
2846	0.0007591302254
2847	0.0001671378753
2848	2.641397009e-05
2849	0.003832284822
2850	0.0002743761112
2851	0.0001858336425
2852	5.154940389e-05
2853	0.001625993768
2854	0.0001885072706
2855	2.201447549e-05
2856	0.008128411704
2857	0.0005399586247
2858	0.0009208962487
2859	0.0003293051218
2860	4.97967439e-05
2861	0.000988558411
2862	0.001300421222
2863	0.002376996667
2864	5.865331712e-05
2865	0.001853399616
2866	0.001698363975
2867	0.0002430293686
2868	8.691094956e-05
2869	0.0003542294021
2870	0.0004303538425
2871	0.00020092615
2872	0.0003048254451
2873	0.0003787891777
2874	0.0006053810204
2875	0.001693496242
2876	0.0001196884223
2877	0.0009854703238
2878	0.001075394563
2879	0.0003478849794
2880	0.0002642174707
2881	0.0007800832964
2882	0.001032284673
2883	0.0006822094158
2884	4.532162359e-05
2885	0.0007007617251
2886	0.0009126533311
2887	0.001399102365
2888	0.001218584993
2889	0.001803812696
2890	0.0007101583884
2891	0.001146822939
2892	0.00143725018
2893	0.002221451365
2894	0.001219777211
2895	0.0006262292813
2896	0.001469178107
2897	7.547667782e-05
2898	0.0002806977906
2899	0.000374063188
2900	0.0005007396135
2901	0.001112847183
2902	0.000721430773
2903	0.0004716551552
2904	0.0005500681929
2905	0.002018002163
2906	0.001201631347
2907	0.0002500967291
2908	0.001497854877
2909	0.0008164272265
2910	0.0001938224245
2911	0.0002427875745
2912	0.0003241238781
2913	0.001372449232
2914	6.773361081e-06
2915	0.0007939594409
2916	0.00055835771
2917	0.0004624811522
2918	0.006583741641
2919	9.280218092e-07
2920	0.008833416563
2921	0.0009938708431
2922	5.504500141e-06
2923	0.0004140856839
2924	0.000557074494
2925	0.001154819207
2926	0.0002397884293
2927	5.199793025e-05
2928	0.0006772947832
2929	0.0006003273642
2930	0.001062386541
2931	0.0009315113438
2932	0.001089080876
2933	0.0005690060237
2934	0.001215130915
2935	0.0008626040557
2936	0.0003840707936
2937	0.0001924972255
2938	0.001320734223
2939	0.001345048734
2940	0.006349096988
2941	0.0007051030327
2942	0.0001520387448
2943	0.005566625716
2944	0.0005492913877
2945	0.001011737453
2946	0.0007747574812
2947	0.001064904254
2948	0.0003440014389
2949	0.001098397265
2950	0.0007733847061
2951	0.001452335468
2952	0.001438682421
2953	0.0009699862258
2954	0.005387802767
2955	0.0002883986058
2956	0.0001365722153
2957	0.000342982305
2958	0.002648888567
2959	0.0002487709024
2960	0.002752972184
2961	0.01378420937
2962	0.001582379696
2963	0.0001216723253
2964	0.001012000675
2965	0.0009795638419
2966	0.000560703784
2967	0.00810416648
2968	0.0002052616588
2969	0.0002089872358
2970	0.0001322256943
2971	0.0007224927304
2972	0.001458065169
2973	0.01374835956
2974	6.208219916e-05
2975	0.000415854781
2976	0.001395669659
2977	0.001328010152
2978	0.0006907465931
2979	0.0006933494499
2980	0.0007976553222
2981	0.0016965576
2982	0.001448297346
2983	0.0004697905826
2984	0.0005770196965
2985	0.0008176559304
2986	0.007562420298
2987	0.0002220612294
2988	0.002426365124
2989	0.0004070172077
2990	0.00154732602
2991	0.0007468466755
2992	0.002476053029
2993	0.0008205233211
2994	0.0003553684022
2995	0.0004819367624
2996	0.0005807889228
2997	0.002477926548
2998	0.001137342098
2999	0.0006208083309
3000	0.00162899244
3001	0.0005947883419
3002	6.511099769e-05
3003	0.0003032178042
3004	0.0006892207922
3005	0.0009095954498
3006	0.001094544383
3007	0.0001426451295
3008	0.0002549560744
3009	0.0009348004905
3010	0.0007755156535
3011	0.0006453580677
3012	3.179656393e-05
3013	0.000881066637
3014	0.0008371646035
3015	6.125695501e-05
3016	0.0003708480447
3017	0.0005743153642
3018	0.007561612507
3019	9.96596864e-05
3020	0.0005466402874
3021	0.0001012837565
3022	0.0007782527144
3023	0.0005240232593
3024	9.955024611e-05
3025	0.00104813073
3026	0.0005624477744
3027	6.119629991e-05
3028	0.0099671094
3029	0.001120868612
3030	0.0007462232552
3031	0.0008322545251
3032	0.0004482075733
3033	0.0004293077625
3034	0.0003342697146
3035	0.0006036798394
3036	0.0002343763111
3037	0.0008850411493
3038	0.001620502448
3039	0.0003444136543
3040	0.0004645949665
3041	0.001925328386
3042	0.0009359010102
3043	0.008613324229
3044	0.002471270544
3045	0.0009415204962
3046	0.0007696637934
3047	0.001329777081
3048	0.0007098345149
3049	0.0011759812
3050	0.0004598513398
3051	0.001200698839
3052	0.0003769552094
3053	0.001147773658
3054	0.002166370498
3055	0.001103658595
3056	0.0004944905119
3057	0.0002500154217
3058	0.007003588142
3059	0.0005255524924
3060	0.01064842335
3061	0.000177908821
3062	0.0002786144263
3063	0.0003131023236
3064	0.001009738664
3065	0.002065369727
3066	0.002604814128
3067	0.0003989716556
3068	0.000822142051
3069	0.001140832037
3070	0.002282870364
3071	0.001039729283
3072	0.0002241204615
3073	0.000802572348
3074	0.001557859014
3075	0.0006346933592
3076	0.0001188964269
3077	0.007105542602
3078	0.000282244399
3079	0.001935921157
3080	0.0006815809459
3081	0.0006616776133
3082	0.0002297503623
3083	0.000439311839
3084	0.002675497708
3085	0.0008372738143
3086	0.0009116567475
3087	5.285624801e-05
3088	0.0003285232792
3089	0.0002447052377
3090	0.0006506501825
3091	0.0001915079357
3092	0.0006809817996
3093	0.00013553606
3094	1.604317011e-05
3095	0.001104604442
3096	0.0004012823923
3097	0.0004312908751
3098	0.001397561465
3099	0.0002573508373
3100	0.0006937344102
3101	0.001063588039
3102	0.0003011302335
3103	0.002610020309
3104	0.001947144897
3105	0.001959007252
3106	0.001073924639
3107	0.0002592856123
3108	0.0008350103897
3109	0.0005598928699
3110	0.001083988668
3111	0.0007590808401
3112	0.0006002580906
3113	3.4287671e-05
3114	0.01041776843
3115	0.0037492222
3116	0.002047767807
3117	0.002233676724
3118	5.227001603e-05
3119	0.009664087358
3120	0.0008848403743
3121	0.002218504484
3122	0.0001758518549
3123	0.001613496998
3124	0.0005854082646
3125	1.217760996e-05
3126	0.0005343973412
3127	8.366717659e-05
3128	0.007000089962
3129	0.001105359378
3130	0.001930207891
3131	2.605429894e-05
3132	0.0004819473101
3133	0.001563424989
3134	4.843925609e-06
3135	0.001690276516
3136	0.003030615853
3137	0.001627313867
3138	1.431584416e-05
3139	0.004546867738
3140	0.001542439769
3141	0.0002613850384
3142	0.001343719535
3143	0.000801817885
3144	0.0006399953704
3145	0.0004232219128
3146	9.580970579e-06
3147	1.455966741e-05
3148	0.0001084807278
3149	0.0001223262299
3150	0.001384261897
3151	0.0003712707829
3152	0.0005542535928
3153	0.0007210312933
3154	0.001704993066
3155	0.000204792162
3156	0.001287352384
3157	0.0005270156146
3158	0.0007736226998
3159	0.001040543934
3160	0.001816475828
3161	5.326697388e-05
3162	0.0001160261896
3163	0.001212076413
3164	0.002692987239
3165	0.0002226614323
3166	0.002158295738
3167	0.001874044128
3168	0.0008262786048
3169	0.00100015255
3170	0.008421710613
3171	0.00046385316
3172	0.001521749992
3173	0.0004973161846
3174	0.0007732535361
3175	4.225124178e-05
3176	0.001053080149
3177	0.00115352699
3178	0.001168759876
3179	0.0005972378761
3180	0.0004815486299
3181	0.001660208002
3182	0.0009322460308
3183	0.004536216201
3184	8.21109013e-05
3185	0.0004370111021
3186	7.127840171e-05
3187	0.0004495655116
3188	0.0008016743659
3189	0.0007416998003
3190	0.00110236777
3191	1.577534531e-05
3192	0.001997175802
3193	0.001230484653
3194	0.0004205112202
3195	0.001215622706
3196	0.001465443548
3197	0.0008383473325
3198	0.001399070845
3199	0.0001456393817
3200	0.00287574136
3201	0.0002840631422
3202	0.006343089447
3203	0.001213328598
3204	0.0004608214374
3205	0.002142003953
3206	0.0003375152622
3207	0.002506135484
3208	0.00155942446
3209	0.0004115531352
3210	0.004406374056
3211	0.001335820987
3212	0.001034508718
3213	0.0005673522329
3214	4.304040688e-05
3215	0.001233284426
3216	0.0009879372634
3217	9.083179613e-05
3218	0.0002089670578
3219	0.0004243235816
3220	0.002673930468
3221	3.869227218e-05
3222	0.0008686649298
3223	0.0004921377935
3224	6.252112825e-05
3225	0.00424227541
3226	0.0003488576439
3227	0.001228118776
3228	0.002408155646
3229	0.001213173666
3230	0.002447997987
3231	0.0008220281228
3232	0.001523082095
3233	0.004634268473
3234	0.0003266393473
3235	0.001842640064
3236	0.0004275555258
3237	0.0008915958697
3238	0.004479059835
3239	0.0003780141143
3240	0.005694682236
3241	0.0009326995093
3242	0.0006638532537
3243	0.0001606408823
3244	7.779503455e-05
3245	0.0002351325427
3246	0.005439023155
3247	0.0003867707379
3248	0.00584175628
3249	0.02721735807
3250	0.001566153736
3251	0.0004225567122
3252	8.354089673e-05
3253	0.00091280775
3254	0.0006876564136
3255	0.003699069134
3256	0.0002873450726
3257	0.0001976154934
3258	0.005555170015
3259	0.003302297973
3260	0.0003409754946
3261	0.0005028883649
3262	0.001453200261
3263	0.0006122994353
3264	0.0001930529357
3265	0.00354189556
3266	0.01283259775
3267	0.001363937988
3268	0.001113896295
3269	1.105724532e-05
3270	0.0001076695673
3271	0.003884717262
3272	0.0002395250532
3273	0.001203058177
3274	0.003755203633
3275	0.002544445379
3276	0.01018504809
3277	0.0006879318636
3278	0.006233809341
3279	6.566401912e-05
3280	0.001307098576
3281	0.0001090380194
3282	0.0002232041498
3283	0.000216751123
3284	0.00119429992
3285	0.001109497377
3286	0.00170727408
3287	0.001962563991
3288	0.001837463175
3289	5.953481346e-05
3290	0.001001544113
3291	0.0006879953692
3292	0.0004562014537
3293	0.001784145143
3294	0.0007164900242
3295	0.001857921961
3296	0.003571601332
3297	0.005452298369
3298	0.0009188744443
3299	0.0009326367954
3300	0.002194787247
3301	0.001903456228
3302	0.0001627512609
3303	0.004263526812
3304	0.000533228476
3305	0.001268073298
3306	0.006218968885
3307	0.0004432548778
3308	0.001388703264
3309	0.003473826333
3310	0.01378411715
3311	0.004353220752
3312	0.0002300753137
3313	0.0008410320469
3314	0.0004239032792
3315	0.00055210369
3316	0.0003002728889
3317	0.0001491103565
3318	0.01301626186
3319	0.001846681251
3320	0.001698381932
3321	0.0005738837314
3322	0.003886554635
3323	0.001268991368
3324	0.007002687301
3325	0.0008992416429
3326	0.005260859731
3327	0.000588253001
3328	0.0003128373294
3329	0.002974405577
3330	0.008964390237
3331	0.007030070894
3332	0.002601585137
3333	0.002621428108
3334	0.0004432188539
3335	0.00125418993
3336	0.0003406015365
3337	0.0006420728221
3338	0.001480049567
3339	0.01193864555
3340	0.00556715244
3341	0.0003092616163
3342	0.001235839506
3343	0.006254498913
3344	0.004602313199
3345	0.007264358391
3346	0.003896294799
3347	0.0004890970574
3348	0.0003543629574
3349	0.0006260791921
3350	0.0008273993039
3351	8.7906603e-05
3352	0.001007674211
3353	0.000863091938
3354	0.0005291931697
3355	0.002825893626
3356	0.003391412242
3357	0.01161603048
3358	0.006711952415
3359	0.0007422210706
3360	0.0095793272
3361	0.002851375706
3362	0.00061948021
3363	0.0008888647307
3364	0.002155476692
3365	0.01093120701
3366	0.004733249649
3367	0.00046261207
3368	0.003700990519
3369	0.0002987706269
3370	0.007373781454
3371	0.003046872211
3372	0.0006986828268
3373	0.00133196186
3374	0.0002629899529
3375	0.0005926826565
3376	0.0002703857876
3377	0.001118321336
3378	0.0001999967488
3379	0.004209142047
3380	0.004654909392
3381	0.0004221824728
3382	0.002336432735
3383	0.006573117696
3384	0.001338067489
3385	0.0008547127249
3386	0.00599766903
3387	0.007838290078
3388	0.007668388013
3389	0.007855174789
3390	0.003854684917
3391	0.001063821367
3392	0.01117227147
3393	3.107978531e-05
3394	0.0006970910869
3395	0.001738190418
3396	0.0157281593
3397	0.000341064739
3398	0.001359634353
3399	0.0008650387685
3400	0.005929431728
3401	0.0006131262541
3402	0.008915001371
3403	0.005978323817
3404	0.0006184344732
3405	0.001807411008
3406	0.0114802332
3407	0.0004738562865
3408	0.0001481738565
3409	0.001069638557
3410	1.851106324e-05
3411	0.003930590848
3412	0.0001495783559
3413	0.01072540713
3414	0.008408404677
3415	0.0007289795892
3416	0.0004372450673
3417	0.0002669171804
3418	4.56452343e-05
3419	0.00109934001
3420	0.0003136164012
3421	0.0008037975985
3422	0.0005836734384
3423	0.0009747121682
3424	5.595605248e-05
3425	0.004640839724
3426	0.00217641696
3427	0.006259021348
3428	0.005064351236
3429	0.0005018480509
3430	0.006346474781
3431	0.0002907060072
3432	0.01866869273
3433	0.000590007471
3434	0.0006051729171
3435	0.002168342749
3436	0.009955856285
3437	0.0007450525798
3438	0.0144437335
3439	0.0004070744796
3440	0.01133755934
3441	0.001626794665
3442	0.0003253295164
3443	0.00685928435
3444	0.0006926204238
3445	0.00233508961
3446	0.00339106685
3447	0.0004651601119
3448	0.008157700008
3449	0.001939788143
3450	0.00544820604
3451	0.003421056415
3452	0.0008691776729
3453	0.0001964545589
3454	0.004639314423
3455	0.003868353205
3456	0.0102565744
3457	0.008985682884
3458	0.003962974806
3459	0.002043238142
3460	0.001485962497
3461	0.01194630577
3462	0.00104606282
3463	0.006585889668
3464	0.0002699309938
3465	0.0005866031959
3466	0.003312816788
3467	0.002925877268
3468	0.0004851294276
3469	0.000699410034
3470	0.0003876993756
3471	0.002141555368
3472	0.0009296155592
3473	0.002892368889
3474	7.675008484e-05
3475	0.001670674448
3476	0.003331399777
3477	0.001351792543
3478	0.000567360959
3479	0.0002714067583
3480	0.001705426554
3481	0.0005244247834
3482	0.0008483262581
3483	0.01331892713
3484	9.73665357e-05
3485	0.00380694445
3486	4.195008292e-05
3487	0.0005882075304
3488	0.001991856376
3489	0.0002397512814
3490	0.009114942446
3491	0.0003853714501
3492	0.001151257484
3493	0.0003964982638
3494	0.0007771814388
3495	0.003642903418
3496	0.0008785352452
3497	0.0001257836489
3498	0.00740140688
3499	0.001035231236
3500	0.003105970322
3501	0.0003444288051
3502	0.0011761029
3503	0.0007938854297
3504	0.0004995930705
3505	0.001535682995
3506	0.000236833372
3507	0.001474564824
3508	0.0005472390485
3509	0.00813932248
3510	3.552419435e-05
3511	0.0002309094288
3512	0.00066308629
3513	0.0006863389668
3514	0.0001317694756
3515	0.01512463756
3516	0.000368192287
3517	0.0003676849395
3518	0.007897593139
3519	0.001104818817
3520	0.01090816705
3521	0.001527031535
3522	0.01924752243
3523	0.006939879593
3524	0.001676464732
3525	0.0003880288026
3526	0.0004409148025
3527	2.676072589e-05
3528	0.000432643939
3529	0.001614320285
3530	0.005321994924
3531	0.002297015849
3532	0.001303548998
3533	0.009111426832
3534	0.00121544207
3535	0.003016848351
3536	0.0001886727934
3537	0.005441947429
3538	0.0006244425075
3539	0.0002507409512
3540	0.0004488790693
3541	5.962512355e-05
3542	0.002029785379
3543	0.01196705952
3544	0.0001300906828
3545	0.002609615627
3546	0.0003059313646
3547	0.002793991325
3548	0.0002089343462
3549	0.0001817314402
3550	0.0002509130945
3551	0.002198338731
3552	0.001262194554
3553	0.00601454873
3554	0.00113729595
3555	0.0005841068363
3556	0.0215520017
3557	0.008532144424
3558	1.200336745e-06
3559	0.003400828962
3560	0.0008236072751
3561	0.0008562610224
3562	0.002582712747
3563	0.002675979279
3564	5.23454343e-06
3565	0.001731215244
3566	1.454082712e-05
3567	0.00867109737
3568	0.001377939811
3569	0.01029658428
3570	0.01884174071
3571	0.001316117391
3572	0.008106474413
3573	1.938026599e-05
3574	0.001315926703
3575	0.008601837117
3576	0.007280965944
3577	0.01270109452
3578	0.0003907741418
3579	0.008095415152
3580	0.0007438579593
3581	1.083200754e-05
3582	7.744023297e-05
3583	0.008376013455
3584	0.0004462254049
3585	0.001447283911
3586	0.0003840653361
3587	0.004550377612
3588	0.00660294643
3589	3.22342922e-05
3590	0.001406825824
3591	0.0004062866221
3592	3.565171019e-05
3593	0.0001471878144
3594	0.001580837448
3595	0.0009046759045
3596	0.000524139944
3597	0.000879184992
3598	0.0004954130768
3599	0.01257943255
3600	0.009837424335
3601	7.857554702e-05
3602	0.0002900127734
3603	0.005145555946
3604	0.003364164177
3605	0.001077498299
3606	0.00191370861
3607	0.001630788117
3608	0.0002274267279
3609	0.01288203909
3610	0.0009044272174
3611	0.0008140684692
3612	0.006981769877
3613	0.002965325397
3614	0.001419088441
3615	0.00209546776
3616	0.0002201156284
3617	6.943262419e-05
3618	0.001076629831
3619	0.001103760568
3620	0.0004577033194
3621	0.01066085169
3622	0.002294859237
3623	0.000646703357
3624	0.01330115321
3625	0.001326687337
3626	0.004014122335
3627	0.002851815974
3628	0.003489812241
3629	0.000905652877
3630	0.001748668189
3631	0.0007039182679
3632	0.01207098903
3633	0.01159607503
3634	0.0001139148968
3635	0.006088170441
3636	0.001114687984
3637	0.00021877909
3638	0.0009134396751
3639	0.002040207504
3640	0.003397116279
3641	0.0004535531738
3642	0.001275018771
3643	0.006312629347
3644	0.000810237858
3645	0.0003171764338
3646	0.001576139069
3647	0.0006780873162
3648	0.005630488165
3649	0.0003944664393
3650	0.001415573598
3651	0.0004353727468
3652	0.001790140923
3653	0.0009653413932
3654	0.001914032118
3655	0.0005121588156
3656	0.0004579158573
3657	0.001045247954
3658	0.003553594816
3659	0.006288890556
3660	0.001153662489
3661	0.001104598271
3662	0.007079919552
3663	0.0005505910815
3664	0.001911019194
3665	0.0003449623572
3666	0.000915320157
3667	0.0003059089411
3668	0.00397557397
3669	0.0004860211982
3670	0.0006420448761
3671	0.001078227682
3672	0.003754778212
3673	0.001105446239
3674	8.89865539e-05
3675	0.004804372322
3676	0.001057195149
3677	0.0025779075
3678	0.0002379719246
3679	0.0004278348218
3680	0.0004419733206
3681	0.001712461055
3682	0.0002655389455
3683	7.587139081e-05
3684	0.0008102796099
3685	0.009505490422
3686	0.001470349365
3687	0.003560483471
3688	0.002616251602
3689	0.001556394083
3690	0.001321424086
3691	0.007000583781
3692	0.001183655783
3693	0.003441125274
3694	0.002314947658
3695	0.006259929776
3696	0.001718893511
3697	0.006822735609
3698	0.0007261743588
3699	0.001176994314
3700	1.57959911e-05
3701	0.0008555012611
3702	0.0010891412
3703	0.0005187210541
3704	3.426928023e-05
3705	0.001366876474
3706	0.00742130132
3707	0.01172831481
3708	0.0006762532707
3709	0.001523873251
3710	0.001536105699
3711	0.0001547448177
3712	0.01087998154
3713	0.01329647345
3714	0.0008852763308
3715	0.001588521423
3716	0.0004791925199
3717	0.001548634456
3718	0.0009317815208
3719	0.000857137731
3720	0.0001501695491
3721	0.0009285456527
3722	0.0006946981844
3723	0.001835465571
3724	0.0002271493361
3725	0.002311079939
3726	8.621988943e-05
3727	0.0004664247311
3728	6.774966774e-05
3729	0.005323015595
3730	0.0005556632942
3731	0.001767146019
3732	0.001619379706
3733	0.01129927452
3734	2.286270426e-05
3735	0.0004126274946
3736	0.0005546789973
3737	0.001090081422
3738	0.001604537806
3739	0.0001105206652
3740	0.001545007331
3741	0.00674629844
3742	0.0008235996432
3743	0.0008060129799
3744	0.0003286905482
3745	0.0002973289888
3746	0.0004124391289
3747	0.00518564674
3748	0.0008244344458
3749	0.0004387737643
3750	0.0004985938384
3751	0.0009516299971
3752	0.0005503970684
3753	0.0002249088827
3754	0.0006192687788
3755	5.429580462e-05
3756	0.0001835334932
3757	0.004968292396
3758	0.0004365961856
3759	0.001009213896
3760	2.562558591e-05
3761	0.00428703136
3762	0.01535304811
3763	0.004859216818
3764	0.0002234768978
3765	0.0005418864718
3766	0.0002240223876
3767	0.001986938745
3768	0.0273115281
3769	0.002873779984
3770	0.001684445218
3771	0.002527116151
3772	0.01892424588
3773	0.001003772481
3774	0.0006054326872
3775	0.0156951623
3776	0.000954542415
3777	0.001903449737
3778	0.002044114818
3779	9.777180037e-05
3780	0.01141189404
3781	0.009388736128
3782	0.003376387386
3783	0.0007536212752
3784	0.0005859861075
3785	0.009726279634
3786	0.0002145792217
3787	0.0001580623363
3788	0.0003758777565
3789	0.002174632226
3790	0.0006584125848
3791	0.001302895639
3792	0.001175841199
3793	0.004141706351
3794	0.001438735306
3795	0.006229915935
3796	0.0004301212143
3797	0.00178956229
3798	0.0005795479035
3799	0.001393467775
3800	0.0002191465162
3801	0.0003750707884
3802	0.004165201881
3803	0.001751787087
3804	0.000768804179
3805	0.001498708119
3806	0.001644170339
3807	0.006203835543
3808	0.0109416328
3809	0.001407605426
3810	0.002027489683
3811	0.02129615376
3812	0.0009790183447
3813	0.009770264481
3814	0.0009752357502
3815	5.282035401e-06
3816	0.0008284514252
3817	0.001486594981
3818	6.651149723e-05
3819	0.003966663622
3820	0.005253309132
3821	0.01459567786
3822	0.000425367741
3823	5.599496499e-05
3824	0.00370137465
3825	0.0002680371725
3826	0.003898710933
3827	0.001032715953
3828	0.0008332960844
3829	0.001486493342
3830	0.0004416602442
3831	0.01294409637
3832	0.0006855704869
3833	0.001120897578
3834	0.0007680420636
3835	0.004643519887
3836	5.395735457e-05
3837	0.001109390718
3838	0.001055527584
3839	0.0006237222405
3840	0.002001690511
3841	0.00122255769
3842	0.0001364599572
3843	0.0006347119127
3844	0.0008551381733
3845	0.0002635189347
3846	0.0003044938073
3847	0.0004842572141
3848	0.002081957764
3849	0.005166373411
3850	0.0007541031079
3851	0.01582055856
3852	0.0007516378825
3853	0.001102221968
3854	0.008903391765
3855	0.001234190739
3856	0.0003583618484
3857	0.0008158709433
3858	0.0012145611
3859	0.00175922771
3860	0.0002544600414
3861	0.002212033131
3862	0.0007991261497
3863	0.000662937587
3864	0.0006695394451
3865	0.008075171168
3866	0.00093647381
3867	0.0006785844425
3868	0.0005898570062
3869	0.01464227388
3870	0.0001648770936
3871	0.003078320413
3872	0.0009237965668
3873	0.0003942841159
3874	0.01043158731
3875	0.002149689748
3876	0.0001570975252
3877	0.01163765669
3878	0.0001371952334
3879	0.0006331711435
3880	0.000551022971
3881	0.000338431586
3882	0.01183613118
3883	0.003690896921
3884	0.00212564331
3885	0.0002721634069
3886	0.001345811532
3887	0.003299779094
3888	0.021324596
3889	0.0006779298249
3890	0.002097921837
3891	0.001077860257
3892	0.0004188878372
3893	0.0002831796398
3894	0.001432730645
3895	0.000844634658
3896	0.001458506786
3897	0.0001966040983
3898	0.00110464609
3899	0.007975988664
3900	0.00121969603
3901	0.0004710969668
3902	0.001670557674
3903	0.005596731152
3904	0.0003522668132
3905	0.0004705122577
3906	0.006810905579
3907	0.001275135599
3908	0.0003522516293
3909	0.005308944432
3910	0.001377756823
3911	0.002944684032
3912	0.0004705764417
3913	0.0002241506741
3914	0.0002463024781
3915	0.001272529077
3916	0.001422423914
3917	0.002176945265
3918	0.001683706999
3919	0.0006212135963
3920	0.01077643642
3921	0.0001516398087
3922	0.001400667855
3923	0.002931699305
3924	0.0008310709771
3925	0.001185133989
3926	0.0002392507304
3927	0.006266597169
3928	0.004270350485
3929	0.007655192201
3930	0.001896653696
3931	0.0008430353324
3932	0.000482415522
3933	0.01011843724
3934	0.003331851952
3935	0.0005333666207
3936	0.000441378956
3937	0.0003316945546
3938	0.003310969586
3939	0.004958290306
3940	0.01075174431
3941	0.009363907467
3942	0.0008831463057
3943	0.01977121938
3944	0.0002339923975
3945	0.001187916053
3946	0.0008515483825
3947	0.003193897748
3948	0.001087836419
3949	0.000734434964
3950	0.001179107765
3951	0.01114682245
3952	0.01446326168
3953	0.0002636270691
3954	0.0157335042
3955	0.001626421969
3956	0.0006491736005
3957	0.0008509810122
3958	0.00143003565
3959	0.01350202707
3960	0.0002456139826
3961	0.001949105352
3962	3.645182709e-05
3963	0.0006536378753
3964	5.021311767e-05
3965	2.972735018e-05
3966	0.005745555948
3967	0.007365626888
3968	0.0001043419681
3969	0.0008427221209
3970	0.006806656778
3971	0.001778301169
3972	0.0003692009292
3973	0.0003745909934
3974	0.003264697254
3975	0.006531613879
3976	0.001097024403
3977	0.0001378065986
3978	0.01122723027
3979	0.002388858221
3980	0.004359033877
3981	0.001095623786
3982	0.0006819060067
3983	0.007471626718
3984	0.002265253294
3985	0.005485983031
3986	0.0002109936009
3987	0.0003136684105
3988	0.0007598382751
3989	0.001514824313
3990	0.0008659678394
3991	9.277204228e-05
3992	0.0004937647071
3993	0.0007076134825
3994	0.0003390273752
3995	6.697332371e-05
3996	0.0008986130123
3997	0.0007367011798
3998	0.00518636037
3999	0.003364617925
4000	0.0024082215
4001	0.01467104344
4002	0.003131310036
4003	0.0006492653855
4004	0.001544693012
4005	0.001429614926
4006	0.0007193987315
4007	3.783150711e-05
4008	0.001227536859
4009	0.00142799221
4010	0.007785070324
4011	0.0006019721345
4012	0.0008720553897
4013	0.002735412436
4014	0.001881648727
4015	0.002485575187
4016	0.007319924168
4017	0.002649166508
4018	0.003149664341
4019	0.0002797117466
4020	0.006526221716
4021	0.0004720714433
4022	0.004280325249
4023	0.001452277768
4024	0.0001424684233
4025	0.001231522859
4026	0.000903767193
4027	0.001777535081
4028	0.002054101043
4029	0.0004098082147
4030	0.001511178842
4031	0.006555826416
4032	0.00265286118
4033	0.007178373786
4034	0.002282832486
4035	0.000552770895
4036	0.000285054088
4037	0.0003500476985
4038	0.001073132217
4039	0.006751332964
4040	0.01235641969
4041	0.001113994599
4042	0.00669784982
4043	0.001659437794
4044	0.0009356799256
4045	0.001174475898
4046	0.001379355765
4047	0.0005969326553
4048	0.002752676414
4049	0.001347827492
4050	0.0001812463726
4051	0.005060320569
4052	0.003178556777
4053	0.001466781904
4054	0.01709879352
4055	0.002153076812
4056	0.002152216911
4057	0.007677317669
4058	0.004064742124
4059	0.001792904205
4060	0.01016503713
4061	0.003510673182
4062	8.298997036e-05
4063	0.0007364682912
4064	0.002263167482
4065	0.001060611164
4066	0.0001459897869
4067	0.0003689908174
4068	0.0001567557114
4069	0.001258427315
4070	0.0005847656381
4071	0.002685960075
4072	5.107543412e-05
4073	0.002365895734
4074	0.004191273096
4075	0.0005623923861
4076	0.0004534890834
4077	0.0115646116
4078	0.004567860941
4079	0.004925064463
4080	0.0002376232951
4081	0.02050467583
4082	0.002180379984
4083	0.000600641679
4084	0.00144429193
4085	0.0001919990335
4086	0.001009090169
4087	0.001067252273
4088	0.0007738934846
4089	0.001483382524
4090	0.002354506632
4091	0.0007852825544
4092	0.0007408235782
4093	0.001418776557
4094	0.002008866726
4095	0.006117731334
4096	0.0007105079239
4097	0.01613540725
4098	0.0005151003869
4099	0.004148786609
4100	0.0004754306662
4101	0.008086802094
4102	0.0003991816084
4103	0.001948405822
4104	0.01981772427
4105	0.0218507801
4106	0.0003335196367
4107	0.0003844893235
4108	0.0004523753904
4109	0.006193272595
4110	0.00106817653
4111	0.0005081047862
4112	0.003274229452
4113	0.001310706367
4114	0.0003937970384
4115	0.0005680317494
4116	0.009670389186
4117	0.0005121147468
4118	0.0007977256574
4119	0.01473396094
4120	0.0004253431942
4121	0.00159090651
4122	0.0009573275513
4123	0.0004444340842
4124	0.002140002357
4125	0.0009170741543
4126	0.0001048118298
4127	0.00268036474
4128	0.0009214160244
4129	0.002723979242
4130	0.0006083840115
4131	0.02738274015
4132	0.001667175566
4133	0.0004979257965
4134	0.001823811138
4135	0.002874493534
4136	0.001056712144
4137	0.0166417193
4138	0.000422208482
4139	0.0001019945829
4140	0.0001686108843
4141	0.007429657474
4142	0.0003895627209
4143	0.0002273593759
4144	0.001848645897
4145	0.001324013793
4146	0.002177559542
4147	0.0005774888052
4148	0.001242874035
4149	0.001526335951
4150	0.0005412818877
4151	0.004282165082
4152	0.0008660035771
4153	0.004833658316
4154	0.01505178658
4155	0.002660005652
4156	0.0002126862611
4157	0.003294947333
4158	0.002496365265
4159	0.001955292641
4160	0.02593098109
4161	0.007038771199
4162	0.00163535694
4163	0.001338614881
4164	0.008700594186
4165	0.00100482093
4166	0.00174981457
4167	0.005959314692
4168	0.00197052934
4169	0.007564582369
4170	0.001575963524
4171	0.0001363642113
4172	0.01342917646
4173	0.000596100942
4174	0.002002283238
4175	0.0003738784528
4176	0.007293004994
4177	0.00498473208
4178	0.001019494644
4179	0.005447761229
4180	0.001728055777
4181	0.0003426997885
4182	0.001136112226
4183	0.01894723909
4184	0.0007745744229
4185	0.0006878386414
4186	0.009551950413
4187	0.001245785255
4188	0.01694455711
4189	0.00036990706
4190	0.001625454051
4191	0.001289636525
4192	0.002302556513
4193	0.0001380986449
4194	0.002462047355
4195	0.0008134733494
4196	0.002157107674
4197	0.0008491151468
4198	0.0014443155
4199	0.0007235461592
4200	0.0009051001129
4201	0.001782854116
4202	0.0003382137077
4203	0.0008540842355
4204	0.0003783576988
4205	6.352516323e-05
4206	0.001902732011
4207	0.0007841157349
4208	0.0006241688519
4209	3.91544463e-05
4210	0.0004203925814
4211	0.006047932532
4212	0.0007229516618
4213	0.0007466649243
4214	0.0003053540298
4215	0.0009638320427
4216	0.0009024033634
4217	0.006181285687
4218	0.001269458722
4219	0.00634163806
4220	0.001172112896
4221	0.0007500997993
4222	0.001271976759
4223	0.008029873278
4224	0.005006425102
4225	0.002139666911
4226	0.008736250126
4227	0.0005983719879
4228	9.441286267e-05
4229	0.0005953003691
4230	0.004358368145
4231	0.0003180046829
4232	7.542043621e-05
4233	0.001143953198
4234	0.0004083607583
4235	0.0001310797916
4236	0.0009673923352
4237	0.000581584855
4238	0.005354750261
4239	0.01443063448
4240	0.007695393678
4241	0.0004357491297
4242	0.01464527871
4243	0.001284012865
4244	0.0006597267404
4245	0.0007413313499
4246	0.01436420498
4247	0.002355473774
4248	0.001635352113
4249	0.000694968954
4250	0.001429670898
4251	0.005407324819
4252	0.0002981755042
4253	0.0006184864823
4254	0.0005450264612
4255	0.004759678164
4256	0.001901047136
4257	0.0001201799868
4258	0.001512207714
4259	4.650696061e-05
4260	0.000289946731
4261	0.002007734562
4262	0.0003168676584
4263	0.001483169167
4264	0.0001926380493
4265	0.0005839511628
4266	0.001371664232
4267	0.002929259979
4268	0.001256642542
4269	0.0007065480195
4270	2.357922727e-05
4271	0.00213061568
4272	0.004022993798
4273	0.001578991323
4274	0.0002905373735
4275	0.002513730612
4276	0.002281344629
4277	0.01076084298
4278	0.0005953310035
4279	0.0009029381436
4280	0.006075640106
4281	0.001246377455
4282	0.005251708393
4283	0.00343867886
4284	0.0001146105794
4285	0.01303237531
4286	0.001173160566
4287	0.001353154759
4288	0.0023577636
4289	0.007516768541
4290	0.004108490846
4291	0.0003010657397
4292	0.001598915412
4293	0.001045051861
4294	0.001235471794
4295	0.0001725381837
4296	0.01091335185
4297	0.00197453468
4298	0.0001728088073
4299	0.0002110728247
4300	0.008788138444
4301	0.006394800057
4302	0.009423817496
4303	0.01342947608
4304	0.0007873902384
4305	0.0002915736613
4306	0.0002808690312
4307	0.0002306363191
4308	0.001963693429
4309	0.001425466728
4310	0.0007434891819
4311	0.0007897785122
4312	5.950302604e-05
4313	0.01194704117
4314	0.00166869449
4315	0.008424544859
4316	0.01075489356
4317	0.001302181245
4318	0.0002142328284
4319	0.006818427734
4320	0.0006072805105
4321	0.003920057793
4322	0.00121075507
4323	0.000775655251
4324	0.000121165583
4325	0.0001577046361
4326	0.0006534983699
4327	0.000590374681
4328	0.001972329608
4329	0.001272798869
4330	0.0003903217642
4331	0.0008470465103
4332	0.001131489106
4333	0.001084940728
4334	0.0004465891059
4335	0.000730108503
4336	0.008260710177
4337	0.001480135851
4338	0.003543671926
4339	0.001478362057
4340	0.0002488035617
4341	0.001455021965
4342	4.319555415e-05
4343	0.001404316461
4344	0.0008648935104
4345	0.001262555514
4346	0.001227712857
4347	1.579310803e-05
4348	0.005400159417
4349	0.000435350145
4350	0.0001397625805
4351	9.670029639e-05
4352	0.00572299495
4353	0.002279201567
4354	0.0004218661267
4355	0.0003119710332
4356	0.0006050029301
4357	0.006645625079
4358	0.00064519605
4359	0.0007529535008
4360	0.0003692596508
4361	0.0003100555006
4362	0.0009253502537
4363	0.00279744868
4364	9.269554645e-05
4365	0.002497542508
4366	0.0004760837488
4367	0.001182108261
4368	0.0007177939692
4369	0.0004362865461
4370	0.0009274503637
4371	0.002103753722
4372	0.0004040329847
4373	5.252198718e-05
4374	0.001006489327
4375	0.0008602053682
4376	0.0002175778612
4377	0.0009351654595
4378	0.0009257309796
4379	0.00209716037
4380	0.0001139181552
4381	0.003962425787
4382	0.001381981392
4383	0.0001650815495
4384	0.0008381062257
4385	0.0002482801183
4386	0.001379710428
4387	0.0007793831167
4388	0.001105078344
4389	0.003785760098
4390	0.001626561491
4391	0.002265846979
4392	0.0007649105549
4393	0.0004757297972
4394	0.01541486594
4395	0.0001656166381
4396	0.0003712215683
4397	0.002249405536
4398	0.001546143144
4399	0.0006291178918
4400	0.01027069487
4401	0.0004131402301
4402	0.01150544898
4403	0.0006315951998
4404	0.003098874579
4405	2.359850224e-05
4406	0.0005440754007
4407	0.004527386934
4408	0.001701744651
4409	0.003894740733
4410	0.0006684538293
4411	0.001446930711
4412	0.0001937024622
4413	0.009837793963
4414	0.0004072776133
4415	1.966570672e-05
4416	0.001409616203
4417	0.0004679070299
4418	0.00326228922
4419	1.121348283e-05
4420	0.03108103855
4421	0.0001359404442
4422	0.0007772771671
4423	0.009015670753
4424	0.0005610504719
4425	0.0003483419494
4426	0.0002405180153
4427	8.956955289e-05
4428	0.0007547293328
4429	0.0003893643335
4430	9.450546257e-05
4431	0.0005475179635
4432	0.009786736559
4433	0.004736442694
4434	0.001027248536
4435	0.001578305544
4436	0.0008120459249
4437	0.0005040657789
4438	0.0009752292021
4439	0.001015267564
4440	6.918330787e-05
4441	0.002361049681
4442	0.001100779775
4443	0.003602566488
4444	0.0001228695124
4445	0.00573390568
4446	0.000230105764
4447	0.0005792072916
4448	0.001290560994
4449	0.004314015229
4450	0.0002396999478
4451	0.0007565204233
4452	0.0001190813878
4453	0.0003163544425
4454	0.0006757371739
4455	0.001454800741
4456	0.0009012046063
4457	0.005720671619
4458	0.0007905361642
4459	0.001152974794
4460	0.0002262605907
4461	2.823603481e-05
4462	0.0009492834972
4463	0.001277925047
4464	0.0005904934574
4465	0.000534313697
4466	0.008419396325
4467	0.002944270661
4468	0.000948407629
4469	0.0004375208907
4470	4.38434455e-05
4471	0.0007709605511
4472	0.0005140472075
4473	0.0003576303283
4474	0.0002029472291
4475	0.002620562892
4476	0.002160600499
4477	0.001065807721
4478	8.779427505e-05
4479	0.0008849249727
4480	0.001634550867
4481	0.0008956556845
4482	0.001093841396
4483	0.0195768036
4484	0.0006808888815
4485	0.001620845056
4486	0.0006537382082
4487	0.001459674224
4488	0.000528858876
4489	0.000361751137
4490	0.0005760521976
4491	0.0004021992882
4492	0.003328426416
4493	0.01822275722
4494	0.0006737303127
4495	0.001167686149
4496	0.004036681757
4497	0.001364049975
4498	0.002548350109
4499	0.02530318599
4500	0.0001234543367
4501	0.0003458321327
4502	0.001329142135
4503	0.00272430967
4504	0.0001944356357
4505	0.0004228685962
4506	0.001435410785
4507	0.005850911706
4508	0.0001548373949
4509	0.0001920681014
4510	0.003569794362
4511	0.001287977635
4512	7.232576902e-05
4513	0.0001615879621
4514	0.0007426354539
4515	0.0005956589598
4516	0.0005939350717
4517	0.0006564334532
4518	0.005001065136
4519	0.001596567372
4520	0.002397017655
4521	5.631578071e-05
4522	0.0003592311331
4523	0.0007697224881
4524	0.0005510973165
4525	0.001602139094
4526	0.0006531907737
4527	0.00115684679
4528	0.0003238715357
4529	0.0006925502852
4530	0.002393829294
4531	0.01109622367
4532	0.00133707218
4533	0.00183769718
4534	0.000334260294
4535	0.0001261672677
4536	0.00130477305
4537	0.00072162955
4538	0.01047543724
4539	0.007318315437
4540	0.001343787193
4541	0.000557798676
4542	0.001395617007
4543	0.0005942872729
4544	0.001254993186
4545	6.688885344e-06
4546	0.0003846170456
4547	0.0002324380329
4548	0.0009521102048
4549	0.0008003813507
4550	0.0005308664336
4551	0.0006878083784
4552	0.005301948645
4553	0.001912505121
4554	0.003139888843
4555	0.001770454479
4556	0.01064995262
4557	0.007735052726
4558	0.0003056712165
4559	0.001368658
4560	0.001293662693
4561	0.002116418319
4562	0.001072066615
4563	0.001994464301
4564	0.0009360298425
4565	0.0009581745559
4566	0.0008439958071
4567	0.0001701668473
4568	0.00477852459
4569	0.0004474527222
4570	0.000487238296
4571	0.0008599246325
4572	0.0003009569275
4573	0.001490427106
4574	0.0001414581024
4575	0.0001789576214
4576	0.0002426933526
4577	0.0005859673183
4578	0.0007079185925
4579	0.0008048979952
4580	0.0001357158426
4581	0.0002926782175
4582	0.0007011632574
4583	1.159145879e-05
4584	0.0005856174597
4585	0.0008191163408
4586	0.00049567553
4587	0.0002678384209
4588	0.001375788796
4589	0.001350967347
4590	0.0009851255562
4591	0.001415334632
4592	0.000193306489
4593	0.0005750247477
4594	0.0001897848953
4595	1.888560123e-05
4596	0.0007239058837
4597	0.0007290532978
4598	0.0003245462845
4599	0.0003178829791
4600	0.003159355384
4601	0.0002307897333
4602	0.0006227118928
4603	0.002139779913
4604	0.001392140832
4605	0.001327607657
4606	0.001901453875
4607	0.000266988233
4608	0.000580532008
4609	0.0009131332652
4610	0.0001355582074
4611	0.001318178345
4612	0.0001251056144
4613	0.001808260558
4614	0.000741441723
4615	0.001171651584
4616	0.000678044392
4617	0.0007513897331
4618	0.0006382134091
4619	0.002156217738
4620	0.0001054219497
4621	0.0007852124134
4622	0.0002656379202
4623	0.001366407349
4624	0.001108458287
4625	0.0006951491661
4626	0.002273913353
4627	9.399616992e-05
4628	0.001209618785
4629	0.002496115632
4630	0.0003645163951
4631	0.0002003713329
4632	2.131096887e-05
4633	0.006295240123
4634	0.0006930883193
4635	0.001234804087
4636	0.001426291458
4637	0.001046636821
4638	0.0003824462203
4639	0.0009989015965
4640	0.0002704168622
4641	0.000475738511
4642	3.585183547e-05
4643	0.006324766653
4644	0.0002899239962
4645	0.0009412838821
4646	0.001003814458
4647	0.0010863241
4648	0.0004477071424
4649	0.001769007855
4650	0.0005423402471
4651	0.0002760579716
4652	0.0002722883258
4653	0.002783428734
4654	0.0001038013075
4655	0.0005368383767
4656	0.0001910861921
4657	0.0006053528164
4658	0.0003892125185
4659	0.000984146176
4660	0.002563969367
4661	0.0004876086279
4662	0.000610433898
4663	0.001045102186
4664	0.0003474996005
4665	0.0007702910464
4666	0.00017961272
4667	0.0006605745129
4668	0.001035927545
4669	4.425242662e-05
4670	0.0002662774233
4671	0.0005987938392
4672	0.0003857780204
4673	0.0001286184494
4674	4.879416893e-05
4675	0.0001310980112
4676	0.0007343520876
4677	0.0008601160967
4678	0.0007326818389
4679	0.001194995314
4680	0.0002024294625
4681	0.0003488005548
4682	0.0002648886029
4683	0.0005709404098
4684	0.001301793966
4685	0.0003544790595
4686	0.002140008012
4687	0.0006941002998
4688	3.43911274e-05
4689	0.0001991855052
4690	0.0002498394647
4691	0.0003772948427
4692	8.971900584e-05
4693	0.0001295787851
4694	0.0006684103458
4695	0.001023836039
4696	0.0009237830958
4697	0.0008648743688
4698	0.009989018119
4699	0.0005097028622
4700	0.001171980657
4701	0.0001158071737
4702	6.546091103e-05
4703	2.965311423e-05
4704	0.002177505413
4705	0.0002529480019
4706	0.0003444900466
4707	0.001612932824
4708	0.001589776404
4709	0.0003239077094
4710	0.0008923949913
4711	1.750989368e-05
4712	0.0006569452079
4713	0.001027658043
4714	0.0006748205568
4715	0.001152347639
4716	0.0001045875423
4717	0.001109219894
4718	0.0003085376152
4719	0.0006595285863
4720	0.0008650805445
4721	4.692831213e-05
4722	0.0008154343049
4723	0.0001115921024
4724	0.0007778956179
4725	0.0004403216397
4726	0.001033221047
4727	0.0002467196154
4728	0.0007736447843
4729	0.0006827332025
4730	0.009498696121
4731	8.529912421e-05
4732	0.0002770033769
4733	0.0001562134424
4734	0.0006420359563
4735	0.001059939909
4736	0.001357808543
4737	9.749586818e-05
4738	0.0005828979089
4739	0.0009871639839
4740	0.006088459107
4741	0.0003681315124
4742	0.0006217568973
4743	0.000200896074
4744	1.721432867e-05
4745	0.0003688245927
4746	0.0006397922266
4747	0.0004611033531
4748	0.0002135645052
4749	0.0009915941827
4750	0.0003763600683
4751	0.001273638603
4752	0.003688687093
4753	0.0007270635566
4754	0.0006703347299
4755	0.0003207358082
4756	0.0003048604975
4757	0.004474974208
4758	0.0001109312453
4759	0.0004770941997
4760	0.01191177049
4761	0.0001147443056
4762	0.0008895222102
4763	0.001713342296
4764	0.0002783697195
4765	0.001853992099
4766	0.0001288822205
4767	0.0003014545614
4768	0.0009728416738
4769	0.002057290182
4770	0.0003813781088
4771	0.005572251045
4772	2.844239663e-05
4773	0.0008567766178
4774	0.0009052866039
4775	0.002103877173
4776	6.391637792e-05
4777	0.0008813887465
4778	0.000178479852
4779	0.00204407564
4780	7.557876806e-05
4781	4.95791366e-05
4782	0.002101751636
4783	0.003190496881
4784	0.0004927151464
4785	0.0003090904688
4786	0.0006967235062
4787	0.00118064549
4788	0.0002295144878
4789	0.0004415605557
4790	0.001112247436
4791	0.001475705581
4792	0.002422692255
4793	0.0005466680446
4794	0.0004581572957
4795	0.00125406325
4796	0.0001599265055
4797	0.000721483679
4798	5.50195987e-05
4799	0.000375812515
4800	0.000320119335
4801	0.0008450886995
4802	0.001238156255
4803	0.0007156905852
4804	0.0005179843877
4805	0.0005942384328
4806	0.002864027284
4807	0.0008580351646
4808	0.0002705751237
4809	0.0004137307101
4810	0.00100027792
4811	0.0005634251637
4812	0.0003825767741
4813	0.01074897582
4814	9.21916152e-05
4815	7.937377058e-05
4816	0.0004282709249
4817	0.0004776405573
4818	0.0006408869307
4819	0.0003853036865
4820	0.02792041582
4821	6.258327788e-05
4822	0.002120251944
4823	0.001800543859
4824	4.554872014e-05
4825	0.0004362560752
4826	0.000120330617
4827	0.001457342598
4828	0.001193336059
4829	0.004144344976
4830	0.00154047093
4831	0.005311212351
4832	0.0002121558244
4833	0.0004278630171
4834	0.0006834623468
4835	0.001377795407
4836	0.0006594011632
4837	0.0009469365369
4838	0.0001953288574
4839	0.001780941709
4840	0.001473176062
4841	0.001455010425
4842	0.001081862053
4843	0.000198364884
4844	0.001457148976
4845	0.0009885267202
4846	8.959886881e-05
4847	0.0003708800345
4848	0.001567480804
4849	0.0007994543209
4850	0.01156483914
4851	0.0001496371655
4852	0.001245216718
4853	0.001350349417
4854	4.790497119e-05
4855	1.70890156e-05
4856	0.0007516752918
4857	7.320604314e-05
4858	0.0001626695592
4859	0.0006837386235
4860	0.0002105279634
4861	0.0003024244403
4862	0.0009947457622
4863	0.0006263992985
4864	0.0004258626545
4865	0.005433836228
4866	0.0007293014002
4867	0.001059834211
4868	0.0006650557253
4869	0.001444795636
4870	0.0004133033539
4871	0.0008209361031
4872	0.01339273512
4873	0.00016211596
4874	0.001705556785
4875	0.001122891471
4876	0.001567073548
4877	0.0005408397474
4878	1.613544018e-05
4879	0.0005827197193
4880	0.002860345115
4881	7.71588898e-05
4882	0.001131645512
4883	0.0003019977113
4884	0.001486206119
4885	0.005268613765
4886	0.001886930342
4887	0.001371874764
4888	0.001000813303
4889	0.000104599583
4890	0.001470473425
4891	0.001237612699
4892	7.649214815e-05
4893	0.0003021043963
4894	0.000375249362
4895	0.00398276439
4896	0.0002947965014
4897	0.0005680449713
4898	0.003385641788
4899	0.0001793828499
4900	0.002112065678
4901	0.0003212752666
4902	0.001811310509
4903	0.0009521899614
4904	0.0003761788132
4905	0.002224713773
4906	0.001649317686
4907	0.001170736843
4908	0.0002855523268
4909	0.01378641281
4910	0.0004383547987
4911	0.004537048282
4912	0.001272507644
4913	2.510899687e-05
4914	0.003850524428
4915	7.674931047e-05
4916	0.002178374917
4917	0.000480474172
4918	0.0121615272
4919	0.00144912141
4920	0.005752958142
4921	5.483453807e-05
4922	0.001380711587
4923	0.001283683089
4924	0.002001482551
4925	0.0005350646987
4926	0.004357019398
4927	0.0002606544661
4928	0.0006605934881
4929	0.000430870917
4930	0.0003106522951
4931	0.002038034295
4932	0.0002039744799
4933	0.0002014269243
4934	0.0006140131252
4935	0.001014266189
4936	0.001177730715
4937	0.002831303381
4938	0.0008811745572
4939	0.007133025362
4940	0.00105216114
4941	0.002467009395
4942	0.0002540065663
4943	0.001043915306
4944	0.0008435101276
4945	0.0005784258302
4946	0.0054179177
4947	0.009700994719
4948	0.01054532098
4949	0.0001653752957
4950	0.0001931224351
4951	0.000883296061
4952	0.001531210142
4953	0.0004185733955
4954	0.00103603142
4955	0.002014013822
4956	0.0002226849338
4957	0.0009515313528
4958	0.001333894918
4959	0.0006174637416
4960	0.000576899316
4961	0.0004833845638
4962	0.0002460788595
4963	0.00128660893
4964	0.001403698173
4965	0.0006167817218
4966	0.0009105177579
4967	0.000938204564
4968	0.007479078667
4969	9.150663994e-06
4970	0.000530687718
4971	0.0002961678361
4972	0.001106974349
4973	0.0007628156456
4974	0.0001656775392
4975	0.0002987502926
4976	0.0003809743823
4977	0.001028596026
4978	0.0003009066521
4979	0.0007203349773
4980	0.001376666
4981	0.0003796202388
4982	0.0003260390106
4983	0.001001007054
4984	0.002121223947
4985	0.000231840903
4986	0.0005383247168
4987	0.0003987888147
4988	0.006684881901
4989	0.006667034491
4990	0.0007623960842
4991	0.0001369848321
4992	0.0001411639216
4993	0.0008821104388
4994	0.001308879192
4995	0.000775191181
4996	0.0002940023077
4997	5.84700118e-05
4998	0.001104165508
4999	0.002637081577
5000	0.0009295562274
5001	0.002563420867
5002	0.0007752393626
5003	4.649286468e-05
5004	0.002394563901
5005	0.005033638936
5006	0.001726263927
5007	0.001776458259
5008	0.0007164534389
5009	0.0005013782789
5010	0.0004675356699
5011	0.000440193479
5012	9.725730421e-05
5013	0.001105496192
5014	0.0002559095199
5015	0.0001138059333
5016	0.0007149209386
5017	0.001361390591
5018	0.000131911381
5019	0.0007088846673
5020	0.0002869780345
5021	0.0003547747012
5022	0.000795028798
5023	0.001073609003
5024	0.0006254578479
5025	0.002101584651
5026	0.000448787992
5027	0.0002522341695
5028	0.0003448905612
5029	0.001518945018
5030	0.0004426444269
5031	0.0007464751735
5032	0.0004598832842
5033	0.0005775632024
5034	2.404955356e-05
5035	0.001603074167
5036	0.0002169216618
5037	0.00204127534
5038	0.001395814464
5039	0.0008324942457
5040	0.0002147910113
5041	0.001262041245
5042	0.009415119083
5043	0.002349298993
5044	0.0002658920081
5045	0.001479208471
5046	0.008937011927
5047	0.01432718441
5048	0.001912326717
5049	0.0002774061529
5050	0.001043814209
5051	0.003967781653
5052	0.001442420505
5053	0.0004651809179
5054	0.0006536416959
5055	0.0006801064176
5056	0.002280374797
5057	0.004794964366
5058	0.000364306114
5059	9.093265818e-05
5060	0.001489179248
5061	0.0004979789031
5062	9.510237809e-05
5063	0.0006647160024
5064	0.001244867425
5065	0.001629995569
5066	0.0002369041826
5067	0.007152975802
5068	0.003450425885
5069	0.001189797532
5070	0.005652224574
5071	0.02083529812
5072	0.005454578964
5073	0.0009007805997
5074	0.001138679954
5075	0.0004437601604
5076	0.001330707035
5077	0.0002845409608
5078	0.001581749021
5079	0.002504858993
5080	0.000456267153
5081	0.000145787158
5082	0.0006982771695
5083	0.001061074705
5084	0.0003480052552
5085	0.0006701314034
5086	0.000411245208
5087	0.00233657943
5088	0.0003231631751
5089	0.001064076812
5090	0.0004043868336
5091	0.008561537551
5092	0.001436881684
5093	0.0006744681994
5094	0.001495618022
5095	0.0003913861412
5096	0.0002285408587
5097	0.003446417686
5098	0.0002518822472
5099	0.001930278099
5100	0.0001533664008
5101	0.0003399370376
5102	0.0004032334242
5103	0.01078815582
5104	0.001397726206
5105	0.0007264267326
5106	0.001140553985
5107	0.001364426161
5108	0.000403117796
5109	0.000604717714
5110	0.002076613067
5111	0.004196278257
5112	0.001026996745
5113	0.0005028409056
5114	0.002730017256
5115	0.0008561593022
5116	2.612905999e-05
5117	0.005027452371
5118	0.0008157058596
5119	0.009949711355
5120	0.0003666346749
5121	0.0003793193007
5122	0.0003089848045
5123	0.000416594447
5124	0.001512839776
5125	0.001015315606
5126	0.003504154097
5127	0.01521832626
5128	0.01109577985
5129	0.0001726671123
5130	0.01357808413
5131	0.0006575949644
5132	0.001254200738
5133	0.0006521106517
5134	0.001294964429
5135	0.0172008257
5136	0.004845510689
5137	0.0009460612647
5138	0.0006032443922
5139	0.001881286805
5140	0.003048533803
5141	0.001125155301
5142	0.0005405295911
5143	0.007811894558
5144	0.00185227515
5145	0.00157647842
5146	0.0008015162914
5147	0.000231027118
5148	0.0003583117979
5149	0.001791845966
5150	0.01464033747
5151	0.0005845078489
5152	0.000470612381
5153	0.0001733161006
5154	0.001347794953
5155	0.0002096227189
5156	0.0005242739042
5157	0.0008436758379
5158	0.002636364459
5159	0.002590351632
5160	0.001292631219
5161	0.001169629824
5162	0.0006527861362
5163	0.001891982946
5164	0.0002766012603
5165	0.005253422946
5166	0.0001631028227
5167	0.004501236448
5168	0.001040557244
5169	0.007515756589
5170	0.0002470765289
5171	0.0004536633864
5172	0.0002034607091
5173	0.0001897944578
5174	0.0002526190192
5175	0.0004259405122
5176	0.0006998508472
5177	0.0003684661934
5178	0.0001181359261
5179	0.0003707295003
5180	0.00105881109
5181	0.0004223490854
5182	0.0003613998494
5183	0.001340355221
5184	0.000950504719
5185	0.0008714053874
5186	0.000770982353
5187	0.0009481600778
5188	0.0002094228092
5189	0.0008025224362
5190	0.0005699322466
5191	0.0004249120631
5192	0.004377372573
5193	0.001075235369
5194	0.002060116267
5195	0.0007638416673
5196	0.001373389396
5197	0.01444601383
5198	0.0009670913377
5199	8.109467609e-05
5200	0.0004146579178
5201	0.0007407866526
5202	0.01220324428
5203	0.003969781437
5204	0.002503899428
5205	0.0009980162285
5206	0.0009520590724
5207	0.00383596802
5208	0.001990187106
5209	0.0003003125713
5210	0.005729028043
5211	3.254345204e-05
5212	0.001590719577
5213	0.001597371893
5214	0.0005644496131
5215	0.0006798712239
5216	0.002570826318
5217	0.0002075033941
5218	0.0005855452417
5219	0.0002470905314
5220	2.484134761e-05
5221	0.0001096429892
5222	0.001704700646
5223	0.0001464244132
5224	0.0009059999125
5225	0.0004505458432
5226	0.0001683568932
5227	0.001843029586
5228	0.0003341534175
5229	0.001551033636
5230	0.0005389101259
5231	0.0006066732176
5232	0.0001013134108
5233	0.00072056776
5234	0.0006118652372
5235	0.001889721237
5236	0.007154133771
5237	0.001966764758
5238	0.0001498296922
5239	0.0004426414261
5240	0.01100439245
5241	0.01518448532
5242	0.000620210136
5243	0.01027232284
5244	0.004882893203
5245	0.0007263024314
5246	0.0003751605431
5247	0.0002695161377
5248	0.004582541728
5249	0.0002989714362
5250	0.001252749796
5251	0.0001857127626
5252	0.002138329666
5253	5.159508515e-06
5254	1.142681217e-05
5255	6.245458396e-06
5256	0.0006646665484
5257	0.003856236274
5258	0.0005642827543
5259	0.0002129194628
5260	0.001260379281
5261	0.0007345709506
5262	0.003361289352
5263	0.0002355184663
5264	0.02072996912
5265	0.0008773689242
5266	0.0008193325857
5267	0.000360032093
5268	0.0008488694691
5269	0.001384473301
5270	0.00109887268
5271	0.0001634143368
5272	0.00023487968
5273	0.0001421100109
5274	0.0002926950656
5275	1.477891166e-05
5276	0.0005346613059
5277	0.0005625501685
5278	0.001985966834
5279	0.0006281033942
5280	0.002125261541
5281	0.0001247263702
5282	0.0004965003225
5283	0.001099657578
5284	0.0009933702416
5285	0.008871600057
5286	0.00644277806
5287	0.001185013503
5288	0.0003551081379
5289	0.001526054255
5290	0.0007209022906
5291	0.007975855985
5292	0.01124275123
5293	0.0008204011402
5294	0.00154436394
5295	0.001226560938
5296	0.0005524660839
5297	0.002751409043
5298	0.001025021408
5299	0.0006857376906
5300	0.00501917535
5301	0.001266825878
5302	0.00137150452
5303	0.001236559331
5304	0.001769701286
5305	0.0139862447
5306	0.001515153918
5307	0.0005517814448
5308	0.005519535428
5309	0.0003265869134
5310	0.00154498794
5311	0.004274964871
5312	0.003657965094
5313	0.00053521396
5314	0.001075997597
5315	0.0001834891863
5316	0.0001379601415
5317	0.0004853217558
5318	0.0005849993261
5319	0.001122845467
5320	4.021148876e-05
5321	0.007560159302
5322	0.001397189971
5323	0.0009819932145
5324	0.0007480898965
5325	0.000743259901
5326	0.001452887945
5327	0.001024844575
5328	0.0007427288924
5329	0.001178267139
5330	0.0005404077393
5331	0.0002736840022
5332	0.0004051300553
5333	0.0005938339515
5334	0.000627242989
5335	0.0007333070004
5336	0.002623805036
5337	0.001120705392
5338	0.0001755944882
5339	0.001230740925
5340	0.0005735747062
5341	3.188921107e-05
5342	0.0003032666371
5343	0.0007496901231
5344	0.001286025792
5345	0.001966807637
5346	0.00169711273
5347	0.0005708351242
5348	5.820492753e-05
5349	0.0003302994222
5350	0.0002083633831
5351	0.0007173976197
5352	0.0003374596131
5353	0.0003699885899
5354	0.0007785922872
5355	0.0009622362145
5356	0.002160055828
5357	0.0008869073682
5358	0.001610190169
5359	0.0004643427814
5360	0.003279662259
5361	0.001577601704
5362	0.001611926004
5363	0.0004841962183
5364	0.003473165118
5365	0.000244619493
5366	0.0003374350833
5367	0.0005622824433
5368	0.001039134706
5369	0.0007468460614
5370	0.0002801658359
5371	0.003483690291
5372	0.0001504942902
5373	0.0002606994275
5374	0.0007440081041
5375	0.0001857590966
5376	0.0004612378582
5377	0.000840734824
5378	0.01475925248
5379	0.006190775145
5380	0.0009316667668
5381	0.001554730527
5382	0.0004386084923
5383	9.88354841e-05
5384	0.001373614615
5385	0.0002269120817
5386	0.003116099594
5387	0.0001201053381
5388	0.0005805882766
5389	0.001293893216
5390	0.001715928565
5391	3.841065888e-05
5392	0.0004149365255
5393	0.0008125115935
5394	6.343578802e-05
5395	0.0004681194658
5396	0.0002692453914
5397	5.244308731e-05
5398	0.00097762691
5399	0.008898152605
5400	0.0003096041739
5401	0.005536990242
5402	0.0007764561698
5403	0.0006323974813
5404	0.0003107128993
5405	0.0001704651144
5406	0.000862816015
5407	4.495767606e-05
5408	0.0005214075503
5409	0.000397111955
5410	0.0007395808182
5411	0.0001710658346
5412	0.0002909311636
5413	0.02405823964
5414	7.378741993e-05
5415	0.0008842746662
5416	0.00102944793
5417	9.626230513e-05
5418	0.0009715139573
5419	0.001260911243
5420	0.0004560775749
5421	0.0005627230911
5422	0.001623949459
5423	0.001641079111
5424	0.0006936585013
5425	0.001202820358
5426	0.0005636366179
5427	0.0003489876213
5428	0.001331274215
5429	0.0006209017891
5430	0.001190651939
5431	0.001571165155
5432	0.001561579106
5433	0.001076865381
5434	0.001943748211
5435	0.0007608330055
5436	0.001038115535
5437	0.00080935367
5438	0.001435051898
5439	0.002104749615
5440	0.000593093953
5441	0.001119867799
5442	0.0007278218265
5443	0.0006403242794
5444	0.001348453336
5445	0.001230203833
5446	0.0004872196691
5447	0.0003458946094
5448	0.0008122780408
5449	0.001407472325
5450	0.001161269392
5451	0.002459130997
5452	0.0001306270155
5453	0.001782417979
5454	0.001608863506
5455	0.0009758143377
5456	0.0003092787859
5457	0.0005907913235
5458	0.0001873041029
5459	0.0006780165735
5460	0.0007644109075
5461	0.0002669192521
5462	0.00087754071
5463	0.0003621649197
5464	0.00102668253
5465	0.0007538234099
5466	0.005970458243
5467	0.0002526187753
5468	0.0002108525927
5469	7.604912512e-05
5470	0.00401290191
5471	0.001267240981
5472	0.0005708888399
5473	0.0005005974389
5474	0.003494119973
5475	0.0001715756701
5476	4.044193657e-05
5477	0.0007605401935
5478	0.008933806859
5479	0.0001024431993
5480	0.01421803955
5481	0.0002250674871
5482	0.0004747715511
5483	0.000119989776
5484	0.0004676440536
5485	0.001606586489
5486	0.01658412173
5487	0.003372766975
5488	0.001064342302
5489	0.00189302698
5490	0.0008458152702
5491	0.006257551785
5492	0.0001730143951
5493	0.01074354875
5494	0.0002927467721
5495	0.001462748408
5496	0.00200766438
5497	0.005823962715
5498	0.0008925321161
5499	0.001608016434
5500	0.001587136408
5501	0.0003757997099
5502	0.0133477374
5503	0.0008706793697
5504	0.002454202595
5505	0.001294352682
5506	0.001372131835
5507	0.0002027440434
5508	0.000220764307
5509	0.000626479564
5510	6.450308698e-06
5511	0.007650191485
5512	0.000172943427
5513	0.0002476438043
5514	0.000436451014
5515	0.0003242525067
5516	0.001559566317
5517	0.0004118387832
5518	0.0004252334714
5519	0.0001229795999
5520	0.001856295755
5521	0.001233468784
5522	3.886157694e-05
5523	0.0007974636071
5524	0.001002768405
5525	0.0006669833542
5526	0.009417018127
5527	0.0005732414719
5528	0.0004093925578
5529	0.0008617017712
5530	0.0009768824329
5531	0.0007360375683
5532	0.0002158162809
5533	0.0002755183316
5534	0.0001700655638
5535	0.0008321623189
5536	0.0006416993348
5537	0.001528571267
5538	0.005022899111
5539	0.0008241273755
5540	0.002136779214
5541	9.176458827e-05
5542	0.001774192064
5543	0.0007585976585
5544	0.0001879746624
5545	0.002272080509
5546	0.0006682417045
5547	0.006284416734
5548	0.0009633299428
5549	4.563186487e-05
5550	0.0004347757807
5551	0.0001086605674
5552	0.0006964493665
5553	5.025218921e-05
5554	0.002140048008
5555	0.0006055776487
5556	0.0002643130215
5557	0.006339443561
5558	0.001645369996
5559	0.0003298436789
5560	0.001613028753
5561	0.0328351699
5562	0.006796719205
5563	0.0005917391461
5564	0.0004416997868
5565	0.0002399244057
5566	0.0007180659932
5567	0.001492319154
5568	0.007734251794
5569	0.000271969499
5570	0.004322874289
5571	0.0007427669763
5572	0.001068863531
5573	0.0009386705837
5574	0.0008271478601
5575	0.0006319810608
5576	0.001491580355
5577	0.0005656503447
5578	9.022012451e-05
5579	0.006440084974
5580	0.01143292988
5581	0.0006266185703
5582	0.0004128571446
5583	0.002740531778
5584	0.0003071706747
5585	0.006298178962
5586	0.001127238527
5587	7.732035131e-05
5588	0.0007403005415
5589	7.492417456e-05
5590	0.002130283143
5591	0.0001311702733
5592	0.001283537938
5593	5.34018831e-05
5594	0.0001745206707
5595	0.01271040748
5596	0.0003890135935
5597	0.006329919577
5598	0.00113931274
5599	0.002224691488
5600	0.000708217377
5601	0.0005015860111
5602	0.002387707458
5603	0.0006608268204
5604	0.001404024416
5605	0.000506204963
5606	0.000790099551
5607	0.0005327851949
5608	0.0003658945298
5609	0.000499916205
5610	0.01235521396
5611	0.001656538025
5612	0.0001790683964
5613	0.001239848133
5614	0.0001860159513
5615	0.0007293666138
5616	0.00108211765
5617	0.00200500038
5618	0.00203888317
5619	0.0008802688872
5620	0.001857659173
5621	0.002202205359
5622	0.0007875656331
5623	0.002376401492
5624	0.0003314524818
5625	0.0008968207016
5626	0.0006526129292
5627	1.673851232e-05
5628	0.00052189302
5629	0.001327978674
5630	0.0006939120044
5631	0.0002305090391
5632	0.0002548724523
5633	0.0007480931989
5634	0.00117684222
5635	0.001029813547
5636	0.000165343704
5637	0.0258010177
5638	0.005948199296
5639	0.00423200523
5640	0.01139545674
5641	0.00114609463
5642	6.927135683e-05
5643	0.0005677849324
5644	0.0009036135906
5645	0.0003813987322
5646	0.0101112946
5647	3.021642015e-05
5648	6.569148864e-05
5649	0.001023151057
5650	0.00167548701
5651	0.0005902711048
5652	0.0008943402567
5653	0.0009739582728
5654	0.0006968946785
5655	0.00188313406
5656	0.001671599178
5657	0.0008040823904
5658	0.001387922707
5659	0.001542445571
5660	0.001976810474
5661	0.0004982721703
5662	0.02011494731
5663	0.0004113506527
5664	0.001088825087
5665	0.0005005259202
5666	0.0002385158512
5667	0.00124806198
5668	0.0001939648112
5669	0.0009832805831
5670	0.0007665611572
5671	0.01784925447
5672	0.0002145756985
5673	0.0008594215717
5674	0.000515279258
5675	0.0005620069803
5676	9.936273457e-05
5677	0.001208657499
5678	0.0002776879009
5679	0.0007473456569
5680	0.001150725878
5681	0.0008804879274
5682	0.0001420786231
5683	0.000856901209
5684	0.0004898603224
5685	0.0006252276125
5686	0.001271040907
5687	0.0009151138393
5688	0.001542710176
5689	0.001035722122
5690	2.079544076e-05
5691	0.0004531548535
5692	0.0002094796124
5693	0.003731368682
5694	0.0002962746637
5695	0.0003705507534
5696	0.0009434136911
5697	2.751872723e-05
5698	0.002180653086
5699	0.0006468821878
5700	0.0004724199394
5701	0.006853883045
5702	0.001250858273
5703	2.136520048e-05
5704	0.001249344495
5705	0.001486496611
5706	0.0009001351451
5707	0.0001631966663
5708	0.01196963514
5709	0.001159343368
5710	4.365423932e-05
5711	0.0004306113901
5712	2.252022367e-05
5713	0.0005199485933
5714	0.0005153585359
5715	0.0006684574151
5716	0.001803620564
5717	0.0004396737992
5718	0.002948883944
5719	0.001162053616
5720	0.000352679771
5721	0.0003133197114
5722	0.0002552751809
5723	0.000551610126
5724	0.0006959210096
5725	0.0003408722334
5726	0.0003290794706
5727	0.0002808120108
5728	0.006037747329
5729	0.0006347947705
5730	0.0005298375884
5731	0.007690560856
5732	0.00118258153
5733	0.001666424616
5734	0.0002531361498
5735	0.000152060196
5736	0.001416469986
5737	0.000283547499
5738	0.002687399532
5739	0.0002404160332
5740	0.005773808005
5741	0.0008044159373
5742	0.001268989337
5743	0.000819782934
5744	0.001097976797
5745	0.001478288713
5746	0.002920669803
5747	0.000284898487
5748	0.0002826712949
5749	0.0005914858941
5750	0.0003034503543
5751	0.004202064533
5752	0.009603323529
5753	0.000233959503
5754	0.003356481824
5755	0.001038900035
5756	0.002173593502
5757	0.0006594595956
5758	0.01362782201
5759	0.0004323741941
5760	0.0001234917771
5761	0.0001770491665
5762	0.001183523893
5763	0.001692205211
5764	0.0002599519612
5765	0.0002838229971
5766	0.0002678928002
5767	3.116353936e-05
5768	0.001452555473
5769	0.002147259826
5770	0.001235565993
5771	0.001638385223
5772	0.0007560623201
5773	0.0004519138372
5774	0.000596162646
5775	0.004296964843
5776	0.0003380696226
5777	0.0003486117468
5778	0.001499863195
5779	0.0006975207197
5780	0.00137507945
5781	0.01695808813
5782	0.0002472186047
5783	0.001046082922
5784	0.0008637217372
5785	0.0004249392613
5786	0.0003416548781
5787	0.0001773320271
5788	0.0008903012269
5789	0.0003221331254
5790	0.0008736653708
5791	0.0002357491396
5792	0.00710234006
5793	0.002812768585
5794	0.0006335376575
5795	0.0002397659912
5796	0.001439003637
5797	0.0002200793441
5798	0.0009361156747
5799	0.0002809002036
5800	0.00829737789
5801	0.0005863892606
5802	0.001471100006
5803	0.0007923418091
5804	0.00036034565
5805	0.0002255541926
5806	0.0002695550338
5807	0.0007307949788
5808	0.003684636376
5809	0.001008950967
5810	0.001797901353
5811	6.645260684e-05
5812	0.007595827189
5813	0.0004015315799
5814	7.512430968e-05
5815	0.001555720862
5816	0.0004190379441
5817	0.0049775828
5818	0.0003412762749
5819	0.0007763595819
5820	0.000127826766
5821	0.0005660510268
5822	0.0005198103445
5823	0.0002288978054
5824	0.001271465652
5825	0.0007293493694
5826	0.0005908576169
5827	0.004034439242
5828	0.0004891993577
5829	0.0023576618
5830	0.001283951909
5831	0.0002805543262
5832	0.002731503163
5833	0.0003106420539
5834	9.791125312e-05
5835	0.001179117571
5836	0.0008792476423
5837	0.0001860660302
5838	0.001012050093
5839	0.007716970464
5840	0.0003143031712
5841	0.000279093278
5842	0.005472819111
5843	0.0001609673654
5844	0.000636579744
5845	0.002428771441
5846	0.0008541630194
5847	0.0004296065814
5848	0.006412320551
5849	0.0006257195313
5850	0.0008991508219
5851	0.0001283227741
5852	0.0008349792386
5853	0.0007664912566
5854	0.0006627622895
5855	0.0002731622059
5856	0.002428438017
5857	0.004286769856
5858	0.005039426892
5859	0.001222357648
5860	0.0001022271327
5861	0.0007611504464
5862	0.0009557000637
5863	0.0003704961563
5864	0.0005770833867
5865	0.001782622737
5866	0.0001390996388
5867	0.0005795602027
5868	0.0006939768775
5869	0.000539920939
5870	0.0003616260322
5871	0.0003070214493
5872	0.0002471601236
5873	0.002071996311
5874	0.0006110107422
5875	0.001663300557
5876	0.0002388642838
5877	5.307113308e-05
5878	0.00219154948
5879	0.003438403876
5880	0.0003554195518
5881	0.0007938200197
5882	0.0008883983682
5883	0.0008105977765
5884	0.002924320715
5885	0.000582658105
5886	0.001513475903
5887	0.001730361181
5888	0.0008446081502
5889	0.003022607925
5890	0.0008408454991
5891	9.138079165e-06
5892	9.366717828e-05
5893	0.0002511859927
5894	0.0006058031873
5895	0.003700902478
5896	0.0001751653325
5897	0.0005601171268
5898	0.003392447476
5899	0.0005290806851
5900	0.003670042089
5901	0.001212594901
5902	0.001176164934
5903	0.01162131462
5904	0.0001799798065
5905	1.867691326e-05
5906	0.001074756386
5907	0.0008191988675
5908	0.00105232425
5909	8.374985082e-05
5910	0.0003904028422
5911	0.0004603254133
5912	0.0002136215781
5913	6.730780197e-05
5914	0.01015184812
5915	0.0001454443763
5916	0.0006776813812
5917	0.0007279347451
5918	0.001548082232
5919	0.001055675046
5920	0.0004249888526
5921	0.0008833980734
5922	0.0007509208459
5923	0.0004733841741
5924	0.0009980498426
5925	0.0007263445629
5926	0.001303645565
5927	0.0006677447256
5928	0.008014510966
5929	0.00126644383
5930	7.779017858e-05
5931	0.0008548597304
5932	0.004035674918
5933	0.000155174682
5934	0.0002219041751
5935	0.0005974936607
5936	0.0004820070005
5937	0.001092363231
5938	0.0002249169083
5939	0.0004699640496
5940	0.003568177523
5941	0.001850812624
5942	0.0003026479895
5943	0.01382842802
5944	0.0004350105487
5945	0.001793815461
5946	0.0001215752606
5947	0.0006060526054
5948	0.0001930376365
5949	0.01447211592
5950	0.0008339286502
5951	0.0006221935281
5952	0.0005104892467
5953	0.0009345878779
5954	0.0002644861952
5955	0.0004917104328
5956	0.001873934312
5957	0.0004138875485
5958	0.001809334377
5959	0.0003031973993
5960	5.495688185e-06
5961	0.001293053859
5962	0.0007847500582
5963	0.002706877419
5964	0.001242538814
5965	0.001391638737
5966	0.003246121128
5967	0.0005936457629
5968	0.0006074457553
5969	0.00305083077
5970	0.001045187597
5971	0.001227130631
5972	0.0008723613893
5973	0.000189150947
5974	0.0001321371312
5975	0.001056441633
5976	0.0004617057103
5977	0.0006595538438
5978	0.0008269331397
5979	0.00258092248
5980	0.0004522086011
5981	0.001797088089
5982	0.0006520938028
5983	0.01050202808
5984	0.004477156485
5985	0.0006357027253
5986	0.001531616491
5987	0.0006379762085
5988	0.0005870531667
5989	0.001782505774
5990	0.001370448863
5991	0.0002455684747
5992	0.000720363401
5993	0.0009371526569
5994	0.0006088344927
5995	0.0001071653174
5996	0.001498682977
5997	0.001461004458
5998	3.060815371e-05
5999	0.001647123787
6000	0.001947635788
6001	0.001197463533
6002	0.000475725251
6003	0.001400754542
6004	0.001368951885
6005	0.001988405284
6006	0.001399336573
6007	0.00103053345
6008	0.0001226495048
6009	0.01418529231
6010	0.0001161659515
6011	0.001194025425
6012	0.00141011197
6013	0.0009292746631
6014	0.0008177512165
6015	0.001369244342
6016	0.0005150988861
6017	0.0003242048322
6018	0.0002812485104
6019	0.00122288221
6020	0.0005745107432
6021	0.001546858458
6022	0.0005967298371
6023	0.01164486764
6024	0.002789508921
6025	0.001985966921
6026	3.215607733e-05
6027	0.004293102097
6028	0.0007253701702
6029	0.0002096903683
6030	0.0007061722161
6031	0.000779860592
6032	0.005140928696
6033	0.0006348859446
6034	0.001965011968
6035	0.001104711718
6036	0.01064955847
6037	0.0007536854176
6038	0.0007591458417
6039	0.0004011598723
6040	0.0009414514897
6041	0.002666879871
6042	0.0004756814294
6043	0.001797913702
6044	3.702874568e-05
6045	0.0008943235641
6046	0.0001928241499
6047	0.0009967022378
6048	0.0003205184389
6049	0.0009083994944
6050	0.002670955252
6051	0.002036554101
6052	0.0009650165423
6053	0.001964530429
6054	0.0008468988384
6055	0.0004792139186
6056	0.0008750908599
6057	0.002271949612
6058	0.02136309892
6059	0.003016339324
6060	0.0009835368434
6061	0.0005550283756
6062	0.0003964012048
6063	0.000788650013
6064	0.002175481647
6065	0.00143972119
6066	0.001320713228
6067	0.001042096822
6068	0.001903128737
6069	0.0005444249382
6070	0.0001081390986
6071	0.0005304017354
6072	0.00688005021
6073	0.001129876432
6074	0.001543993033
6075	0.0007597865995
6076	0.003601525305
6077	0.0007935749054
6078	5.082036925e-05
6079	2.36443775e-05
6080	0.01278415778
6081	0.001512592814
6082	0.001530756727
6083	0.0002265526912
6084	0.0005997321038
6085	0.0005405878772
6086	0.001064319396
6087	0.0002288277813
6088	0.0009658437441
6089	0.0003399742938
6090	0.0001949962931
6091	0.0007237930657
6092	0.0002010089283
6093	0.001961167081
6094	0.001700011155
6095	0.001987212318
6096	0.0003683673403
6097	0.0007826540349
6098	0.0001520128373
6099	0.0001115570444
6100	0.001137476851
6101	0.0005990740191
6102	0.001653027237
6103	0.001120716286
6104	0.0004219014
6105	0.0007911121393
6106	0.0005661355198
6107	0.002243364368
6108	0.001905647717
6109	0.0006395522666
6110	0.0005619800882
6111	0.0007942541846
6112	0.01760548071
6113	0.004022105758
6114	0.0008207369102
6115	0.0003298924855
6116	0.0006866218143
6117	0.01383117105
6118	5.403864955e-05
6119	0.0007010856214
6120	0.0003546859657
6121	0.007112681494
6122	0.00132693876
6123	0.001966254989
6124	0.001078350918
6125	0.005645134556
6126	0.007487315109
6127	3.692042257e-05
6128	0.001628790562
6129	0.0002326183092
6130	0.0005972438119
6131	0.002583194678
6132	0.00114851383
6133	0.006090350581
6134	0.001278231074
6135	0.000955231887
6136	0.001664132991
6137	0.0005876656875
6138	0.001604992523
6139	0.000945987001
6140	0.0001616779181
6141	0.007459396486
6142	0.001368534584
6143	0.0007101770531
6144	0.009098858771
6145	0.0004842045345
6146	0.0008236784375
6147	0.0003360401547
6148	6.117497494e-05
6149	0.0003638395364
6150	0.0001660693704
6151	6.5799747e-05
6152	0.0003205077023
6153	0.000362533247
6154	0.0002052395192
6155	0.001142663101
6156	0.0006130021558
6157	0.0007860081423
6158	0.000380799747
6159	0.0001996921524
6160	0.006751225882
6161	0.0003863666093
6162	0.001423766899
6163	0.0007030966526
6164	0.0003705881216
6165	0.0004883976441
6166	0.0003750503534
6167	0.0007634113085
6168	0.0003829583325
6169	0.001514532782
6170	0.00887317131
6171	0.001392132715
6172	0.0004253763884
6173	0.0008874175081
6174	0.01016055977
6175	3.827589815e-05
6176	0.000207294935
6177	0.0009009996519
6178	0.0006005261532
6179	0.005173377152
6180	0.0006676215497
6181	0.0001652678526
6182	0.0004388392302
6183	0.00136840385
6184	0.0008494231076
6185	0.0005201810688
6186	0.001008569074
6187	0.0004880598686
6188	0.005209041396
6189	0.0009200927964
6190	0.0002346245894
6191	0.0005877617659
6192	0.0001332777664
6193	4.160415536e-05
6194	0.0001245287853
6195	0.0007259018808
6196	0.002853881211
6197	0.002765795555
6198	0.001072479801
6199	0.0005675304111
6200	0.0001615555749
6201	4.07656706e-05
6202	0.0004424890833
6203	0.0009626369832
6204	0.0001032137677
6205	2.632798408e-05
6206	7.319400416e-05
6207	0.0003955073649
6208	0.0009118562561
6209	0.0003566581876
6210	0.0004661987226
6211	0.001017180474
6212	0.0004757454722
6213	0.0007490138136
6214	0.0007970799255
6215	2.842092525e-05
6216	0.0004590563973
6217	0.002628932585
6218	4.518451418e-06
6219	0.000346139102
6220	0.0001315721117
6221	0.001979509164
6222	0.0002244421885
6223	0.001240975933
6224	0.001040866537
6225	0.002343561221
6226	0.001174196132
6227	0.002433904233
6228	4.0577695e-05
6229	0.006035888991
6230	0.0177153255
6231	0.001009385614
6232	0.0001950249344
6233	0.001016139785
6234	0.00900090978
6235	0.0001623669219
6236	0.006087261262
6237	0.0007000445386
6238	0.01427477388
6239	0.0007795042596
6240	0.0011220492
6241	0.000512164742
6242	0.001298457785
6243	0.0007399354415
6244	0.0004349987811
6245	1.297733913e-05
6246	0.003229382272
6247	0.000932460925
6248	0.001431305969
6249	0.0001045202176
6250	0.003891385847
6251	0.001614725242
6252	0.001774684954
6253	0.0008257758683
6254	0.001866134817
6255	0.0004691466333
6256	0.001554432238
6257	0.0004989217684
6258	0.0008396176793
6259	0.0001280619698
6260	0.0009658688577
6261	0.001269544505
6262	0.0006584112448
6263	9.245330777e-05
6264	0.001231701838
6265	0.0008579043771
6266	0.0006305085991
6267	0.0004168089242
6268	4.264502002e-05
6269	0.0008104032574
6270	0.002015868405
6271	2.630631115e-06
6272	0.0007383770456
6273	0.003149530718
6274	0.01620738908
6275	0.0005371745753
6276	4.105747179e-05
6277	0.01525667605
6278	0.0004353471218
6279	0.0006241192052
6280	0.006077532393
6281	0.0001320256534
6282	0.0009290460374
6283	0.002823957301
6284	0.0005646227421
6285	0.001061205169
6286	0.001298319507
6287	0.006114753894
6288	0.005924451898
6289	0.001472458134
6290	0.0007062210246
6291	0.005576581871
6292	0.0002348048064
6293	0.0002821069647
6294	0.0007954155316
6295	0.0005080948327
6296	0.001765230866
6297	0.001045773997
6298	0.00180650273
6299	0.001300189745
6300	0.0005303212182
6301	0.0003035319518
6302	0.001717774487
6303	0.00523816871
6304	0.0009009692629
6305	0.0002045678412
6306	0.0006378335013
6307	0.0002231884379
6308	0.001394971686
6309	0.002149568734
6310	0.0003506415532
6311	0.0008898563551
6312	0.0004716439583
6313	0.001088878651
6314	0.001556836853
6315	0.001120647259
6316	0.0002458305161
6317	0.0002422644548
6318	0.00168751523
6319	0.0005989467957
6320	0.0008567450051
6321	0.0004843207289
6322	0.0005170066166
6323	0.004144354034
6324	0.0002747815744
6325	0.0006572882985
6326	0.0001096811621
6327	0.0002787367303
6328	0.02694842204
6329	0.0005617925127
6330	0.001421062396
6331	0.0003875122729
6332	0.001628695366
6333	0.001983110555
6334	0.005801613033
6335	0.001382612234
6336	0.003912877112
6337	0.000752760615
6338	0.0008511116845
6339	0.000429511134
6340	0.001301892625
6341	0.0004289719066
6342	0.0001026956518
6343	0.0005799328262
6344	0.0008253229926
6345	0.001139466513
6346	0.0006786725139
6347	0.001041442556
6348	6.078044131e-05
6349	0.0002072346205
6350	0.0001061905896
6351	0.0004816077988
6352	0.0006194215254
6353	0.004204925372
6354	0.000742419043
6355	0.001505078336
6356	0.002481726539
6357	0.0006801746544
6358	2.25344829e-05
6359	0.00121343249
6360	0.0008980574799
6361	0.0001007305312
6362	0.0001174861155
6363	0.0004263047298
6364	0.0007113784005
6365	0.0008279384557
6366	0.001772690178
6367	0.0005330828226
6368	0.0002091037753
6369	0.001220360741
6370	0.0004759447995
6371	0.008265521592
6372	0.0009829523703
6373	0.01130501376
6374	0.002646555857
6375	0.0005906226217
6376	0.0004376654448
6377	7.369426059e-05
6378	0.002426160608
6379	0.000348248917
6380	0.01954735286
6381	0.0145410657
6382	0.001838300723
6383	0.001479935292
6384	0.0001321649228
6385	0.0009970778575
6386	0.002940842306
6387	0.00405960357
6388	0.006706953725
6389	0.0009005255077
6390	0.0005674167588
6391	0.002669396029
6392	0.001218200725
6393	0.0002748587748
6394	0.001095046452
6395	0.0003507762809
6396	0.0005517331605
6397	0.0008942401828
6398	3.13890437e-05
6399	0.00149225825
6400	0.001378830803
6401	0.00188265347
6402	0.0007163957498
6403	0.0007005164125
6404	0.002030646163
6405	0.001351682686
6406	0.0008641652353
6407	0.001460921563
6408	0.002020085079
6409	0.0008053009967
6410	0.007792193744
6411	0.000623786039
6412	0.001210642666
6413	0.002260084253
6414	0.003205648518
6415	0.00129409883
6416	0.001574083348
6417	4.045983394e-06
6418	0.0005066296581
6419	0.0008709917851
6420	0.0004385468764
6421	0.0006886789108
6422	0.0007051446951
6423	0.01019978551
6424	0.0001642527525
6425	0.001032378747
6426	0.0007200763304
6427	0.008594063916
6428	0.0001519447801
6429	0.01913378245
6430	0.0005673983807
6431	0.002106335216
6432	0.0003758269891
6433	0.001750498702
6434	0.007903320422
6435	0.0003201252993
6436	0.0009892528999
6437	0.0003892230304
6438	0.001420790703
6439	0.0008151732398
6440	0.0003259215658
6441	0.0006425987473
6442	0.0109042991
6443	0.001265337812
6444	0.001262356108
6445	0.0003287099982
6446	0.0001419033267
6447	0.00238152014
6448	0.001673602928
6449	0.006148724554
6450	0.001859661508
6451	4.531361979e-05
6452	0.008156459882
6453	0.0006378830415
6454	0.01566107942
6455	0.0007320321583
6456	2.181646875e-05
6457	0.008384425869
6458	0.001210280605
6459	0.003260066945
6460	0.0001984088212
6461	3.538313649e-06
6462	0.00117107118
6463	0.001184185486
6464	0.001019929299
6465	0.0003452860999
6466	0.003847555526
6467	0.001896074199
6468	0.001520141285
6469	0.0009591757453
6470	0.005577071067
6471	0.002157899236
6472	0.001296557277
6473	0.0003352204259
6474	0.0007256872948
6475	0.000572467392
6476	0.0003906930834
6477	0.004576063549
6478	0.003128993685
6479	0.0003515988158
6480	0.001313547892
6481	0.01326296153
6482	0.01931394165
6483	0.0005709768254
6484	0.0003576495926
6485	0.0004506806851
6486	0.0007156039622
6487	0.0006094059798
6488	0.0002521180794
6489	0.001357955385
6490	0.0006089065416
6491	0.001135470653
6492	0.005048693462
6493	0.001396146353
6494	0.001199457419
6495	0.003751128209
6496	0.00476703476
6497	0.0007381763259
6498	7.675393152e-05
6499	0.006966516422
6500	0.0003882280221
6501	0.0009198725723
6502	5.83755946e-05
6503	0.000609704475
6504	0.0005221171444
6505	0.0002517532196
6506	0.001039880572
6507	0.0001870979692
6508	0.001799918544
6509	0.002239090504
6510	0.0001422334106
6511	0.001448378696
6512	0.003185380332
6513	0.000153926713
6514	0.01493173038
6515	0.0002238602932
6516	0.0009094181282
6517	0.001194717666
6518	0.0002844303764
6519	0.000417270438
6520	1.013795831e-05
6521	0.0001119136078
6522	0.001075459827
6523	0.001104007725
6524	0.002608605316
6525	0.004340815066
6526	0.0007310565346
6527	0.0002672467891
6528	0.0002442997714
6529	0.001024910557
6530	0.0007607784943
6531	0.001028212777
6532	0.0008377131859
6533	0.0003549667911
6534	0.008133273894
6535	0.0005087753225
6536	3.27672273e-05
6537	0.002242060393
6538	0.001943735349
6539	0.0005072779919
6540	2.001916852e-05
6541	7.502184116e-05
6542	0.0008645402292
6543	0.001837606386
6544	0.003643421295
6545	0.002887252882
6546	0.001547100975
6547	0.0006160228689
6548	0.0005797984783
6549	0.0009213768768
6550	0.001711831051
6551	0.002585545296
6552	0.0006797643593
6553	0.001062105225
6554	0.001476218773
6555	3.127905545e-05
6556	0.0003886486863
6557	0.0005543124482
6558	0.0001912484744
6559	0.0005431380941
6560	0.001093853762
6561	0.0004658605058
6562	0.0004837635507
6563	8.11685466e-05
6564	0.001651256192
6565	0.0006502404509
6566	1.430204304e-05
6567	0.002790888801
6568	0.0009585447831
6569	0.0001312766783
6570	0.0001725409061
6571	0.001109220098
6572	0.000398094347
6573	0.001796747078
6574	0.00212302103
6575	0.00638972174
6576	0.0004422296583
6577	3.063135037e-05
6578	0.0002453918655
6579	0.001022352227
6580	0.000629571688
6581	0.001178083154
6582	0.0006876193316
6583	0.0001746333513
6584	0.001178290421
6585	0.0009777261932
6586	0.000191276282
6587	0.001732130528
6588	0.001521109689
6589	8.1571013e-05
6590	0.0002018580278
6591	0.0005075471567
6592	0.01540050899
6593	0.002344958404
6594	0.001411524413
6595	0.000508294995
6596	0.0006985228879
6597	0.0002264047943
6598	0.001090479703
6599	4.553878789e-05
6600	0.001606430081
6601	0.03353921391
6602	0.01160957608
6603	0.0003552382659
6604	0.002141297257
6605	0.00298533652
6606	0.002892904036
6607	0.001234741673
6608	0.0003328548519
6609	0.0008937853609
6610	0.0008957772484
6611	0.001370300451
6612	0.0008026042447
6613	0.0007407417707
6614	0.001642577456
6615	0.0007274155392
6616	8.222265384e-05
6617	0.0004122973001
6618	0.002106653951
6619	0.007264125959
6620	0.0004023091696
6621	0.0003261920274
6622	0.001436672345
6623	0.001162553767
6624	0.000287546916
6625	0.001295363075
6626	0.0006748399928
6627	0.004276568595
6628	0.0009477693316
6629	0.0008044889515
6630	0.01344904776
6631	0.0002107376631
6632	0.0002389200287
6633	0.001742859649
6634	0.0009256058407
6635	0.000347133173
6636	0.0009407667379
6637	0.0007917200927
6638	0.001548003236
6639	0.0008603436427
6640	0.001497942869
6641	0.006393165715
6642	0.001500093711
6643	0.002783803838
6644	5.427496316e-05
6645	0.0007938782046
6646	0.01062920338
6647	0.0009402443977
6648	0.007772913337
6649	0.0002310535152
6650	0.0007043739781
6651	0.0006722451929
6652	0.0006079327404
6653	0.0001436850782
6654	0.0009931929348
6655	0.001593770619
6656	0.001146503127
6657	0.0001694116573
6658	0.00160520754
6659	0.000106581971
6660	0.001442609081
6661	0.0002966173931
6662	0.004774522666
6663	0.0004211785833
6664	0.003596975435
6665	0.001222863625
6666	0.001370687071
6667	0.0006029400307
6668	0.001189727656
6669	0.007723737124
6670	0.0007379961415
6671	0.01324276755
6672	0.0001331781884
6673	0.001960892273
6674	0.001792807657
6675	0.0001371440459
6676	0.0006478086344
6677	0.01471756779
6678	0.0001824344411
6679	0.0003662219746
6680	0.001361174967
6681	0.0008906799849
6682	0.001328929737
6683	0.0003514582457
6684	0.0004200692946
6685	0.01186610322
6686	0.0004729286694
6687	0.00320812477
6688	0.0003367786583
6689	0.006295912098
6690	0.0006464993341
6691	0.0006926932406
6692	0.00145390865
6693	0.0009731549469
6694	0.0003163363829
6695	0.000174577664
6696	0.001193874977
6697	0.0009391276274
6698	0.001884522525
6699	0.01027792636
6700	0.001452041923
6701	0.001428799952
6702	0.003050146424
6703	0.001510942042
6704	0.001137960148
6705	0.009844129685
6706	0.001091555248
6707	0.0004746056209
6708	0.001153115834
6709	0.009169843611
6710	0.001147632933
6711	0.009864859215
6712	0.001056228773
6713	0.01793410438
6714	0.0005003811831
6715	0.0001337046352
6716	0.005244550175
6717	0.0004774428505
6718	0.001049777848
6719	0.0001876767308
6720	0.0004236935668
6721	0.005603768377
6722	0.0008737985902
6723	0.001106300896
6724	0.0005911680005
6725	0.0008015817782
6726	0.000901981488
6727	0.001968439566
6728	0.001119100752
6729	0.0004587289731
6730	0.003094783019
6731	0.0005744310238
6732	0.000870157577
6733	0.0007280883582
6734	0.0006671895376
6735	0.001710695447
6736	0.0002831218052
6737	0.006288126754
6738	0.001951571178
6739	0.000496846527
6740	0.002633602174
6741	0.001736190059
6742	0.0001753104472
6743	0.001011200728
6744	0.0008943253572
6745	0.001287235153
6746	8.023259393e-05
6747	0.001019882793
6748	0.0001644575716
6749	0.000862918296
6750	0.0003714105074
6751	0.0007501398829
6752	0.000466148475
6753	0.0004081142922
6754	0.004277767822
6755	9.104642401e-05
6756	0.000570237723
6757	0.001384608584
6758	0.001708310588
6759	0.001110085704
6760	0.0002278210386
6761	0.000404707735
6762	0.0004730562056
6763	0.0009156730365
6764	0.0007636769615
6765	0.0004705558544
6766	3.802406068e-06
6767	0.001131444189
6768	0.0007864238237
6769	0.0006757841796
6770	2.743541483e-05
6771	0.0001908664208
6772	0.0001707555836
6773	0.004302637312
6774	0.0002188970731
6775	9.92553714e-05
6776	0.001143037476
6777	0.0001678372626
6778	0.0006506485046
6779	0.001561877304
6780	0.0004910691256
6781	0.0007697441865
6782	0.0009436867889
6783	0.0006807365194
6784	0.00116088696
6785	0.0005272116108
6786	0.003199578104
6787	0.003318271459
6788	0.005716583061
6789	0.0005326702214
6790	0.000240457555
6791	0.001663681357
6792	0.002335595524
6793	0.0009230391264
6794	0.0002646231346
6795	0.002131516514
6796	0.001065173655
6797	0.001650767819
6798	0.0007172343253
6799	0.001352683807
6800	0.0003630113798
6801	0.001290285561
6802	9.186573568e-05
6803	0.00202828695
6804	2.765074059e-05
6805	0.001725119062
6806	0.000367167705
6807	5.99696207e-05
6808	0.0004267961593
6809	0.001745688368
6810	0.001111730568
6811	0.0001445127825
6812	0.0006633846065
6813	0.0003719345299
6814	0.0003249423642
6815	0.0009449322456
6816	0.001469106793
6817	0.0004577735776
6818	0.001009018726
6819	0.001013927041
6820	0.0007373124224
6821	6.289671526e-05
6822	0.0009076411446
6823	0.006579001306
6824	0.0007350483924
6825	0.001141971521
6826	0.000543885071
6827	0.0003555280963
6828	0.0008357135308
6829	0.001372621545
6830	0.000637926534
6831	0.002240010494
6832	0.0005983231183
6833	0.0009641235224
6834	0.0005304033654
6835	0.001290892897
6836	0.001766507898
6837	0.0001128678853
6838	0.002262056951
6839	0.0006575542411
6840	0.00123734198
6841	0.001078869396
6842	0.008595010437
6843	0.001146952082
6844	0.0003214085276
6845	0.001168706132
6846	0.0006243535593
6847	0.0009631409212
6848	0.0003934112386
6849	0.0007058314011
6850	0.002228718355
6851	0.001250630955
6852	0.001391495595
6853	0.002597955288
6854	4.832989251e-05
6855	0.0008027848245
6856	0.001307481476
6857	0.0009992048666
6858	0.0004823613417
6859	0.001936392992
6860	0.0006262521552
6861	0.0009188792073
6862	0.0005227862289
6863	0.001140003039
6864	4.659576125e-05
6865	0.001371226586
6866	0.0005942615733
6867	0.001785985773
6868	0.0002011522723
6869	0.001814166087
6870	0.0003212877411
6871	0.001018804221
6872	0.001276333736
6873	0.0009788959149
6874	0.0006793293715
6875	0.004115369126
6876	0.000139430937
6877	0.003499192585
6878	0.000158126127
6879	0.0006332940706
6880	0.0006816357915
6881	0.0009567440046
6882	0.01384574667
6883	0.0001642130914
6884	0.005977497475
6885	0.001237671675
6886	0.001168924573
6887	0.008408655694
6888	0.0002046304633
6889	0.002193707996
6890	0.0004157660935
6891	0.0009705445568
6892	0.0007908108065
6893	0.00113996366
6894	0.001331729765
6895	7.73121029e-05
6896	0.001061517971
6897	0.00102298543
6898	0.001997255255
6899	0.008299125354
6900	0.0005906783242
6901	0.00513850399
6902	0.0004456323917
6903	0.001124607531
6904	9.258640965e-05
6905	0.0006723537217
6906	0.01121623548
6907	0.001516932513
6908	0.0006411573538
6909	0.001154562398
6910	0.003310658958
6911	0.0007794802388
6912	9.508521754e-05
6913	0.0003012607603
6914	0.001102051813
6915	0.0003484711542
6916	0.001461416273
6917	0.0007652420511
6918	0.00118541618
6919	0.0117889467
6920	0.001124724538
6921	0.0005358784673
6922	0.00621059767
6923	0.0007069605967
6924	0.0003573477376
6925	0.001223004977
6926	0.0003685192459
6927	0.0005782083507
6928	0.0008469348034
6929	0.0004773406422
6930	0.001943615043
6931	0.0103481577
6932	1.577565147e-05
6933	0.0006952042825
6934	0.0005271098555
6935	0.006898803177
6936	0.00155522337
6937	0.000370888735
6938	0.003962706021
6939	0.0009538101913
6940	0.003283379382
6941	0.0004648959253
6942	0.0002889565508
6943	0.001500419071
6944	0.001705347971
6945	0.001347048821
6946	0.006161179259
6947	4.17041777e-05
6948	0.0003911309573
6949	0.0006913117043
6950	0.001708791233
6951	0.00265662328
6952	0.0004621507478
6953	0.001532591967
6954	0.0008104742185
6955	0.001206059745
6956	2.615914006e-05
6957	0.0004143974204
6958	0.0005442865798
6959	0.001506640445
6960	0.000373637267
6961	0.00162511386
6962	0.000510214635
6963	0.01109534356
6964	0.0002385239373
6965	0.002250339606
6966	0.01701046029
6967	0.008950655392
6968	0.004672096962
6969	6.227723271e-05
6970	0.000398120446
6971	0.0004424334717
6972	0.0006397566088
6973	0.0009706078055
6974	0.0002240727504
6975	0.001201501553
6976	0.0006236945323
6977	0.0008820608813
6978	0.0006953773138
6979	0.0004873584942
6980	0.000977350391
6981	0.001437850435
6982	0.01011916467
6983	0.001173760202
6984	0.0001447030459
6985	0.001209201275
6986	0.001249741086
6987	0.001671639523
6988	0.001103883527
6989	0.0008643832955
6990	4.102677675e-05
6991	0.0005590287099
6992	0.0001078110091
6993	0.000316746887
6994	2.792880353e-06
6995	0.005510364328
6996	0.0007330212641
6997	0.005800580683
6998	0.001804727615
6999	0.004509514477
7000	0.01170464476
7001	0.0008570686799
7002	0.008546628313
7003	0.0007724173898
7004	0.0004824402122
7005	0.0001486992236
7006	0.0004348530338
7007	0.001136931749
7008	0.0001516462837
7009	0.0007507430296
7010	0.02165694577
7011	0.005943368738
7012	0.0006558889827
7013	0.0004242078093
7014	0.0004390370078
7015	0.004483281748
7016	0.001933985858
7017	0.0007437868044
7018	0.0004837967275
7019	0.0007201237076
7020	0.008535686897
7021	0.0008721401286
7022	0.003760472061
7023	0.002272627817
7024	0.001158928402
7025	0.0001059589822
7026	0.002263207194
7027	0.0005341483496
7028	0.0001290979131
7029	0.001201775096
7030	0.0001643440621
7031	3.971458678e-05
7032	0.0009271572235
7033	0.001334311219
7034	0.0004781099989
7035	0.0003795803555
7036	0.000381887938
7037	3.785246934e-05
7038	0.0002034820862
7039	0.001341139939
7040	0.0005943615235
7041	0.000404394411
7042	0.0004324229346
7043	0.0006136397201
7044	4.597845251e-05
7045	0.0003822447107
7046	0.0007083878979
7047	0.001884712293
7048	0.007251772304
7049	8.418256531e-05
7050	0.0002737526257
7051	0.001134778322
7052	0.002571709738
7053	0.001006757014
7054	0.000207464062
7055	0.002522802033
7056	0.00360377601
7057	0.001752379536
7058	0.0003899942361
7059	0.0001200381234
7060	7.102401078e-05
7061	0.0004110723565
7062	0.0004908866515
7063	0.004805125478
7064	0.000531591447
7065	0.001243064177
7066	0.008561962091
7067	0.001236478942
7068	0.0008638075554
7069	0.0008189057936
7070	7.071054477e-05
7071	0.0003466490647
7072	0.006012398667
7073	0.001009277858
7074	0.001311246854
7075	0.003451717408
7076	0.0003540277273
7077	0.0001164976034
7078	0.0009845556614
7079	0.0004130777075
7080	2.386248791e-06
7081	0.002732760787
7082	0.001093754695
7083	0.001363732305
7084	0.001419589594
7085	0.002958369182
7086	0.001003281219
7087	0.0003819261956
7088	8.433502971e-05
7089	0.0002191839974
7090	0.001895950037
7091	9.359343713e-05
7092	0.0001911547327
7093	0.002149257126
7094	0.001590471366
7095	0.0007675566523
7096	0.001558008024
7097	0.002362054583
7098	0.009789766996
7099	0.01074855859
7100	0.003926530121
7101	0.000651447654
7102	0.0004210573702
7103	5.624268855e-05
7104	0.0009785344312
7105	0.007453118559
7106	0.002859557283
7107	0.008600424441
7108	0.0004220180443
7109	0.0007833844521
7110	0.001132390233
7111	0.004466415972
7112	1.677227512e-05
7113	0.0004413046334
7114	0.001085719621
7115	0.001704459878
7116	0.0003964237292
7117	3.23022288e-05
7118	0.0004767612044
7119	0.0002045389769
7120	0.001089628254
7121	0.001682495412
7122	0.006267921464
7123	0.0003199695773
7124	0.0004101804888
7125	0.0003867554824
7126	0.0003767657169
7127	0.0004547049136
7128	0.0003330573987
7129	0.0009068175794
7130	0.0001532265721
7131	0.0007391035496
7132	6.207039873e-05
7133	0.0004507536107
7134	0.0001281539033
7135	0.01149578253
7136	0.007763254978
7137	0.000702920129
7138	0.001027553523
7139	0.0008418243967
7140	0.0007727005884
7141	0.0001070171559
7142	0.001219574596
7143	0.0006446402643
7144	6.878182026e-05
7145	0.001987363327
7146	0.0005716521111
7147	0.001016479054
7148	0.002886840338
7149	0.0002270905885
7150	0.001277525269
7151	0.0003102258363
7152	0.0003750441556
7153	0.0005997329534
7154	0.006244330166
7155	0.021607288
7156	0.00138062752
7157	0.001704741625
7158	0.005442140517
7159	0.0001820759029
7160	0.0007694621099
7161	0.001386335344
7162	0.0009219560593
7163	6.317055853e-05
7164	0.002238097587
7165	0.003076684517
7166	0.0008548774352
7167	0.001658402107
7168	0.0008719213939
7169	0.001510284563
7170	0.0009425205575
7171	0.0008496440544
7172	0.0001535936516
7173	0.001327578283
7174	0.0003719650736
7175	0.001398160793
7176	0.000498104385
7177	0.0008512810987
7178	0.0004252619514
7179	0.003788852256
7180	0.0006307480997
7181	0.01139223684
7182	0.001893686455
7183	0.0002708139032
7184	0.01391368917
7185	0.0006325202327
7186	0.0001813863708
7187	0.002232093928
7188	0.000226298929
7189	0.0008436714052
7190	0.0009537298596
7191	0.000428614538
7192	0.001696220712
7193	0.0008401490466
7194	0.001103406767
7195	0.003695960465
7196	0.003882407872
7197	0.0002234722006
7198	0.001294615618
7199	0.00152992436
7200	0.0002167655905
7201	0.01461218098
7202	3.000714834e-05
7203	0.0007335853055
7204	0.01218148303
7205	0.0006195369343
7206	0.002080846938
7207	0.0003699276635
7208	0.0001505026137
7209	0.01088830107
7210	0.004443137827
7211	0.0002371215907
7212	0.001572773915
7213	0.000747824673
7214	0.001033720994
7215	0.0003137319679
7216	0.000812846943
7217	0.001304463107
7218	0.0006728208347
7219	0.005799934227
7220	0.0001753782668
7221	0.001337312647
7222	0.002111817297
7223	0.0004580341699
7224	0.00118311318
7225	0.0006092504998
7226	0.002597734807
7227	0.0003112442283
7228	0.0007117274988
7229	0.0005169149719
7230	0.0005200438536
7231	0.001529287061
7232	0.002855056674
7233	0.002156225379
7234	0.0002122065346
7235	0.001540276024
7236	0.004765884419
7237	0.00141642782
7238	0.0009746855734
7239	0.001090966788
7240	0.005745823751
7241	0.00135593136
7242	0.001780965179
7243	0.006658462581
7244	0.004005577458
7245	5.301822e-05
7246	0.001054823818
7247	0.0007271721809
7248	0.0001957623218
7249	0.0004693202351
7250	0.0117327192
7251	0.0003598085185
7252	0.0007950683752
7253	0.003275647083
7254	0.001618438527
7255	0.001521439121
7256	0.001012019779
7257	0.0002429220443
7258	0.0004573056693
7259	0.004409350431
7260	0.001558536631
7261	0.0003842028923
7262	0.001196017762
7263	0.00116748411
7264	0.0005430117883
7265	0.0009944488235
7266	0.0009666883981
7267	0.0006304009596
7268	0.0003653583735
7269	0.001089663853
7270	0.002259777006
7271	0.004946216547
7272	0.0008539301332
7273	0.002100945309
7274	0.001243842862
7275	0.001357234995
7276	0.001411535534
7277	0.000819618578
7278	0.0005573287178
7279	0.001308609005
7280	0.0005371443432
7281	0.00655813247
7282	0.0006446368161
7283	0.0005071737802
7284	0.0004794339891
7285	0.001061708158
7286	0.00560866068
7287	0.0007780829969
7288	0.0009586620773
7289	0.0002938368108
7290	0.0003344250553
7291	0.0001252303115
7292	0.002503906547
7293	0.0001025373116
7294	0.001941784485
7295	0.0008919730924
7296	0.001059700172
7297	0.001184617188
7298	0.0004866266071
7299	0.0001884726814
7300	0.0007845718504
7301	0.001462252702
7302	0.0001186028274
7303	0.00161077405
7304	0.0002736021185
7305	0.0009122153325
7306	0.0001768199022
7307	7.28997736e-05
7308	0.0008742697628
7309	0.001267740905
7310	0.002087822596
7311	0.0004668754874
7312	1.415354374e-05
7313	0.008308353666
7314	0.0002873858337
7315	0.01717611137
7316	0.002809392346
7317	0.000226595886
7318	0.0005271212534
7319	0.002079256006
7320	0.002469817546
7321	0.001676262194
7322	0.0005062996481
7323	0.002460683734
7324	0.003124844606
7325	0.001570356744
7326	0.0004598101499
7327	1.619282272e-05
7328	0.0005668727862
7329	0.0003087991782
7330	0.002988646383
7331	0.002833182027
7332	0.000773855444
7333	0.003012285577
7334	0.0004978478356
7335	0.001467151149
7336	1.740485037e-05
7337	0.002750200478
7338	0.0009657122952
7339	0.001612592714
7340	0.0004414376349
7341	0.01469463197
7342	0.001072290482
7343	0.004175722349
7344	0.004720158078
7345	0.0008104395276
7346	0.0004288675689
7347	0.00272887329
7348	0.001428530542
7349	0.0199415047
7350	0.0007242530408
7351	0.0002253822316
7352	0.0005002166546
7353	0.00164246845
7354	0.0001371648482
7355	0.001349033894
7356	0.0005341297073
7357	0.0005369911711
7358	1.366810242e-05
7359	0.001004139229
7360	0.00111171115
7361	0.001657996067
7362	0.0008927897528
7363	0.0006348967429
7364	9.575371014e-05
7365	8.669900735e-05
7366	0.001048399714
7367	0.0003747945525
7368	0.000634683726
7369	0.000144248481
7370	0.01249740282
7371	0.001207687072
7372	0.000949860924
7373	0.0009878002624
7374	0.0003232093889
7375	0.0005420249504
7376	0.000201181642
7377	0.001028143792
7378	0.0005917513144
7379	0.0005514232109
7380	0.0004312318308
7381	0.0002685428615
7382	0.001155750415
7383	0.001210995394
7384	0.001048328292
7385	0.001944421729
7386	0.001856007108
7387	0.0003657686828
7388	0.001875418805
7389	0.0006847280164
7390	0.001011519667
7391	0.0008143687063
7392	0.0001251801633
7393	0.001216820784
7394	0.0007968507981
7395	0.0004363954903
7396	0.0006230218234
7397	0.0003944777681
7398	0.0008681214359
7399	0.00128876459
7400	0.0009912656173
7401	0.0004537795812
7402	0.0002905662457
7403	0.00185636206
7404	0.0005166641316
7405	0.01016837661
7406	0.0008372077857
7407	0.0005857128113
7408	0.0003729484724
7409	0.0002916700677
7410	0.0007938899602
7411	0.0002042108824
7412	0.003357911207
7413	0.0007843924506
7414	0.001491721398
7415	0.0006004610039
7416	0.001206887392
7417	0.001061597432
7418	0.000476058208
7419	0.002476714056
7420	0.0009840429594
7421	0.001064535182
7422	0.0005142028346
7423	0.00184713014
7424	0.005897622776
7425	0.00299149294
7426	0.001013149075
7427	0.001008629222
7428	2.026437977e-05
7429	0.003469360031
7430	0.007478665904
7431	0.007430954074
7432	0.0014406971
7433	0.000436420464
7434	0.0003177787701
7435	0.002852637836
7436	0.005641249475
7437	0.0004017287856
7438	0.001308988017
7439	0.0001172745698
7440	0.000784172454
7441	0.001179635929
7442	6.639594321e-05
7443	9.449580291e-05
7444	0.0002241082978
7445	0.002649734405
7446	0.0008336477235
7447	0.0003093529638
7448	0.0002591391583
7449	8.658137187e-05
7450	0.0008637633088
7451	0.001487569283
7452	0.005071452499
7453	0.004141536461
7454	0.001665154008
7455	0.004771956193
7456	0.0002098354491
7457	0.0002660520963
7458	0.0001097057463
7459	6.871680627e-05
7460	0.0001485898047
7461	0.002971624168
7462	0.002376463316
7463	0.001863834146
7464	0.0004124741234
7465	0.0005399740979
7466	0.0007439217385
7467	0.0002637035791
7468	0.005767016413
7469	0.007176880493
7470	0.001186427175
7471	0.0003997817016
7472	0.003274060925
7473	0.001098064933
7474	0.003292612258
7475	0.003991883559
7476	0.001229643683
7477	0.0005555201601
7478	0.006997131188
7479	0.0003628141077
7480	0.0001629654331
7481	0.0008525046804
7482	0.0006144876792
7483	0.0003845967152
7484	0.01920251525
7485	0.009743483569
7486	0.001636853019
7487	8.683267417e-05
7488	0.002902443549
7489	0.001216955676
7490	0.0008876305591
7491	0.0005518783519
7492	0.0005377840704
7493	0.0008601395724
7494	0.002740256412
7495	0.003992834173
7496	0.0008671148401
7497	0.0005990562096
7498	0.001297347693
7499	0.0009825130168
7500	0.001884421623
7501	8.824936266e-05
7502	0.0008486173685
7503	0.0007390080989
7504	0.01051163551
7505	0.0002878208746
7506	0.001585111586
7507	0.0006824203723
7508	0.001268600043
7509	0.01063865382
7510	2.267958011e-05
7511	0.01907970384
7512	0.0002839360625
7513	0.006691155153
7514	0.0009151728326
7515	9.775711874e-05
7516	0.006601969967
7517	1.43770343e-05
7518	0.0002151219971
7519	0.0001538408957
7520	0.0002108263448
7521	0.001981844753
7522	0.0005466503343
7523	0.001252145843
7524	0.001790197029
7525	0.0002630765232
7526	0.0003917081643
7527	0.001058000732
7528	0.0002553614816
7529	0.000111556649
7530	0.001680566416
7531	0.0001107137043
7532	0.0002974381535
7533	0.0005641998233
7534	0.007743188541
7535	0.0007098087906
7536	0.0002340134482
7537	0.0009984292477
7538	0.006405105844
7539	0.0006339538643
7540	0.0004103002211
7541	0.0001103441369
7542	6.157132901e-06
7543	0.000391427872
7544	0.01242088471
7545	0.000609227046
7546	0.0007927991447
7547	0.001071307127
7548	0.0007093061202
7549	0.000361631472
7550	0.0002526372485
7551	0.001386881644
7552	0.0003893160108
7553	0.0009990513761
7554	8.4900672e-05
7555	0.0005956049634
7556	0.0003759330763
7557	0.002055294834
7558	0.0009180639811
7559	0.0003721244934
7560	2.752655812e-05
7561	0.0004382711992
7562	0.0006804178978
7563	0.02201192151
7564	3.862671959e-05
7565	0.0004970232491
7566	0.001470778855
7567	0.0005468687703
7568	0.0008105266509
7569	4.307976537e-05
7570	0.0001868289687
7571	0.00069960295
7572	0.001606087228
7573	0.001544218096
7574	0.0008355994149
7575	0.002369979579
7576	0.000197354736
7577	0.001229732114
7578	0.0019095544
7579	0.000473398547
7580	0.001154961713
7581	0.0008553527979
7582	0.0002650354817
7583	0.002344793137
7584	0.000173529681
7585	0.01063702866
7586	0.005761069553
7587	6.216861481e-05
7588	0.0004952570792
7589	0.0008979813222
7590	0.0006678460506
7591	0.0006912651405
7592	8.388304297e-05
7593	0.0006699533249
7594	8.512856228e-05
7595	0.001532360308
7596	0.0006494715785
7597	0.001032220981
7598	0.01419174265
7599	0.01275659596
7600	0.0002189195834
7601	0.006925682646
7602	0.0001389632598
7603	0.001106384916
7604	0.001673057185
7605	0.002301419427
7606	0.00042668751
7607	0.005125317646
7608	0.007309162753
7609	0.0005717282927
7610	0.0003269721998
7611	0.001582341165
7612	0.0003463837511
7613	0.0008048243678
7614	0.0003573454228
7615	7.324173444e-05
7616	0.0008609029739
7617	0.0002006930533
7618	0.0003527723584
7619	0.004027607499
7620	0.001524113292
7621	0.001495385471
7622	0.0007699165282
7623	0.0003571814896
7624	0.0003605422102
7625	0.001292254716
7626	0.001874986991
7627	0.0001033084465
7628	0.001197756001
7629	0.0004446872047
7630	0.001717062649
7631	0.0008077544264
7632	0.01110392428
7633	0.006770224771
7634	0.0004433143588
7635	0.008904217563
7636	0.00115593555
7637	0.0009130066544
7638	0.0004623965015
7639	0.0001560241077
7640	0.0002926878633
7641	0.0008974239963
7642	0.0003271427775
7643	0.0001247049058
7644	0.001343425934
7645	0.0001312167472
7646	0.002014264873
7647	0.001185557177
7648	0.0106763927
7649	0.0005147109098
7650	0.02189399321
7651	0.0009887109849
7652	0.0004048415585
7653	0.0009307331319
7654	0.001553319427
7655	0.0009392732102
7656	0.0004202017007
7657	0.0003670153511
7658	0.0004333833942
7659	0.002233988709
7660	0.0003303905487
7661	0.01156568887
7662	0.001461942156
7663	0.0007026816022
7664	0.0001828497077
7665	0.01396694242
7666	0.001375731768
7667	0.0003403323858
7668	0.0008840392485
7669	0.0003617103392
7670	0.001246010571
7671	0.0003975090402
7672	0.0006355695036
7673	0.000509054393
7674	8.46378722e-05
7675	0.0004178871617
7676	0.0005680659967
7677	1.673482066e-05
7678	0.001530853199
7679	0.0006854876675
7680	0.001914314788
7681	0.001030742805
7682	0.001595019537
7683	0.0008151800647
7684	0.0008452748226
7685	0.0003901072802
7686	0.0004847923908
7687	0.00104566393
7688	0.000296259337
7689	0.004118712167
7690	0.001310749977
7691	0.0001445675821
7692	0.001270428122
7693	0.000139639443
7694	0.000796747517
7695	0.0009889283256
7696	0.001186772371
7697	0.0001319681864
7698	0.0001205938784
7699	0.001559694517
7700	0.001103465558
7701	0.002186768474
7702	0.0007281187977
7703	0.0003465040703
7704	0.01851736533
7705	9.750860185e-05
7706	0.001299715927
7707	0.0001723452564
7708	1.805969734e-05
7709	7.625743171e-05
7710	1.21548119e-05
7711	0.001208146026
7712	0.000312815996
7713	0.001218866162
7714	0.0002657673929
7715	0.000342237219
7716	0.00153447578
7717	0.001339947304
7718	0.0008388834545
7719	0.001266296864
7720	0.001821529905
7721	0.0004620489966
7722	0.00139617812
7723	0.001922479101
7724	0.001047633146
7725	0.001427007121
7726	0.0003616867289
7727	0.0003130462645
7728	9.033025614e-05
7729	0.001127487053
7730	0.0001770338933
7731	0.003602040677
7732	0.001886275766
7733	0.0005886301228
7734	0.00146821766
7735	0.0001467491134
7736	0.007393541261
7737	0.0002004670202
7738	0.0005751143879
7739	0.006718428564
7740	0.001139501595
7741	0.0003263823668
7742	0.0001223019137
7743	0.002991720171
7744	0.0004243833697
7745	0.001213341189
7746	0.01118206686
7747	0.000496864741
7748	0.0008597122645
7749	0.00104959334
7750	0.00105347106
7751	0.00566484732
7752	0.002057445554
7753	0.0002827743382
7754	0.0001027617764
7755	0.0008685566067
7756	0.001402686254
7757	0.001899416615
7758	0.00130939135
7759	2.007928028e-05
7760	0.001404522913
7761	0.0009194103456
7762	0.01456124686
7763	0.0009421935885
7764	0.008397152368
7765	0.001335724448
7766	0.003266296575
7767	0.0002999548614
7768	1.626867167e-05
7769	0.0008236043027
7770	0.0002435096322
7771	0.002082758802
7772	0.0007398718738
7773	0.001034803852
7774	0.0003937284147
7775	0.0009685438736
7776	0.002182904536
7777	0.0002622517117
7778	0.0007545520246
7779	0.000347063819
7780	6.406292104e-05
7781	0.001648821713
7782	0.005402692947
7783	0.002373008545
7784	0.0001717355372
7785	0.0005817226362
7786	0.01110813669
7787	0.0004497109289
7788	0.0001935190606
7789	0.002565728682
7790	0.0004304582455
7791	0.0007313530157
7792	8.7335577e-05
7793	0.0001812731892
7794	0.002490523446
7795	0.0003856375399
7796	0.0006062545149
7797	0.0005421807705
7798	0.001909307885
7799	0.001367781794
7800	0.001239079357
7801	0.0009587060149
7802	0.008218313233
7803	0.001152146494
7804	0.001205234769
7805	0.0006991009438
7806	0.001352825814
7807	0.002275364029
7808	2.603488538e-05
7809	0.0008431109443
7810	0.0008769399263
7811	0.0004742835213
7812	0.0003995633774
7813	0.0002034592234
7814	0.002018042032
7815	5.257982572e-05
7816	0.0009237722849
7817	6.718849235e-05
7818	0.000158361286
7819	0.001820156585
7820	0.001733955854
7821	0.002379151213
7822	0.0007747855471
7823	0.01008072052
7824	0.001134284032
7825	3.091666009e-05
7826	0.001119168363
7827	0.002747471685
7828	0.001030450153
7829	0.00300531657
7830	0.0005630780139
7831	2.426575001e-06
7832	0.0049685345
7833	0.002592065841
7834	0.001307345564
7835	0.00709198482
7836	0.0007071898347
7837	0.0002069799126
7838	0.001473154382
7839	0.000474447564
7840	0.002988693825
7841	0.0007991602437
7842	0.0008146645324
7843	0.001091667852
7844	0.0007018558097
7845	0.0003127716692
7846	0.0007340366361
7847	3.482102802e-05
7848	0.0008777410297
7849	0.002941661099
7850	0.01145631234
7851	5.958689599e-05
7852	0.001952891298
7853	0.001800786662
7854	0.001846381815
7855	0.001414599039
7856	0.001413361792
7857	0.0005131830743
7858	0.0004055739847
7859	0.0001960803357
7860	4.769967972e-05
7861	0.0001319254712
7862	0.0009167581306
7863	0.0001116340584
7864	0.0005057753605
7865	0.002822258987
7866	2.04356355e-05
7867	0.0004444155146
7868	0.000287381684
7869	0.0003262430969
7870	0.001495628119
7871	0.0009885877285
7872	0.002759104583
7873	0.001388190797
7874	0.002033953202
7875	0.0002781108008
7876	0.0004644559717
7877	0.001329488416
7878	0.0007624180591
7879	0.0007467974013
7880	0.002414979376
7881	0.0005199068905
7882	0.0004635356645
7883	0.0004431664819
7884	0.001107382875
7885	0.0004804366743
7886	0.0005383607578
7887	0.0007197471245
7888	0.001380998619
7889	0.000442964524
7890	0.001402964203
7891	0.001962285819
7892	0.005313974244
7893	0.002202508737
7894	0.0001741904174
7895	4.516363964e-05
7896	0.0003185794779
7897	2.985032238e-05
7898	0.0002355334934
7899	0.0006042340313
7900	0.0003216109446
7901	0.0002467913487
7902	0.001196350322
7903	0.001004298998
7904	0.0006452882282
7905	0.005330144314
7906	0.001405928545
7907	0.002038621456
7908	0.0005866521642
7909	0.004430501841
7910	0.000761725404
7911	0.0008828353917
7912	0.0004741032979
7913	0.001678634802
7914	0.0004037874308
7915	0.001574119445
7916	0.0002233639525
7917	0.000443100352
7918	0.001459468271
7919	0.0002884300152
7920	0.0007608069967
7921	0.002053157958
7922	0.01738323986
7923	0.0004240059231
7924	0.0007967435592
7925	0.001982441949
7926	0.0005503945108
7927	0.0001935543033
7928	0.001157742433
7929	0.0005090987582
7930	0.0009701211822
7931	0.008924365303
7932	0.0001313150894
7933	0.0009656891756
7934	0.001009520762
7935	0.01334046418
7936	0.0007707781877
7937	0.0001888097992
7938	0.0007496860587
7939	0.003534335822
7940	0.00014105049
7941	0.0008576864961
7942	0.0002652084848
7943	0.0005402066422
7944	0.0001228448818
7945	1.343372446e-05
7946	0.0006349884276
7947	1.50933777e-05
7948	0.0009515659496
7949	0.001880529639
7950	0.0003954374548
7951	0.01371246684
7952	0.001727774698
7953	0.0003615039513
7954	0.002440956359
7955	0.0001592458875
7956	0.008743865858
7957	0.0005083015916
7958	0.001309168284
7959	0.002990165039
7960	0.002090163344
7961	0.001238387767
7962	0.000461038887
7963	0.002828229844
7964	0.0007751430718
7965	0.0007965081855
7966	0.002576369864
7967	0.001135654836
7968	0.0003694605914
7969	0.001246247876
7970	0.0007517533123
7971	0.001962661902
7972	0.002547486082
7973	0.0006675264561
7974	0.0007636014363
7975	0.00948003239
7976	0.009022997709
7977	0.002007909797
7978	0.001479459398
7979	0.0006245211194
7980	0.001460712443
7981	0.002441394849
7982	5.450868097e-05
7983	6.667108067e-05
7984	0.000460346881
7985	0.0006835746138
7986	0.003276068798
7987	0.0003535006986
7988	0.0006901933254
7989	0.0009962694962
7990	0.0008667204643
7991	0.0003944071959
7992	0.001470315188
7993	0.001395017882
7994	0.001229012826
7995	0.0004421928848
7996	0.005530522773
7997	0.0004805432316
7998	0.0006695175375
7999	0.0007511816214
8000	0.001001609924
8001	0.0006028743084
8002	0.004364249765
8003	0.003866701204
8004	0.002596434541
8005	0.001388825803
8006	0.004395056131
8007	0.0007535642224
8008	0.0003367189502
8009	0.0001546147789
8010	0.01538930264
8011	0.002189976477
8012	0.001217814881
8013	0.0002208300283
8014	6.715589513e-05
8015	0.0006804919208
8016	3.525646365e-05
8017	0.007935370133
8018	0.001121038279
8019	0.0001703931524
8020	1.396214578e-05
8021	0.0001708233311
8022	0.0003702167205
8023	0.00874870997
8024	0.000363991374
8025	0.001222274697
8026	0.0002714781431
8027	0.0003003881226
8028	0.001220081056
8029	0.0008673973119
8030	0.0004081441757
8031	0.0004649341422
8032	0.000945660502
8033	0.001530907001
8034	0.001251548716
8035	0.0008089183289
8036	0.001005347054
8037	0.0005263150448
8038	2.991358538e-05
8039	0.0002746771116
8040	0.001274553724
8041	0.0007298880539
8042	0.0004765611881
8043	0.004861651919
8044	0.0006741079997
8045	0.001688138061
8046	0.0001328187933
8047	0.0005140801869
8048	0.0002716834593
8049	0.001545680936
8050	0.001467824161
8051	0.001281588317
8052	0.002269366387
8053	0.0001148087867
8054	0.0009414765737
8055	0.0002215291409
8056	0.0001213178805
8057	0.0005998938459
8058	0.0005604875183
8059	0.001297985496
8060	0.001048263318
8061	0.0005972466687
8062	0.0001227987797
8063	6.200278683e-05
8064	0.0005275736805
8065	0.0005041514466
8066	0.0001121308989
8067	0.0008511771716
8068	0.0001075096371
8069	0.0009462691413
8070	0.0005083457125
8071	0.01760669953
8072	0.000261032239
8073	0.001265123277
8074	0.004594919253
8075	0.00112960829
8076	0.0002968478316
8077	0.0002069939925
8078	0.001588308897
8079	0.0008074154445
8080	0.000523332048
8081	0.0005362279642
8082	0.002172004008
8083	0.001561513739
8084	0.0005975183114
8085	0.0002640581065
8086	0.001092754847
8087	0.0001871568683
8088	0.001203718174
8089	0.001034971495
8090	0.0006877395184
8091	0.0004392274705
8092	0.003120759533
8093	0.0031811853
8094	0.0009903427717
8095	0.0004076833671
8096	0.001292753802
8097	0.0004662231619
8098	0.0008504072655
8099	0.0003389488633
8100	0.0003167853861
8101	0.00102197823
8102	7.072167511e-05
8103	0.0006063728727
8104	0.0009005149772
8105	0.0004978715965
8106	0.001816321672
8107	1.05375567e-05
8108	2.059325801e-06
8109	0.0001541552011
8110	0.005325998118
8111	0.0004015210468
8112	0.0002661312353
8113	0.0006201222178
8114	0.0004838783334
8115	0.001958910828
8116	0.0009633003989
8117	0.00054578436
8118	0.0001501440033
8119	0.000231584927
8120	0.003920139215
8121	0.001713029464
8122	2.131153337e-05
8123	0.005290553603
8124	0.0007564876025
8125	0.0002287714944
8126	7.275286121e-05
8127	0.002618919079
8128	0.001169605772
8129	0.0004151515473
8130	0.0008233436612
8131	0.001805564428
8132	0.004949727477
8133	0.001166589037
8134	0.0006700896692
8135	0.0005741746043
8136	0.0004192649946
8137	0.0004590535054
8138	0.0004886068068
8139	0.00339020404
8140	0.00119297844
8141	9.567821036e-05
8142	4.721530282e-06
8143	0.0002069436345
8144	0.00154433648
8145	0.004823401547
8146	1.759955932e-05
8147	0.0003304618556
8148	0.0002712577219
8149	0.0003781348938
8150	4.529479167e-05
8151	0.0005278121418
8152	0.0008700498434
8153	0.0003190563528
8154	0.001620560789
8155	0.00171194731
8156	0.01084225539
8157	0.0008777022387
8158	0.0007496617271
8159	0.0001399209079
8160	0.001682773293
8161	0.001360189853
8162	0.001025299497
8163	0.0004789612426
8164	0.0005574168499
8165	0.0003545773248
8166	0.0008901035645
8167	0.009379130833
8168	0.002972592867
8169	0.001116777949
8170	0.0003469466383
8171	0.002897708675
8172	0.002226239357
8173	4.466673619e-05
8174	0.003568829228
8175	0.000918193776
8176	0.001928049654
8177	0.00107471388
8178	0.002587987492
8179	1.689844135e-05
8180	0.0001434644466
8181	0.004026242095
8182	0.001302227224
8183	0.001036425094
8184	0.001130535017
8185	0.0004935394555
8186	0.001126910758
8187	0.000362129908
8188	0.0002591800321
8189	0.001226658227
8190	0.00268288996
8191	0.001993300403
8192	0.0006143184042
8193	0.0006669818534
8194	0.00136293159
8195	0.002760615354
8196	0.0001175030582
8197	0.0004242584074
8198	0.0002460021968
8199	0.002429204593
8200	2.760601225e-05
8201	0.0003560701061
8202	0.01668235631
8203	0.0001880538145
8204	0.001168967122
8205	0.01183051963
8206	0.001347763518
8207	0.008862081498
8208	0.0002579013196
8209	0.001603015784
8210	0.004612871266
8211	5.493671856e-05
8212	0.003112009989
8213	0.001810050863
8214	0.009254873417
8215	0.01783003972
8216	0.0001653020404
8217	0.0003543212806
8218	0.000326867011
8219	0.0002275346452
8220	0.0003812218305
8221	0.0001235806704
8222	0.002079241436
8223	0.001010673157
8224	9.783960159e-05
8225	0.001063646532
8226	0.0003537751779
8227	0.007940901681
8228	0.004971324515
8229	0.001607368083
8230	0.0004756571968
8231	0.01628599223
8232	0.0005008098419
8233	0.005353336284
8234	0.0003874651212
8235	0.001003135787
8236	0.002414805285
8237	0.0009952356079
8238	0.004191331597
8239	0.0002025200801
8240	0.001622345937
8241	0.0006734883672
8242	0.0006292290603
8243	0.0006911398382
8244	0.0009885050173
8245	0.001879578549
8246	0.0009355800769
8247	0.0009144865232
8248	0.0005171679346
8249	0.001383036318
8250	0.00032528266
8251	0.001086189433
8252	0.01608219903
8253	0.0004627193476
8254	0.01018423651
8255	0.001018805498
8256	0.001464115085
8257	0.0009003991659
8258	0.0004474519782
8259	0.0005556273697
8260	0.0008590273235
8261	0.0005013373087
8262	0.001360717828
8263	0.0005274714296
8264	0.0001300345722
8265	6.380943165e-05
8266	0.0009347667588
8267	0.0009869098572
8268	2.772415131e-05
8269	0.0007086355855
8270	0.002860187394
8271	0.0006841366631
8272	0.0002722544994
8273	0.0009370322922
8274	0.0007626165137
8275	8.039426782e-05
8276	7.666331747e-05
8277	0.006515057271
8278	0.001158056351
8279	0.0001917982451
8280	0.001794777959
8281	0.001664066593
8282	0.0006849779388
8283	0.001050540805
8284	0.0003546828146
8285	0.001187787999
8286	0.004829825991
8287	0.000851634673
8288	0.002106794905
8289	0.0008183972408
8290	0.000172668624
8291	0.008564396655
8292	0.0006823809038
8293	0.001953752922
8294	0.001701683961
8295	0.0001661055968
8296	0.000918333253
8297	0.000579971216
8298	1.596798236e-06
8299	0.0004086999921
8300	0.0001669501935
8301	0.0005723432592
8302	0.0007702933542
8303	6.571724622e-05
8304	6.143065179e-05
8305	0.003743935416
8306	0.0001001951613
8307	0.0003842677289
8308	0.003438575542
8309	0.002486951149
8310	0.0003762031127
8311	0.001492780023
8312	0.0008196273118
8313	0.001149299603
8314	0.0005124952915
8315	0.0009968667569
8316	0.001498733432
8317	0.001956289178
8318	0.001143939188
8319	0.0003567194854
8320	0.0008796136608
8321	0.001127655777
8322	0.000569439586
8323	0.0002997362163
8324	0.001137947191
8325	0.0001605550499
8326	0.001000692211
8327	0.0009130117421
8328	0.0007518374706
8329	0.0003221205116
8330	0.0004976089343
8331	0.004963285387
8332	0.00155323367
8333	0.0009864006122
8334	0.01701021469
8335	0.00225864574
8336	6.683011003e-06
8337	2.786960881e-05
8338	0.001519159017
8339	0.001548051505
8340	0.001040540175
8341	0.005254773727
8342	0.0007597044094
8343	0.0001673172943
8344	0.0001411039165
8345	0.0008240768475
8346	9.933427731e-05
8347	0.0007069154409
8348	0.01030474227
8349	0.0004591047665
8350	0.0004821589933
8351	0.0002895351325
8352	0.0009287839749
8353	0.0002806549046
8354	0.001448258118
8355	0.0001879396817
8356	0.001387856488
8357	0.008730749179
8358	0.001385553126
8359	0.000203682033
8360	0.001139809551
8361	0.00169959676
8362	0.0004445636366
8363	0.0002454314787
8364	0.001820778984
8365	0.0004165059095
8366	0.0001238933627
8367	0.0005250991042
8368	0.0009938624731
8369	0.001185921467
8370	0.0127023908
8371	0.0002764379351
8372	4.61917878e-05
8373	0.0002928182309
8374	0.000679960199
8375	0.008287006676
8376	0.0002537104369
8377	0.02094299062
8378	0.00341322991
8379	0.0003999371093
8380	0.0006111385129
8381	0.006104389793
8382	3.830058737e-05
8383	0.0007475335234
8384	0.0040666139
8385	0.001483426246
8386	0.001118280865
8387	0.002379060106
8388	0.0001800931333
8389	2.915561581e-05
8390	0.001907906025
8391	0.0005955818628
8392	0.00124780934
8393	0.0004364141121
8394	0.0004162732933
8395	0.001048379042
8396	0.0004705305563
8397	0.001332588259
8398	0.0003497213273
8399	0.001419511593
8400	0.001152704116
8401	0.0008305714889
8402	0.00592332964
8403	0.001118379255
8404	0.001544191531
8405	0.000342798465
8406	0.0007674040429
8407	0.0007031823974
8408	0.000398945955
8409	0.000899652697
8410	0.002214812518
8411	0.002392944853
8412	0.009849550005
8413	0.0009782164122
8414	0.003405990262
8415	0.001263779889
8416	0.0001687663143
8417	0.001722490732
8418	0.0008367875883
8419	0.007379223429
8420	0.0006909413841
8421	0.000598979617
8422	0.006789193914
8423	0.0007113173646
8424	0.0006871377503
8425	0.000766787104
8426	5.237156261e-05
8427	0.0002548264118
8428	0.001467897931
8429	0.001017482537
8430	0.0002835567683
8431	0.0007107762066
8432	0.00137271893
8433	0.01928745462
8434	0.0009958952069
8435	0.008618253384
8436	0.0002514719674
8437	0.0001134928841
8438	0.001479033236
8439	0.01208913128
8440	0.0005696743874
8441	0.0009576839251
8442	0.0008358171222
8443	0.0006736158429
8444	0.0005632112856
8445	0.001045794267
8446	0.001307476005
8447	0.0004953902703
8448	0.009157673887
8449	0.004537050542
8450	8.5290021e-05
8451	0.0007791792376
8452	0.004694845542
8453	0.0005068770164
8454	1.294550609e-05
8455	0.0009433527665
8456	0.0002875442378
8457	0.0013304797
8458	0.0002017909456
8459	0.0005543408861
8460	0.0003324392345
8461	7.780779894e-05
8462	0.001813278065
8463	0.0001308184213
8464	0.0009595076019
8465	0.0002022956926
8466	0.001616980753
8467	0.0002523664276
8468	0.001232696469
8469	0.001165146444
8470	0.02182439157
8471	0.00289963795
8472	3.156046252e-05
8473	0.001108626884
8474	0.0002144515115
8475	0.0006885906941
8476	0.0004121494015
8477	0.01428712289
8478	9.229885674e-05
8479	0.005665041855
8480	0.0001406874729
8481	0.0004292616539
8482	0.0001096299126
8483	0.0002458755066
8484	0.0007056591096
8485	0.001132041491
8486	3.639224982e-05
8487	3.084051184e-05
8488	0.001637284462
8489	0.0001852183558
8490	9.221417686e-05
8491	0.0006407541838
8492	0.002010538255
8493	0.0209761146
8494	0.0007732092759
8495	0.002130834262
8496	0.0001618533251
8497	0.001550181067
8498	0.001202646886
8499	0.001005011805
8500	0.0007590050003
8501	0.0003902983623
8502	0.0004421391535
8503	0.002049814873
8504	0.002826709334
8505	0.0001422484872
8506	0.01499268728
8507	0.003701516201
8508	0.001260240343
8509	0.001932478177
8510	0.0009741569106
8511	0.001288925549
8512	0.0005516462632
8513	0.0006013889501
8514	0.0001282252885
8515	0.005646506564
8516	0.001463738223
8517	0.0005684074667
8518	6.152569668e-05
8519	0.0001092170086
8520	0.000780531184
8521	0.000547882695
8522	0.002462000512
8523	0.0007495168925
8524	0.000736718865
8525	0.001186287813
8526	0.01378219353
8527	0.001539077252
8528	0.0009157381787
8529	0.0002114854789
8530	0.005843879594
8531	0.01683853808
8532	0.001202158798
8533	0.001018614225
8534	0.0008181799516
8535	0.0009142887419
8536	0.0002133885748
8537	0.0002166803182
8538	9.06135257e-05
8539	7.528826692e-05
8540	0.0005263690982
8541	0.0004792795774
8542	0.001595115574
8543	0.001275798604
8544	0.0006023282177
8545	0.0005463446635
8546	0.003924642276
8547	0.001119468971
8548	0.0004003404755
8549	0.0003478227592
8550	0.0005756553858
8551	0.0003913772721
8552	0.0006961469227
8553	0.009888958357
8554	0.01732974878
8555	0.001849328139
8556	0.001720633725
8557	0.000604485323
8558	0.0104714918
8559	0.001278317324
8560	0.0001999727687
8561	0.001417205587
8562	0.00136299085
8563	0.001712412416
8564	0.0004636942454
8565	0.000331229665
8566	0.006905726563
8567	0.01035764203
8568	0.002495867749
8569	0.00039380123
8570	0.0008016083301
8571	0.0005706642326
8572	0.001295820552
8573	0.000815983697
8574	0.0002407403085
8575	4.357574595e-05
8576	0.0006545131739
8577	0.0011303288
8578	6.595567721e-05
8579	0.0003364301889
8580	8.998232134e-05
8581	0.001039306785
8582	0.001056267993
8583	0.000752406293
8584	0.0006423663356
8585	0.0001111021478
8586	0.0001356361765
8587	0.001075452866
8588	0.0005567430339
8589	0.0006055608779
8590	0.000871579703
8591	0.0001365391703
8592	0.0005579698827
8593	0.00230189614
8594	0.001524899463
8595	0.0002547951793
8596	0.0006974657537
8597	0.001914505897
8598	0.001646745584
8599	0.002076640808
8600	0.0003693443037
8601	0.001257329648
8602	0.001806547727
8603	0.005433135414
8604	0.0009402457909
8605	0.0007248467195
8606	0.001192449433
8607	0.0009283194406
8608	8.420631957e-05
8609	0.002166092338
8610	0.0003662343793
8611	0.0002246146564
8612	0.0007582173986
8613	0.0004030625285
8614	0.0002911349496
8615	0.001058384969
8616	0.0001245797708
8617	0.0005521566438
8618	0.002044051116
8619	1.702082175e-05
8620	0.001127314365
8621	0.0007675162278
8622	0.0002539415993
8623	0.001318433483
8624	0.0001596213395
8625	0.0001046197354
8626	0.0007454336989
8627	0.0002136074102
8628	0.000499599774
8629	0.003771997829
8630	0.0007315488445
8631	0.002246309528
8632	0.001300039551
8633	0.0004247052259
8634	0.0001226110268
8635	0.00182395268
8636	2.806216638e-05
8637	0.0003477557133
8638	0.004119308337
8639	0.000339798697
8640	0.00281636527
8641	0.0009062770156
8642	0.0008156179666
8643	0.0002503681676
8644	0.004315249331
8645	0.000777146019
8646	0.004372603778
8647	0.0007666145023
8648	0.004674540966
8649	1.346240421e-05
8650	0.0003162862329
8651	0.003781561716
8652	0.001202485806
8653	0.001756309134
8654	0.0006004798694
8655	0.0001980048706
8656	0.001497127897
8657	2.458932044e-05
8658	0.0006139097592
8659	0.0005192670864
8660	0.001222497818
8661	0.001239195714
8662	8.156459284e-05
8663	0.001019957586
8664	0.001385201745
8665	0.00143458726
8666	0.009640756127
8667	0.00114578618
8668	0.0009944257663
8669	0.001174374707
8670	0.001176395232
8671	0.0001240505224
8672	0.0009971054697
8673	0.001277210096
8674	0.0006451561518
8675	0.0002125209858
8676	4.429162501e-05
8677	0.0002282197951
8678	0.0006577838979
8679	0.0001202887259
8680	0.00649649404
8681	0.0003449314076
8682	0.0004154326291
8683	0.01937701186
8684	0.001586455647
8685	0.0002643651212
8686	0.004333236932
8687	0.0007981293869
8688	8.115202537e-05
8689	0.0006822349081
8690	0.005673976498
8691	0.001246208291
8692	0.0008075494106
8693	0.0005233729112
8694	0.001070128478
8695	0.0004676635284
8696	0.0001553692698
8697	0.0005137178422
8698	0.0002048816207
8699	0.0002043779405
8700	0.0004893788822
8701	0.001224587447
8702	4.850611967e-05
8703	2.40741758e-05
8704	0.000823548502
8705	0.0004961308755
8706	0.0004239759674
8707	8.790211682e-05
8708	0.001022067411
8709	0.002118347363
8710	0.002137108328
8711	0.001004596522
8712	3.878580978e-05
8713	0.0001535565602
8714	0.0005350781121
8715	0.01114358283
8716	0.01580975384
8717	0.0005945268214
8718	0.002297255417
8719	0.0002946444468
8720	9.742205288e-05
8721	0.001466247068
8722	0.000306945934
8723	0.0007418833558
8724	0.0004273650982
8725	0.006274617792
8726	0.0061505933
8727	0.0001208718089
8728	0.0003730181504
8729	0.000231395497
8730	0.001856991173
8731	0.0005379646699
8732	0.001652818077
8733	0.005563600241
8734	0.0001476320871
8735	2.915106144e-06
8736	0.0006933694395
8737	0.00037452309
8738	0.001908362111
8739	0.0002622829274
8740	0.0009955958395
8741	0.001473375311
8742	0.002001986509
8743	0.0004319933521
8744	0.001641233405
8745	0.0003524883248
8746	0.001446776306
8747	0.004208350998
8748	5.237336007e-05
8749	0.000743919872
8750	0.0009453575867
8751	0.005274084536
8752	0.0005731793728
8753	0.0008262201688
8754	0.0006317324413
8755	0.003314784577
8756	0.0003968197245
8757	0.000968685358
8758	0.0008949632902
8759	0.0009166236202
8760	0.0003471692898
8761	0.01312571295
8762	0.001582739241
8763	0.0003339555863
8764	0.0003316339844
8765	0.001484133329
8766	0.00179883506
8767	0.001141953312
8768	0.006569470416
8769	0.0002153248186
8770	0.002446799885
8771	0.01239563878
8772	7.064394887e-05
8773	0.001277771211
8774	0.001499098766
8775	0.003963909816
8776	0.0001986561937
8777	0.0005121068771
8778	0.009103564606
8779	0.000114474265
8780	0.0004591922881
8781	0.0001763274067
8782	0.003048469109
8783	7.103089985e-05
8784	0.01993292836
8785	0.0004174199375
8786	0.01135098354
8787	0.0003477070512
8788	0.0003000006483
8789	5.578351652e-05
8790	0.001218378624
8791	0.0005007343469
8792	0.001039779028
8793	0.0007092451845
8794	0.0002563112856
8795	0.0004592412048
8796	0.001989641383
8797	0.00287787425
8798	0.0003421014268
8799	0.000357775538
8800	0.002273096755
8801	0.002393851893
8802	0.000154553517
8803	0.0001523130726
8804	0.001096229724
8805	0.001058708386
8806	0.0008788787966
8807	0.001731072255
8808	0.003930697783
8809	2.114092557e-05
8810	8.433876395e-05
8811	0.0001724521005
8812	0.0002917308446
8813	0.001175234155
8814	0.02551677486
8815	0.0004762284331
8816	0.0007081888361
8817	0.006669336098
8818	0.000173933554
8819	0.01290696988
8820	0.01651798025
8821	0.0003730948321
8822	0.0006463656799
8823	0.0002410852095
8824	0.0004999987823
8825	0.000737815803
8826	0.0005025460729
8827	0.004231296612
8828	0.0002062916593
8829	0.001775306787
8830	0.0006087511006
8831	0.0002037670371
8832	0.007236221459
8833	0.0004504841971
8834	0.001240159362
8835	0.001137126823
8836	0.008636623615
8837	2.118089264e-05
8838	0.0005113012098
8839	0.000548224224
8840	0.00851044081
8841	0.000665880381
8842	0.0008034060405
8843	0.001234379619
8844	0.0008425853311
8845	0.001955175359
8846	0.0002305608485
8847	0.004918070527
8848	0.0007306407104
8849	0.001256418055
8850	0.001343498364
8851	0.0006052609859
8852	0.001044715684
8853	0.0002600483085
8854	0.001914097957
8855	0.0003984069043
8856	0.003479578004
8857	0.000904959427
8858	0.0001718262927
8859	0.0005938472045
8860	0.0002357049671
8861	0.006531481187
8862	0.0006153987135
8863	0.0002082517622
8864	0.0003770311498
8865	0.002663501331
8866	0.0008713214277
8867	0.0007404205732
8868	0.005635808096
8869	0.006969236197
8870	0.0005716919724
8871	0.001009497397
8872	0.0003504212686
8873	0.0002650712709
8874	0.0004439782639
8875	0.002171939711
8876	0.007219655451
8877	0.0009057355304
8878	0.002511164888
8879	0.0009477358428
8880	0.001152054569
8881	0.001347767719
8882	0.0003518951655
8883	0.002412226165
8884	0.001002089538
8885	0.0001368170408
8886	0.0002480551615
8887	0.003526989096
8888	0.002132331499
8889	0.0003062977706
8890	0.0005471731373
8891	0.0005199307004
8892	0.001922303249
8893	0.0003742080386
8894	0.001179370071
8895	0.001025395425
8896	7.348708557e-05
8897	0.0006238456783
8898	0.002266345995
8899	0.0008031877634
8900	0.001148475698
8901	0.0007074689553
8902	0.0005671643776
8903	0.000586213448
8904	0.0003869912484
8905	0.0002120617169
8906	8.365519601e-05
8907	0.006989173591
8908	0.000707024158
8909	0.0005951868717
8910	0.0008869398745
8911	0.0001496474902
8912	0.00159782468
8913	0.0005790129447
8914	0.0003668847859
8915	0.01084651524
8916	0.0008374873099
8917	0.001170903031
8918	0.003017315829
8919	0.0003394682459
8920	0.0006362894249
8921	0.0007476265628
8922	0.000514628029
8923	0.001765520028
8924	0.001063555762
8925	0.0009087884518
8926	0.001961625878
8927	0.002808262329
8928	0.007786504841
8929	0.0008142159259
8930	0.0002854650822
8931	0.01408255313
8932	3.074641761e-05
8933	0.0005923703579
8934	0.00112059116
8935	3.9553498e-05
8936	0.0005767983894
8937	0.007040495437
8938	0.0003075605234
8939	0.001167585712
8940	3.049680692e-05
8941	0.003021567005
8942	0.001096092531
8943	0.001594175302
8944	0.002102009617
8945	0.0001905926556
8946	0.01459053623
8947	0.001272964968
8948	4.784017309e-06
8949	0.01025325621
8950	0.002471745375
8951	0.0003019121741
8952	0.0009632007321
8953	0.0007024127135
8954	0.002774121677
8955	0.0006059631599
8956	0.002180670111
8957	0.001307020958
8958	0.0002803831451
8959	0.0006587184387
8960	0.0006690473449
8961	0.01935393477
8962	0.0008892477722
8963	0.0004366386023
8964	0.002943565007
8965	0.0003516930123
8966	0.0003745928588
8967	0.0009518367333
8968	0.0005264680932
8969	0.000162183967
8970	0.01085804393
8971	0.0006788354098
8972	0.0004742680668
8973	0.00343141428
8974	0.0007162750704
8975	0.01277837045
8976	0.0006192298698
8977	8.367247357e-05
8978	0.0007405908929
8979	0.004441561063
8980	0.0003898001909
8981	0.001032551914
8982	0.001158389157
8983	0.005134203864
8984	0.002306868421
8985	0.0001932258115
8986	0.0006361650877
8987	0.00476575505
8988	0.0004560335722
8989	0.01940467117
8990	0.0008095088639
8991	0.002754066757
8992	0.0005236861242
8993	0.007472356844
8994	0.002811858479
8995	0.00111644669
8996	0.001014882138
8997	0.001867749073
8998	0.001430724451
8999	0.01944106692
9000	0.0002192184595
9001	0.0012425302
9002	0.0008326440789
9003	9.02140849e-06
9004	0.0003465871113
9005	0.0001861284045
9006	0.0004543343336
9007	0.0001008536158
9008	0.001309490135
9009	0.000290712702
9010	0.0007685801424
9011	0.000608968791
9012	0.001376201192
9013	0.001933891157
9014	0.001026073473
9015	0.001088312299
9016	0.0007170326913
9017	0.00102115669
9018	0.0005310781034
9019	0.0008058597933
9020	0.005650759756
9021	0.001357202678
9022	0.001027334329
9023	0.001476191159
9024	0.000363797732
9025	0.00950211461
9026	7.884478803e-05
9027	0.00100555151
9028	0.0005993615489
9029	0.001418932295
9030	0.001233750536
9031	0.001711813193
9032	2.523124244e-05
9033	0.012984582
9034	0.0009509772104
9035	0.001460873191
9036	7.388556319e-05
9037	0.00130322957
9038	0.002183491937
9039	0.0001713862956
9040	0.00108641613
9041	0.0005646235196
9042	0.007196955549
9043	0.0002030513217
9044	0.0004987685305
9045	0.0009988495239
9046	0.0006316099087
9047	0.0006506707843
9048	0.006619881735
9049	0.0001112862194
9050	0.002397356661
9051	0.0009745254618
9052	2.450642918e-05
9053	0.000328075846
9054	0.0003184203066
9055	0.000806483159
9056	5.322287941e-05
9057	0.0006326590135
9058	0.001980366072
9059	0.0004091030485
9060	0.002393958636
9061	0.001256233262
9062	0.0001736457241
9063	0.001265262592
9064	0.0005349631735
9065	0.01374818287
9066	0.00821684401
9067	0.003209240032
9068	0.0002484207722
9069	9.232452263e-05
9070	0.0008221638317
9071	0.00038036709
9072	0.01305257344
9073	0.007156636503
9074	0.001461782929
9075	6.86010119e-05
9076	0.002635959351
9077	0.0003566919991
9078	0.0006509053242
9079	0.001630198926
9080	0.0003666300153
9081	0.001236152977
9082	0.0009330422818
9083	0.00120343266
9084	0.000550208495
9085	0.001012232872
9086	0.003170708715
9087	0.0001445720336
9088	0.0005452592744
9089	0.001438985965
9090	0.007613683712
9091	0.007892039717
9092	0.001214312816
9093	0.0020301079
9094	0.0006649444088
9095	0.001126764531
9096	0.0007400399215
9097	0.0002277650031
9098	0.0002882406035
9099	0.01828591672
9100	0.01023648838
9101	0.0006921792403
9102	6.694399404e-05
9103	6.023020413e-05
9104	0.00115349302
9105	4.783126018e-05
9106	0.0007548457471
9107	0.002892599172
9108	0.004631732573
9109	0.0005919385679
9110	0.02772289503
9111	0.0002502782626
9112	0.0005937766116
9113	0.002485766769
9114	0.0006909628434
9115	0.00100607731
9116	0.0006555446204
9117	0.01106485866
9118	0.0002961204603
9119	0.009661301974
9120	0.0001316544163
9121	0.003035049425
9122	0.0001012599179
9123	0.0003601808598
9124	0.0006053243928
9125	0.001469805555
9126	0.0174527497
9127	0.0009210177311
9128	0.0001062155767
9129	0.0005819667255
9130	0.0016324714
9131	0.0001149758612
9132	0.0002191828164
9133	0.002895231833
9134	0.001054868062
9135	0.0002870550707
9136	0.0002813652743
9137	0.007271677097
9138	0.0004677528132
9139	0.0009250648547
9140	0.001478170404
9141	0.0005791755871
9142	0.0008940655955
9143	0.0007159232106
9144	0.0006996561658
9145	0.002250951846
9146	0.0003695895692
9147	0.0008486708294
9148	0.001336320503
9149	0.0004960032601
9150	0.0005396956226
9151	4.931702094e-05
9152	0.0002626550755
9153	0.004093899394
9154	0.0004368537711
9155	0.00259322445
9156	0.02026883295
9157	0.01225785703
9158	0.0007354758876
9159	0.003436614753
9160	0.001145735769
9161	7.340590747e-07
9162	0.001304345784
9163	0.000242270823
9164	0.001130410903
9165	0.001122365122
9166	0.0007506907303
9167	8.257561632e-05
9168	0.0006938029806
9169	0.0007315588765
9170	0.001046183169
9171	0.002310750469
9172	0.0001985621142
9173	0.0009405256093
9174	0.0001963123283
9175	0.005310009278
9176	0.0002365901837
9177	0.002618415166
9178	0.0007613652535
9179	0.0003799290559
9180	0.001225416362
9181	0.001439836655
9182	0.00303912131
9183	0.0002759008898
9184	0.001157544145
9185	0.002106616562
9186	0.001304369711
9187	0.0002479431874
9188	0.001330131062
9189	0.0001375954715
9190	0.004109535874
9191	0.0001852456425
9192	7.13313638e-06
9193	0.0005515234558
9194	0.002728261026
9195	7.871053888e-05
9196	0.001566137806
9197	0.00163022306
9198	0.002792243342
9199	0.0005996676334
9200	0.0003159619021
9201	0.0007026091452
9202	6.977667836e-05
9203	0.0003224765344
9204	0.00226853927
9205	0.000811102567
9206	0.0004055800393
9207	0.001016257294
9208	0.0001850680255
9209	0.001499094345
9210	0.0005806454313
9211	0.001175422877
9212	0.0002209312263
9213	0.001282986089
9214	0.001242214812
9215	0.0005452129326
9216	0.000337008036
9217	0.0003294096133
9218	0.001288700097
9219	0.0008565698139
9220	0.002597584342
9221	0.003036462527
9222	0.001091324633
9223	9.111803581e-05
9224	0.001783803841
9225	0.0006432487501
9226	0.0009330244906
9227	0.01089462575
9228	3.899359535e-05
9229	0.001386547094
9230	0.0001181784365
9231	0.0004081672775
9232	0.0009435181372
9233	7.076865456e-05
9234	0.0001026046718
9235	0.001687897121
9236	0.002287632782
9237	0.0006105098106
9238	0.0006837229626
9239	0.0003642953017
9240	0.0001606453436
9241	0.000484684815
9242	0.0007668085397
9243	0.0003718432399
9244	0.001162273557
9245	0.0002722243194
9246	0.00025882737
9247	3.308749255e-05
9248	0.002072973719
9249	0.0002809785412
9250	0.0001303517057
9251	0.00133924389
9252	0.0003426064357
9253	0.001398510785
9254	0.0006282693209
9255	0.0006286594536
9256	0.0002191920682
9257	0.0006759513593
9258	0.0006379955639
9259	0.002333677576
9260	0.0003679776461
9261	0.001703645962
9262	0.001138155807
9263	0.0009873144002
9264	0.0002767636394
9265	0.0001157855096
9266	0.002194406634
9267	0.02477048134
9268	0.005697152554
9269	0.000417144593
9270	0.005950197051
9271	0.0001455313804
9272	0.001723087905
9273	0.001614030741
9274	0.0006769189633
9275	0.00936153024
9276	0.0006590226596
9277	0.01140796181
9278	0.000239567165
9279	0.001645843308
9280	0.0003869629701
9281	0.0007171512978
9282	4.953377779e-05
9283	0.007937115529
9284	0.0001800811058
9285	0.000754387047
9286	2.493625617e-05
9287	0.0009496523114
9288	0.0005677665337
9289	0.01019118297
9290	0.001107549628
9291	0.001535916797
9292	0.0005531949021
9293	0.0003403821248
9294	0.0001810422764
9295	2.068602488e-05
9296	0.0007312893114
9297	0.0006318325183
9298	0.0006545206447
9299	0.0005752520699
9300	0.001112441137
9301	0.0005053603013
9302	0.0006220864885
9303	0.002759238825
9304	0.002097365367
9305	0.0005034184926
9306	0.0007868750442
9307	0.01207478571
9308	0.000645806013
9309	0.0002500757391
9310	9.188940423e-05
9311	0.0003444960436
9312	0.0003121325989
9313	0.0005157072622
9314	0.0006253734175
9315	5.372554686e-05
9316	0.001002247623
9317	0.0007035101666
9318	0.0009727123998
9319	0.001014855951
9320	0.002935135182
9321	0.0004860732001
9322	0.006716019864
9323	0.0005119874465
9324	0.0002008301203
9325	0.009397340821
9326	0.0004003829849
9327	0.001240528991
9328	0.0006326869102
9329	0.0003209494435
9330	0.0009966345831
9331	0.0001178023655
9332	0.001313183626
9333	0.0007615144237
9334	0.01235024016
9335	0.0001818137786
9336	0.0007985963565
9337	0.0008178961768
9338	0.001092701331
9339	0.0010806489
9340	0.0001287795605
9341	0.0007375916008
9342	7.905442736e-05
9343	0.0003881806131
9344	0.0006715775252
9345	0.0003975392144
9346	0.004202475887
9347	0.0003141389385
9348	0.000582886968
9349	0.01116369313
9350	0.0006892382154
9351	0.001051814458
9352	4.334148066e-05
9353	1.232888402e-06
9354	0.0005487431264
9355	0.0008691024343
9356	0.0005856378784
9357	0.0001067199141
9358	0.0001761593723
9359	7.584292075e-05
9360	0.0009461941565
9361	0.0003232806681
9362	0.001176871377
9363	0.0001025262495
9364	0.0001448980414
9365	0.0001998398356
9366	0.0001773009199
9367	0.0002842220696
9368	0.001220229704
9369	0.000706830084
9370	7.369319576e-05
9371	8.263307517e-05
9372	0.0001514740921
9373	0.001189017138
9374	0.001761129142
9375	2.360284853e-05
9376	0.0106831614
9377	0.00785972896
9378	0.00492562865
9379	0.0003145964678
9380	0.0006096755
9381	0.0006569959836
9382	2.651757273e-05
9383	0.0001411578676
9384	0.0003189939524
9385	0.0002663399422
9386	0.0007825556205
9387	0.001327134037
9388	0.0008713032365
9389	0.0006694800635
9390	0.001212740255
9391	0.0002499758275
9392	0.0005264887114
9393	0.003586813699
9394	0.0005852815675
9395	0.001463860457
9396	0.001365540536
9397	0.0006931316623
9398	0.0002461626072
9399	0.0002830996603
9400	0.0007476588117
9401	0.004449705002
9402	0.001196156597
9403	0.001910480281
9404	0.0009226261866
9405	0.001062406923
9406	0.0001863571319
9407	0.007210351923
9408	0.0007444922571
9409	0.0006190884393
9410	0.000548290164
9411	6.387324696e-05
9412	0.001898781901
9413	3.810158668e-06
9414	0.004365512914
9415	0.006963646117
9416	0.001099926209
9417	0.00832922335
9418	0.0009056654822
9419	0.00251268322
9420	0.0004717318316
9421	0.0004464385906
9422	0.0009398510057
9423	0.0004415692128
9424	0.0008327709857
9425	0.002261055763
9426	0.0005103894604
9427	0.0007728205318
9428	0.000624096156
9429	0.0002764353909
9430	0.00621136928
9431	0.007230108113
9432	0.0006448834705
9433	0.002726764364
9434	0.001586903415
9435	0.0004314777563
9436	0.001657990893
9437	0.0001257714717
9438	0.000284026463
9439	0.001580841013
9440	0.007295308722
9441	0.003375010451
9442	0.000924098361
9443	0.0009892024201
9444	0.000661516085
9445	0.001454370018
9446	0.001079427379
9447	0.0009283393036
9448	0.0003879785198
9449	0.0002565838516
9450	0.0006407559003
9451	0.001261439272
9452	0.009167905239
9453	0.0003461412678
9454	0.0001300402106
9455	0.0008862212597
9456	0.002903430447
9457	0.0002186224204
9458	0.001341176747
9459	0.00150339527
9460	0.0007877933708
9461	0.000214409325
9462	0.001064802007
9463	0.0005483371286
9464	0.0003188297128
9465	0.0002984970319
9466	0.0001667563268
9467	0.0008325396053
9468	0.0005852878552
9469	2.614074078e-05
9470	0.01982202369
9471	0.0009759781528
9472	0.000120959345
9473	0.001224576973
9474	0.001305573724
9475	0.002517718024
9476	0.001157800513
9477	0.001148757112
9478	0.0008334230683
9479	0.0001106494879
9480	0.0002787047187
9481	0.0006825203456
9482	0.0007824238369
9483	0.001878868948
9484	0.004256338807
9485	0.001056349291
9486	0.00101921892
9487	0.001149994921
9488	0.0009292625511
9489	0.0004819682251
9490	0.0005152460051
9491	0.001904337662
9492	0.0007035432
9493	8.193961978e-05
9494	0.0007717069971
9495	0.006836819915
9496	6.478751493e-05
9497	0.0002214147823
9498	0.001384249844
9499	0.002956541194
9500	0.0005917416542
9501	0.0003061686629
9502	0.001977709479
9503	0.006931141402
9504	0.007312761086
9505	0.001963602974
9506	0.004977942419
9507	0.002138393854
9508	0.0002823894576
9509	0.004685627338
9510	0.002912988305
9511	0.00021914552
9512	0.001142474947
9513	0.0006805291495
9514	8.686439564e-05
9515	0.001211630548
9516	0.0001085420801
9517	0.004679887459
9518	0.00263367409
9519	0.0005237515943
9520	0.001068506067
9521	0.00173095865
9522	0.0006558205983
9523	5.277228578e-06
9524	0.002393763766
9525	0.0005730559627
9526	0.0003992147906
9527	0.003574228949
9528	0.0007079598996
9529	0.0004226384547
9530	0.0003583704317
9531	0.004961071776
9532	0.004504860414
9533	0.0006709446578
9534	0.002657344433
9535	0.0005868993805
9536	0.001055903984
9537	0.002447817708
9538	0.0002846412895
9539	0.0001991417196
9540	0.005566254709
9541	0.01234747811
9542	0.0004746923708
9543	0.0005130846067
9544	0.002620466731
9545	0.00024067786
9546	0.001404281298
9547	0.004538306097
9548	0.02251965728
9549	0.003172431398
9550	0.001734650183
9551	0.009070776328
9552	0.01446812312
9553	0.0003108712222
9554	0.001171428186
9555	0.0001600841664
9556	0.001036741998
9557	0.0004230484905
9558	0.0003018185831
9559	0.007254428623
9560	0.002825129186
9561	0.005580734571
9562	0.0003621475641
9563	0.004446482588
9564	0.0004053625386
9565	2.06509897e-07
9566	0.001053018117
9567	0.0005298718523
9568	0.0067862153
9569	0.0001914008236
9570	0.001988103478
9571	0.0004334898391
9572	0.000258214003
9573	0.0002686525972
9574	0.0005517605227
9575	0.02073028745
9576	0.0001592309711
9577	0.006861108841
9578	0.000347486343
9579	2.013013183e-05
9580	0.01603576397
9581	0.01005550306
9582	0.0003961953976
9583	0.00145612044
9584	0.00506084231
9585	0.000927884202
9586	0.0003378727258
9587	0.0005953194773
9588	0.001416526479
9589	0.0002200634253
9590	0.0001805500493
9591	0.0005766891134
9592	0.0002482779206
9593	0.0001346095377
9594	0.0008672912134
9595	0.000962058513
9596	0.01433944272
9597	0.001789112515
9598	0.00116370721
9599	0.0004055882041
9600	0.002604225117
9601	0.0006717580427
9602	0.0006555183045
9603	0.003382086074
9604	0.001743667093
9605	0.001171314369
9606	0.002153303349
9607	0.003324471781
9608	3.166449171e-05
9609	0.0006689081849
9610	0.001470208338
9611	0.001454761655
9612	0.0008275810618
9613	0.001173986704
9614	0.006513133901
9615	0.005175099036
9616	0.000676169255
9617	0.0006757318939
9618	0.001066982354
9619	0.0006979949948
9620	0.002310176074
9621	0.004969798807
9622	0.000750006924
9623	0.0004922051977
9624	0.01903047748
9625	0.00219352654
9626	0.001195148733
9627	0.01013319514
9628	0.001827523934
9629	0.0005799294551
9630	0.001323779764
9631	0.003186357275
9632	0.0005194346408
9633	0.0003143790663
9634	0.001058716574
9635	0.001476897436
9636	0.001050343075
9637	0.0002152332717
9638	0.00119467296
9639	0.0006318907944
9640	0.0001907680941
9641	0.001161175665
9642	0.0001819339233
9643	5.450929103e-05
9644	0.001188242691
9645	0.001697308959
9646	0.0006415695486
9647	0.0009759725618
9648	0.000524871191
9649	0.02014050435
9650	0.000973120642
9651	0.0003686617288
9652	0.0001475034817
9653	0.0009017098187
9654	0.006413266358
9655	0.0005449949957
9656	6.398304223e-05
9657	0.001378685757
9658	0.01969992791
9659	0.0002692274635
9660	0.0008713797735
9661	0.003031595181
9662	6.647081422e-05
9663	0.0005912131674
9664	0.005246198305
9665	0.000284610745
9666	0.006714011568
9667	0.0008221086245
9668	6.009066444e-05
9669	0.001577013176
9670	0.003767182901
9671	0.005296627268
9672	0.0005877269418
9673	0.0001546806604
9674	0.0141467509
9675	0.001495488273
9676	0.0004207048247
9677	2.969140598e-05
9678	0.002940643357
9679	0.01202902508
9680	0.0002633761677
9681	0.003920649845
9682	0.001272504514
9683	0.005544590923
9684	0.01800831224
9685	0.0003946549209
9686	0.01935776544
9687	7.573421434e-06
9688	0.00113534708
9689	0.003507706839
9690	0.002869096876
9691	0.001732646973
9692	0.0004041798627
9693	0.0004791926021
9694	0.0008035494283
9695	0.0008490096732
9696	0.0007173277235
9697	0.0009178366506
9698	0.0005661245406
9699	4.686385596e-05
9700	0.01804297615
9701	0.0001427718634
9702	0.0006503804219
9703	0.005559373977
9704	0.00104640189
9705	0.01177202587
9706	0.0009985998773
9707	0.0002410111793
9708	0.001614246793
9709	0.00055616517
9710	0.0007073045644
9711	0.0002304833203
9712	0.003672412494
9713	0.005480770613
9714	0.01060584331
9715	0.002053505113
9716	0.003719076418
9717	0.0001943487584
9718	0.0002828383479
9719	0.008091016807
9720	0.01642139925
9721	0.0006028489401
9722	0.003270007343
9723	0.002697130268
9724	0.0002734224255
9725	0.004970622012
9726	0.0004459975414
9727	0.0004074347065
9728	0.005717413904
9729	0.001604442615
9730	0.0007183976235
9731	0.001145508947
9732	0.0008307251579
9733	0.0008567450114
9734	3.025053833e-05
9735	0.000373501025
9736	0.0008345986523
9737	0.0007100325292
9738	0.01285580199
9739	0.006224200955
9740	0.0001135388535
9741	0.008783593873
9742	0.003479408082
9743	0.0009370642628
9744	0.005519597527
9745	0.001386328986
9746	0.009948917067
9747	0.003796519881
9748	0.0003589678921
9749	0.00218185707
9750	0.002650215479
9751	0.008174666213
9752	0.0006278801833
9753	7.775647906e-05
9754	0.0002487437158
9755	0.0001041580443
9756	4.605638819e-05
9757	0.001145625985
9758	0.00257820046
9759	0.000251777015
9760	0.001815729607
9761	0.001142501936
9762	0.001540787863
9763	0.0001613389945
9764	0.0007880227598
9765	0.001735837076
9766	0.002091435714
9767	0.0007365479893
9768	0.004373444873
9769	0.01200997865
9770	0.002258526067
9771	0.0003436974537
9772	1.370546061e-05
9773	0.0002973750123
9774	0.0002183563001
9775	0.0001716582473
9776	0.0009390559231
9777	0.0001100868048
9778	0.007383627132
9779	0.003079417647
9780	0.0008812081662
9781	0.004164644481
9782	0.0002838386923
9783	0.0002646883964
9784	0.0002126243521
9785	0.0005728767734
9786	0.001783780075
9787	0.002729404188
9788	0.0006717151231
9789	0.0002623984447
9790	0.0006588706248
9791	0.0002168616995
9792	0.0008749893228
9793	0.0003665705883
9794	0.0001798018113
9795	0.003846272494
9796	0.0006689049831
9797	0.0006273088307
9798	0.0008325670596
9799	0.00197665528
9800	0.001025368573
9801	0.0008981470066
9802	0.003889430952
9803	0.001980077245
9804	0.01131598536
9805	0.005591135984
9806	0.001447062781
9807	0.001841399529
9808	0.006903212595
9809	0.001291303247
9810	0.006716045678
9811	0.001198554445
9812	0.002273123893
9813	0.006104869832
9814	0.0008940311802
9815	0.003667183677
9816	0.003371860227
9817	0.0003635801147
9818	5.024889684e-06
9819	0.000753571959
9820	0.001740757472
9821	0.008152301434
9822	0.005920323279
9823	0.001571988415
9824	0.00375578676
9825	0.0004951792244
9826	0.0009400543967
9827	0.0004826478663
9828	0.001725313429
9829	0.0005650000075
9830	1.623603009e-06
9831	0.001086829679
9832	0.000132269996
9833	0.0004097359258
9834	0.002099019848
9835	0.001745116525
9836	0.001152491968
9837	0.002527325104
9838	0.0004412479113
9839	0.005981739765
9840	0.0003904311076
9841	0.0003891000555
9842	0.00154287192
9843	0.002787346762
9844	0.0005583192579
9845	0.005880228721
9846	0.001616432863
9847	0.004612742294
9848	0.001053618648
9849	0.0003060646937
9850	0.01460302743
9851	0.006881819974
9852	0.001334454471
9853	0.006182507255
9854	0.009498134674
9855	0.007354195023
9856	0.0025071918
9857	0.01112267362
9858	0.0002531472003
9859	0.004142818527
9860	0.00576186451
9861	0.0003707372936
9862	0.002105769145
9863	0.0006761033268
9864	0.0005621863174
9865	0.001860581428
9866	0.001104076943
9867	0.001088766346
9868	0.0006847036524
9869	0.0008883620304
9870	0.001814023271
9871	0.001468197214
9872	0.001663102584
9873	0.0008605104394
9874	0.001480936987
9875	0.001607833119
9876	0.008680047363
9877	0.0003941455551
9878	0.0005759915014
9879	0.000653969927
9880	3.073442761e-05
9881	0.0005992311875
9882	0.0001459783791
9883	0.0004407024309
9884	0.0002459418413
9885	0.0183069204
9886	0.009268994877
9887	5.059164197e-05
9888	0.0002058096386
9889	0.003473442027
9890	0.006447490964
9891	0.003772548375
9892	0.008501251525
9893	0.002829022601
9894	5.759384896e-05
9895	0.001275866016
9896	4.887899919e-05
9897	0.0008069885164
9898	0.0002512605896
9899	0.01487951915
9900	0.01177352534
9901	0.0006743759784
9902	0.001947894825
9903	0.001117911702
9904	0.001348302134
9905	2.440654618e-05
9906	0.0003323047628
9907	0.01269852837
9908	0.001579843972
9909	0.005634624527
9910	0.004718374821
9911	0.00293719087
9912	0.001983833458
9913	0.0006296873415
9914	0.00572162003
9915	0.000279947126
9916	0.0119598552
9917	0.001028358975
9918	0.0009584225083
9919	0.001131636419
9920	6.374382524e-05
9921	0.0004021514123
9922	0.005639223848
9923	0.001574230805
9924	0.004798970524
9925	0.0005828851136
9926	0.003273844847
9927	0.0008759080684
9928	0.007378405875
9929	0.009383657677
9930	0.001221881005
9931	0.001023304985
9932	0.0007089878218
9933	0.0003304483163
9934	0.009141855459
9935	0.001406294955
9936	0.001007507887
9937	0.001282530905
9938	0.00651364847
9939	0.000787537057
9940	0.004330778076
9941	0.01515153921
9942	0.003812781137
9943	0.000455755957
9944	0.02315641259
9945	0.0003882839052
9946	0.00025800403
9947	0.001244578597
9948	0.0008164441131
9949	0.005413059215
9950	9.387704766e-05
9951	0.0003935738997
9952	0.005548171576
9953	9.685728678e-05
9954	0.009402754414
9955	0.0003970787128
9956	0.00539702446
9957	0.0006711789873
9958	0.005212503897
9959	0.01033556108
9960	0.001390910048
9961	0.001480901016
9962	0.008964763829
9963	0.0003292528637
9964	0.0009437983189
9965	0.009207881395
9966	0.005925533025
9967	0.0002878745413
9968	0.004024615505
9969	0.002213901897
9970	0.0006554320006
9971	0.0009329706044
9972	0.0001269477024
9973	0.0001396458543
9974	0.0002762771775
9975	0.01129026724
9976	0.000114880613
9977	0.004033884353
9978	0.000662187846
9979	0.0005433314329
9980	0.001134130967
9981	0.0006431851613
9982	0.0004148814296
9983	0.0002520198311
9984	0.0023408024
9985	0.01783124996
9986	0.002480322346
9987	0.0009862171149
9988	0.009168737676
9989	0.0007553926987
9990	0.001116019098
9991	0.000221679492
9992	0.0008468716426
9993	0.0004541612595
9994	0.02337582305
9995	2.005515083e-05
9996	0.01523162686
9997	0.0008553715995
9998	0.006526283391
9999	0.01380169571
10000	0.001515741792
10001	0.0001854973914
10002	0.002442617585
10003	0.004877194665
10004	6.458840605e-05
10005	0.0007765996023
10006	0.001091692313
10007	0.0002273975687
10008	0.001535578447
10009	0.001621261934
10010	0.0005519734294
10011	0.0008385493985
10012	0.005011910654
10013	1.496763311e-05
10014	0.000801903818
10015	0.001879676273
10016	0.001766020569
10017	0.0008552313009
10018	0.0002976648341
10019	0.01408223965
10020	0.0006919586247
10021	0.001662520038
10022	0.0001597918495
10023	0.0007462859329
10024	0.0007546180069
10025	0.01036065277
10026	0.001165865325
10027	0.00115140518
10028	0.0005664894481
10029	0.001185474266
10030	0.0005801151194
10031	0.001245639128
10032	0.0003897022728
10033	0.0002203751595
10034	0.0002534185934
10035	0.0002011392217
10036	0.0004179268894
10037	0.005166914459
10038	0.004821170124
10039	0.0002258417835
10040	0.001680579897
10041	0.01180016428
10042	0.002808682525
10043	6.067813835e-05
10044	0.01655079946
10045	0.0001394142207
10046	0.0007048110861
10047	0.0004737738584
10048	0.01630883152
10049	8.331618037e-05
10050	0.000245907671
10051	0.0004184776988
10052	0.001401992007
10053	0.0007729526128
10054	0.001041436816
10055	0.0003413673543
10056	6.9940998e-05
10057	0.0003746264267
10058	0.0001227135022
10059	0.0005270660581
10060	0.0003810846825
10061	0.001181556246
10062	0.0006214431255
10063	0.002038865503
10064	0.000272158714
10065	0.0009522590314
10066	0.000965845022
10067	0.00263534418
10068	0.0009645784428
10069	0.0002372304238
10070	0.001584043815
10071	0.01528566099
10072	0.000910345009
10073	0.0003618719486
10074	0.001070291064
10075	0.001142501235
10076	0.0004154578882
10077	0.001306800434
10078	0.001006948285
10079	0.0005113152452
10080	0.0009738291456
10081	0.005241947689
10082	0.001526103837
10083	0.00093384571
10084	0.0001019197978
10085	0.0002155088146
10086	0.001565025921
10087	0.001726333795
10088	0.000165446833
10089	0.001504473657
10090	0.001265746964
10091	0.002839104936
10092	0.001572498468
10093	0.001479345244
10094	4.862838586e-06
10095	0.000906392501
10096	0.0008384933933
10097	0.006042362167
10098	0.000898903863
10099	0.0004762478161
10100	0.0003290585959
10101	0.00466997037
10102	0.0002506912525
10103	0.001165370936
10104	6.12469885e-05
10105	0.001985813295
10106	0.0009677650678
10107	0.001389318028
10108	0.0009901432563
10109	0.0002980736469
10110	0.03424382919
10111	0.0002512908454
10112	0.001114341819
10113	0.0002791308621
10114	0.0003906377929
10115	0.0004179430465
10116	0.0001323830685
10117	0.001645388203
10118	0.002980372006
10119	0.001064822348
10120	0.0001953218749
10121	0.0008081110674
10122	0.02770680725
10123	0.00121788452
10124	0.001151161559
10125	0.0003284061022
10126	0.009644685069
10127	0.001074444967
10128	0.007722106234
10129	0.00421725694
10130	0.004448677891
10131	0.0003039764326
10132	0.006375119301
10133	5.55406612e-05
10134	0.0006308404099
10135	0.009365385224
10136	0.002231473955
10137	0.00432784983
10138	0.001541798647
10139	2.419374626e-05
10140	0.009852466865
10141	0.00235465473
10142	0.0003703525658
10143	0.007667652805
10144	0.005777801863
10145	0.008036289922
10146	7.205787527e-06
10147	0.000630588727
10148	0.003534687445
10149	0.005918976983
10150	0.0001579507669
10151	0.01330911689
10152	7.53301186e-05
10153	0.006159560206
10154	0.005428430764
10155	0.0009564393032
10156	0.0001805212345
10157	0.001114765924
10158	0.001360374252
10159	0.0003821136706
10160	0.001213877946
10161	0.0006560391033
10162	0.0001965416326
10163	0.004999093198
10164	0.0007702108591
10165	0.0004727754871
10166	0.001931679074
10167	0.0007183222941
10168	0.001602217854
10169	0.002006806035
10170	4.703940908e-06
10171	0.001375054886
10172	0.001257032635
10173	0.006584832627
10174	0.0003345926377
10175	0.003404823793
10176	0.0002026763942
10177	0.002106800251
10178	0.002172393409
10179	0.0005707314399
10180	0.0006470881986
10181	0.0004287357021
10182	0.0008285197459
10183	0.001094117
10184	2.963340002e-05
10185	0.0005915360889
10186	0.0004728725263
10187	0.0001147228349
10188	0.000516003247
10189	0.0001378515922
10190	0.001743255763
10191	0.000638923602
10192	0.001632380567
10193	7.646516098e-05
10194	0.0005330223954
10195	0.0002883997358
10196	0.000950353058
10197	0.0005752953249
10198	0.0002366514105
10199	0.001108009386
10200	0.0004415694296
10201	0.0008227563758
10202	5.720561677e-05
10203	0.0001080701076
10204	0.0008653709557
10205	0.00106711006
10206	0.01637629046
10207	0.0003801552898
10208	0.0007315416464
10209	5.547204189e-05
10210	0.0006080866473
10211	9.487758261e-05
10212	0.000200050596
10213	0.0007093480507
10214	0.001704736172
10215	0.0008231612268
10216	0.002204835189
10217	7.519607155e-05
10218	0.002124986892
10219	0.00122441417
10220	0.001463819234
10221	0.002583244069
10222	0.0006413755201
10223	0.003490793051
10224	0.001035358973
10225	0.001191484879
10226	0.0006754972216
10227	0.0001886042451
10228	0.003295264271
10229	0.0004242152464
10230	0.00181193223
10231	0.007678956246
10232	0.0001224740627
10233	0.0004221510002
10234	0.000527879807
10235	0.0007756658765
10236	0.001763522194
10237	0.009027864542
10238	0.002441187631
10239	0.00192950777
10240	0.002429641001
10241	0.01163547055
10242	0.0008522878824
10243	0.0001843513268
10244	0.0009888768713
10245	0.000147204411
10246	0.00385016368
10247	0.0002083313105
10248	0.002549258811
10249	0.0006708678994
10250	0.001350220954
10251	0.0002979988614
10252	0.005808216324
10253	0.001175597436
10254	0.000210612809
10255	0.001878885139
10256	0.0001018976282
10257	0.0005640330016
10258	0.009145587742
10259	0.0009686118465
10260	0.001684374615
10261	0.0003063293408
10262	0.0005778475534
10263	0.001111399639
10264	0.000203196965
10265	0.0006736738811
10266	0.0009547276144
10267	0.0001095154349
10268	0.00943252324
10269	3.45159736e-05
10270	0.001747329344
10271	0.001978758346
10272	0.001493436462
10273	0.001136542852
10274	0.001365835624
10275	0.0005174689253
10276	0.0006037445082
10277	0.001062804575
10278	0.002868174517
10279	0.0006490511961
10280	3.870147766e-05
10281	0.0002143969727
10282	0.003259454163
10283	0.0003729905771
10284	0.0005086628137
10285	0.0001240211921
10286	0.003295300406
10287	0.002545221055
10288	0.0002656975626
10289	0.001568871846
10290	0.001225422269
10291	5.831684825e-05
10292	0.002349036558
10293	0.001013631117
10294	0.0003490540322
10295	0.0006022804261
10296	0.001408426035
10297	0.000517290124
10298	0.0004000973198
10299	0.003834694299
10300	0.01058620092
10301	0.002014403018
10302	0.0007409866538
10303	0.004883600726
10304	0.0009784841886
10305	0.001474815082
10306	0.002441730603
10307	0.001581244001
10308	0.009612776908
10309	0.0213032143
10310	0.0001106241239
10311	4.906160656e-05
10312	0.000193053609
10313	0.0003803197961
10314	0.01120739405
10315	0.0007559122745
10316	0.000345290792
10317	5.627986221e-05
10318	6.214675758e-05
10319	0.0009758433492
10320	0.0006635693425
10321	0.01295996555
10322	0.001013758377
10323	0.0007668975516
10324	0.0008677829214
10325	0.0005213171998
10326	0.009092589216
10327	0.001443634389
10328	0.002933709116
10329	0.000505164501
10330	0.0009209698858
10331	0.006056557604
10332	0.0005288859325
10333	0.009389872024
10334	0.001938074272
10335	0.0005074736279
10336	0.002149487624
10337	0.005377779533
10338	0.01717595379
10339	0.0007018887103
10340	0.000946210021
10341	0.009291147312
10342	0.005248209215
10343	0.004246453965
10344	0.001488107239
10345	0.0001582310614
10346	0.006088318603
10347	0.0007012119828
10348	0.01260938409
10349	0.01090769739
10350	0.01646163221
10351	0.0004338058827
10352	0.001588795995
10353	0.009603586971
10354	0.001376591158
10355	0.0006953487371
10356	0.01770291668
10357	0.0009227703594
10358	0.0005932774752
10359	0.0002912278499
10360	0.0001314969758
10361	0.0004677457812
10362	0.0007852554495
10363	0.0001025665064
10364	0.001629254388
10365	9.049633614e-05
10366	0.0001291200691
10367	0.003029176789
10368	0.006754910067
10369	8.363003916e-05
10370	0.01308795316
10371	0.0008829806531
10372	0.0002800954642
10373	0.001082926483
10374	1.321798821e-05
10375	0.0007892451162
10376	0.01628270119
10377	0.0009021525637
10378	0.0002565700781
10379	0.002583273468
10380	5.237162696e-05
10381	0.0009196637707
10382	0.001252054878
10383	0.001508172679
10384	0.0003860416767
10385	0.001731675445
10386	0.001961548866
10387	0.0002760520242
10388	0.0008366517818
10389	0.0003232641836
10390	0.002197610329
10391	0.000306117211
10392	0.0003333157787
10393	0.01058692371
10394	0.01355164336
10395	0.0007766067304
10396	0.002654923797
10397	0.0009033265093
10398	0.0002094624217
10399	0.0003723878676
10400	0.0007960104378
10401	0.01753254289
10402	0.003883159054
10403	0.00032912882
10404	0.0004290253813
10405	0.000182528852
10406	0.0004395899944
10407	0.0008401421094
10408	0.0001785570018
10409	0.001475124031
10410	0.008429076058
10411	0.0127725874
10412	0.001753636066
10413	0.001595183507
10414	0.0108812026
10415	0.002375667255
10416	0.001884644574
10417	0.0008175404412
10418	0.0002559520417
10419	0.0001124882219
10420	0.0006841870001
10421	0.0004410534398
10422	0.00191675743
10423	0.0003709464332
10424	0.002071458509
10425	0.0008483973229
10426	0.0005234620179
10427	0.0001780084831
10428	0.001629887936
10429	0.01308666248
10430	0.001731589031
10431	0.03524336034
10432	0.0003361663891
10433	0.002074450468
10434	0.0006359458694
10435	0.001073146832
10436	0.01101951609
10437	0.004357765156
10438	0.001163144074
10439	0.0001753492663
10440	0.02047032994
10441	0.0007495720579
10442	0.0002263182374
10443	0.0008140314185
10444	0.0003356302703
10445	0.000840823908
10446	0.001349887319
10447	0.0009795886831
10448	0.0007204066677
10449	0.008557571122
10450	0.001325280378
10451	0.0001920031015
10452	0.007002546917
10453	0.0009189056669
10454	0.001068088664
10455	0.0007129215135
10456	0.0002090400723
10457	0.00462414222
10458	0.0003397418587
10459	0.0005879702006
10460	0.0003190624518
10461	0.003903828679
10462	0.00116189675
10463	0.0004833434256
10464	0.002185333497
10465	0.001137742463
10466	0.001057548787
10467	0.0009277136257
10468	0.0091354742
10469	7.926916441e-05
10470	3.690116189e-05
10471	0.0001846210407
10472	0.0007645224645
10473	0.0001946113735
10474	0.003502354
10475	0.000629292788
10476	0.0009281743332
10477	0.002086164127
10478	0.0009642155788
10479	0.001132983315
10480	0.01429719542
10481	0.0002664585655
10482	0.004587494835
10483	0.0009566021835
10484	0.0004243622276
10485	0.002422142024
10486	0.0001395258658
10487	0.0008257470023
10488	9.435254486e-05
10489	0.0001491595574
10490	0.001067717435
10491	0.0004441233692
10492	0.001935770724
10493	0.0001426806566
10494	0.00110563963
10495	6.599925637e-06
10496	0.0003990343988
10497	0.003535400344
10498	0.002757436994
10499	0.0002369631785
10500	0.0002766711568
10501	0.008123295231
10502	0.0004588087006
10503	0.007097070663
10504	0.0002581420678
10505	0.0004984484156
10506	0.001150199725
10507	0.0006989489409
10508	1.772485596e-05
10509	0.001143629842
10510	0.0001422318157
10511	0.0007165245176
10512	0.0004491602593
10513	0.001435192915
10514	0.00991613846
10515	0.001155089908
10516	0.001268839529
10517	0.001028463067
10518	0.001020315259
10519	0.000217912341
10520	0.01523992348
10521	0.0007361494626
10522	0.0004783846327
10523	0.0004453542387
10524	0.003333058478
10525	0.001950136132
10526	2.751131481e-05
10527	4.052125288e-06
10528	5.487715535e-06
10529	0.001628889901
10530	0.002151280355
10531	0.0008489386864
10532	0.0001107052307
10533	0.00119408673
10534	0.001900971513
10535	0.0006995005037
10536	0.001430009228
10537	0.0005809244477
10538	0.0004945597206
10539	0.0004564292691
10540	0.0002966649273
10541	0.006383472646
10542	0.0004958065973
10543	0.0001283860364
10544	0.000684481075
10545	0.0001109110522
10546	0.006411114718
10547	0.0005220522213
10548	7.998552388e-05
10549	0.0006716688656
10550	0.001563488785
10551	0.0002941266679
10552	0.0008491481238
10553	0.001299784438
10554	0.0007827944617
10555	0.0007259325752
10556	0.001096335733
10557	0.001432356983
10558	0.0004938954078
10559	0.0005445872124
10560	0.002183805857
10561	0.001200464284
10562	6.229857729e-05
10563	0.001077611698
10564	0.001352310228
10565	0.0008162218196
10566	0.0005842495879
10567	0.000774228908
10568	8.670727811e-05
10569	0.0002556610845
10570	0.002532268203
10571	0.0004992807196
10572	0.001752775486
10573	0.003007720679
10574	0.000103358325
10575	0.0009311443457
10576	0.0003083559311
10577	0.0005444564104
10578	0.0002381569777
10579	1.777162138e-05
10580	0.001771918523
10581	0.001483052666
10582	0.0002791414209
10583	0.0004140114084
10584	0.001845241192
10585	0.0009675285906
10586	0.00114284999
10587	0.0008296709452
10588	0.001382767123
10589	0.001123255291
10590	0.0001123103018
10591	0.0005178923496
10592	0.0004599703734
10593	0.002289082603
10594	0.0008478748895
10595	0.001315944931
10596	0.000991719936
10597	0.0007653328367
10598	3.239402144e-05
10599	0.0005937375253
10600	0.001316595679
10601	0.0003213516714
10602	0.0008692054464
10603	0.001337167867
10604	0.0002589188639
10605	0.001343055239
10606	0.003516221411
10607	0.003199249771
10608	0.0004747413952
10609	0.001779475907
10610	6.595890266e-05
10611	0.0005982907602
10612	0.004302490878
10613	0.00308523614
10614	0.00272495337
10615	0.0001451985523
10616	0.005748427276
10617	0.001848200296
10618	0.00648553103
10619	0.006396016686
10620	0.0007793855451
10621	0.000726407001
10622	0.0007238255379
10623	0.000283513187
10624	0.001746632237
10625	0.000952584084
10626	0.008922308517
10627	0.01014851783
10628	0.01120082396
10629	1.682547539e-05
10630	0.0009353010424
10631	0.0009864912037
10632	0.0001797261401
10633	0.001234096657
10634	0.0007626888865
10635	9.340802172e-05
10636	0.0007483819419
10637	0.0001340178998
10638	0.004389112196
10639	0.001626293227
10640	6.395272623e-05
10641	0.0003423370769
10642	4.439312757e-05
10643	0.002389210641
10644	0.001736689676
10645	0.0008626929294
10646	4.012548543e-05
10647	0.00081690746
10648	0.001381900923
10649	0.0001046771182
10650	0.00164924511
10651	0.000889141976
10652	0.001006059608
10653	0.0001212477817
10654	0.00189891473
10655	0.001391524999
10656	0.001203990763
10657	0.0003880957117
10658	7.2666517e-05
10659	0.002843283025
10660	0.001493158987
10661	0.0005899084637
10662	0.000801684839
10663	0.001365860766
10664	0.0002216720386
10665	0.001198235491
10666	0.001390579483
10667	0.0006222112428
10668	0.0009171206366
10669	0.001478158105
10670	0.009881550732
10671	0.0001001957774
10672	0.000466487258
10673	0.01061707684
10674	0.0001766573574
10675	0.0008132225208
10676	0.0001109825433
10677	0.0004601964967
10678	0.000831108232
10679	0.008917858217
10680	0.0009113851547
10681	0.001520711006
10682	0.0002982334746
10683	0.003261155792
10684	0.001323704362
10685	0.004259973217
10686	0.00120535587
10687	0.001094904587
10688	0.001204307727
10689	0.0001808343598
10690	0.001679741222
10691	0.002440823979
10692	0.0003392565931
10693	0.01860228831
10694	0.000694002986
10695	0.0004244644162
10696	0.01079504842
10697	0.0003140671295
10698	0.01357638337
10699	0.001290482739
10700	7.553949203e-05
10701	6.751388539e-05
10702	0.0009915348571
10703	0.008935045099
10704	0.000481033233
10705	0.001730662854
10706	0.0005196210102
10707	0.0005628659062
10708	0.001528766711
10709	0.000153513005
10710	0.002236478731
10711	0.0004963600273
10712	0.000910365257
10713	0.0001088685629
10714	0.002260228337
10715	6.616529571e-05
10716	0.0005606830811
10717	0.001246740109
10718	0.0005017283398
10719	5.354947854e-07
10720	0.0005379214292
10721	0.001427574394
10722	0.001289110556
10723	0.0003111023018
10724	0.004782583431
10725	0.00452604547
10726	0.0008594661285
10727	0.0001326237603
10728	0.000792017183
10729	0.0001690798802
10730	0.002642497249
10731	0.0005431898276
10732	0.01221323637
10733	0.0024440369
10734	0.0005761554939
10735	0.0005963296906
10736	0.001753230747
10737	0.0002721073695
10738	0.002517288923
10739	0.00125469442
10740	0.001497132649
10741	0.0008781436079
10742	0.0008093264546
10743	0.002876872132
10744	0.0008041114125
10745	0.001396063409
10746	0.003891885174
10747	0.0006737183445
10748	0.0005378208907
10749	0.0003050763429
10750	0.02833936016
10751	0.003262695708
10752	0.0002242482227
10753	0.002494794322
10754	0.001540640672
10755	0.0003236940576
10756	0.002060925567
10757	0.01475710449
10758	0.001527691361
10759	0.0006277345109
10760	0.008850373365
10761	9.198152203e-05
10762	0.001791753604
10763	0.001274266343
10764	0.0002243387074
10765	0.02238708398
10766	0.0003578893167
10767	0.0007694518076
10768	0.001435422536
10769	0.0002207545103
10770	0.0003392448842
10771	0.01508375294
10772	0.0007563488302
10773	0.0004116509754
10774	0.002430824782
10775	0.0008878966216
10776	0.002087618516
10777	0.001236191616
10778	0.0002374160448
10779	0.001367065987
10780	0.01758218665
10781	0.0009196525276
10782	0.0006042310867
10783	7.48634801e-05
10784	0.0007191677949
10785	0.000393075644
10786	2.496194869e-05
10787	0.002188170204
10788	0.001308279266
10789	0.003421862789
10790	0.0002601349713
10791	0.0002647310998
10792	0.001119128762
10793	0.001511946094
10794	0.00199978579
10795	0.0001840003593
10796	0.000410193815
10797	0.009328743942
10798	0.0007365279725
10799	0.007661630427
10800	4.998840945e-05
10801	0.01672988934
10802	0.01361289236
10803	0.0009410868832
10804	0.001873664916
10805	0.002172438367
10806	0.00229063889
10807	0.0005513105301
10808	0.001063241734
10809	0.00073045964
10810	0.002811192899
10811	0.001126371067
10812	0.002252784896
10813	0.006314953666
10814	0.007272554498
10815	0.0001579205824
10816	0.002171548572
10817	0.0007429482033
10818	0.0003646841074
10819	0.0004870115052
10820	0.0003028568928
10821	0.0007831663001
10822	0.0006050309026
10823	0.001240444032
10824	0.0001592578761
10825	0.005420293197
10826	0.0005388884627
10827	0.001041535467
10828	0.0008989687679
10829	0.0004660873415
10830	0.007695412247
10831	0.001278596083
10832	0.008376114269
10833	0.000445310668
10834	0.0008487380547
10835	0.002153112279
10836	0.0008921706992
10837	0.003051288234
10838	0.01811286888
10839	0.0005011031954
10840	0.001152464862
10841	0.0009946608944
10842	0.001096448938
10843	0.0004909999629
10844	0.001034548565
10845	0.001997270953
10846	0.004445422307
10847	0.0008821750863
10848	0.000924434775
10849	0.0005948862571
10850	0.01722428962
10851	0.004670930853
10852	0.0007635253481
10853	0.00077197994
10854	0.0002803324777
10855	0.0006718408083
10856	0.005242111375
10857	0.001343993256
10858	0.0009584841699
10859	0.0007038982808
10860	0.008185191583
10861	0.0001358754869
10862	0.001918502402
10863	0.02038066616
10864	0.001311548423
10865	0.006378233081
10866	0.0004404529662
10867	0.006098334513
10868	0.0002056051263
10869	0.001318081625
10870	0.0006109712537
10871	0.0003552357595
10872	0.0005854695328
10873	0.0005180428204
10874	0.01021465106
10875	0.0007380545779
10876	0.006766266839
10877	0.0006471828492
10878	0.000547584016
10879	0.0004380177416
10880	0.0003882057075
10881	0.001514512432
10882	6.88830548e-05
10883	0.004067014943
10884	0.0003954327715
10885	0.008630408426
10886	0.002265104205
10887	0.0005026261028
10888	0.002710108646
10889	0.006891288423
10890	0.001814462971
10891	0.001627703615
10892	0.001088268058
10893	0.0008678418694
10894	0.0002874187024
10895	0.0007072351736
10896	1.180512984e-05
10897	0.000485506662
10898	0.006103079653
10899	0.0005693792926
10900	0.0129752407
10901	0.0008629587118
10902	0.0001734026963
10903	0.0004022107131
10904	0.0001032306568
10905	0.0004046899752
10906	0.0002912234849
10907	0.001273976264
10908	0.004396069077
10909	0.01213399886
10910	0.002307117244
10911	0.001203114996
10912	0.0001759497489
10913	0.0007908271204
10914	0.001633215575
10915	0.0111721181
10916	0.0005800583157
10917	0.001035040916
10918	0.0003720235374
10919	0.003179509699
10920	0.0003727361904
10921	0.0007766830173
10922	0.0001663513033
10923	0.0005930131688
10924	0.0007125382158
10925	0.000690649424
10926	0.0002822332926
10927	0.001828914709
10928	0.000148777862
10929	0.0002740244838
10930	0.000558295882
10931	0.0002675065598
10932	0.001078535849
10933	0.0001686798716
10934	0.001079868069
10935	0.004719770208
10936	0.0008356931187
10937	0.0007808107845
10938	0.0005575927099
10939	0.01025549704
10940	0.0006393759439
10941	0.003000217848
10942	0.001444996106
10943	0.001205885616
10944	0.01475399577
10945	0.005057837335
10946	0.001006736032
10947	0.005647375914
10948	0.01455373832
10949	0.00117173344
10950	0.005577170596
10951	1.554396821e-05
10952	0.0008791274978
10953	5.722892942e-05
10954	0.003473964653
10955	0.0002717338283
10956	0.0007270736301
10957	0.002928465441
10958	0.007837328166
10959	0.001572567864
10960	0.0008308295756
10961	0.004531830712
10962	0.0002776106141
10963	0.01915046721
10964	0.0006873133636
10965	0.0005684721843
10966	0.0006375815795
10967	0.0007665888353
10968	0.001559592022
10969	0.000133277566
10970	0.001082524168
10971	0.001404585201
10972	0.0009402406752
10973	0.0001981454631
10974	0.00103781852
10975	0.000721788648
10976	0.01311392177
10977	0.0006776185561
10978	0.00153713017
10979	0.007741781286
10980	0.000478020729
10981	0.000814405968
10982	0.000365206923
10983	0.000323383817
10984	0.0008714641021
10985	0.0005128254376
10986	0.0005091897482
10987	0.0006198017889
10988	0.0005395616088
10989	0.001284368998
10990	1.135801598e-06
10991	0.006079223824
10992	0.007481757304
10993	0.0003024427186
10994	0.01377467851
10995	0.0001108740022
10996	0.0005672841406
10997	0.0002422621838
10998	0.0007674556515
10999	0.0001858078672
11000	0.003274339383
11001	0.00424534421
11002	0.001137177602
11003	1.966700173e-05
11004	0.002309170438
11005	0.0009049706162
11006	0.006688706933
11007	0.02329985773
11008	0.005232465879
11009	0.002837450437
11010	0.009587023558
11011	0.001817623852
11012	0.001603517947
11013	0.009155344718
11014	0.0006463076093
11015	0.008387658971
11016	0.006035930152
11017	0.004791661916
11018	0.01031781028
11019	0.001215676929
11020	0.004109678916
11021	0.004003711665
11022	0.003256872006
11023	0.008454174031
11024	0.007686356583
11025	0.005617872581
11026	0.02096786429
11027	0.005358993412
11028	0.0005871824392
11029	0.002513353477
11030	0.02561049646
11031	0.0002407282112
11032	0.0009148609712
11033	0.008427966181
11034	0.001754799382
11035	0.007029475294
11036	0.0003557796334
11037	0.01725232597
11038	0.009212843755
11039	0.00176530169
11040	0.01570391926
11041	0.003941630774
11042	0.001231715508
11043	0.01848801246
11044	0.0004487942538
11045	0.0004617165109
11046	0.0109866882
11047	0.01139356029
11048	0.01166492652
11049	0.01062414757
11050	0.001606730227
11051	0.00132307829
11052	0.003234884822
11053	0.0007506240882
11054	0
11055	0.003089138949
11056	1.559769854e-05
11057	0.0004667784519
11058	0.0003763011081
11059	0.0006598645633
11060	0.01730091708
11061	0.0001456316453
11062	0.001243528065
11063	0.002851025018
11064	0.0005787505766
11065	0.01252481637
11066	0.003753871896
11067	0.008026196163
11068	0.001164768399
11069	0.003170509077
11070	0.001085228033
11071	0.01222792978
11072	0.0146975466
11073	0.007846441859
11074	0.005901340202
11075	0.01153665518
11076	0.005252925881
11077	0.001866830658
11078	0.001312555888
11079	0.01451980627
11080	0.001520786924
11081	0.001342531854
11082	0.0005156404788
11083	0.00826603754
11084	0.0008182701155
11085	0.001612496253
11086	0.001164708022
11087	0.0005010040113
11088	0.002441648864
11089	0.000699587135
11090	7.852065787e-05
11091	0.0007701784232
11092	0.01400420652
11093	0.01255975793
11094	0.0008142503005
11095	1.102999106e-06
11096	0.004300242464
11097	0.0007129928396
11098	0.002186357266
11099	0.01280019417
11100	0.001840714325
11101	0.02576884653
11102	0.002583151985
11103	0.01125954546
11104	0.01436471072
11105	0.001107683872
11106	0.006364696677
11107	0.002694549873
11108	0.0004414822444
11109	0.0007441568017
11110	0.002859729661
11111	3.803934816e-05
11112	0.0005687314457
11113	0.001031282861
11114	0.0002577393194
11115	0.002354469521
11116	0.0005003270418
11117	0.0009760768755
11118	0.0018559522
11119	0.0001611374118
11120	0.0004782620327
11121	0.0005885488966
11122	0.001739306318
11123	0.001190142096
11124	0.0009610898369
11125	0.001630295828
11126	0.001052375316
11127	0.0001703678938
11128	0.001147726263
11129	0.001406883019
11130	0.001797878857
11131	3.540629972e-06
11132	0.0009609252746
11133	0.0008672632975
11134	0.002267351838
11135	0.0004305538373
11136	0.000564685081
11137	0.001451153841
11138	0.001198093758
11139	0.0005872994852
11140	0.001344247262
11141	0.001520777498
11142	0.0006364632683
11143	0.002235332303
11144	0.001063885372
11145	0.0003172488632
11146	0.00247564113
11147	0.001304764515
11148	0.0005211400834
11149	0.0002268739133
11150	0.000114563973
11151	0.0009203537313
11152	0.0001128760789
11153	0.001127648118
11154	0.001347425387
11155	5.312557164e-05
11156	0.0006486297703
11157	0.001855958006
11158	0.001200638202
11159	0.001470442319
11160	0.00284868734
11161	0.002230764394
11162	0.00067847604
11163	0.0008230379403
11164	0.0004446132226
11165	0.000289739633
11166	0.001067618756
11167	0.000800985296
11168	0.0005372193125
11169	0.001124434525
11170	0.001025730186
11171	0.000133545895
11172	0.001442084328
11173	0.0005453425063
11174	0.001036716522
11175	0.0007382443681
11176	0.001642396049
11177	0.0008439103152
11178	0.0003233387623
11179	0.002183518607
11180	0.0004307634021
11181	0.0006824441808
11182	0.002331754751
11183	0.0001143644033
11184	0.0009918700203
11185	8.296256439e-05
11186	6.79425896e-05
11187	0.001989557504
11188	0.007872050431
11189	0.001313366383
11190	0.000854387802
11191	0.001479053762
11192	0.001035956489
11193	0.0007943451394
11194	0.001211660652
11195	0.0008409971147
11196	0.000393371865
11197	0.001780110811
11198	0.0003409685917
11199	0.001127201149
11200	0.0008699845771
11201	0.0008667086688
11202	0.001430431725
11203	0.0001588306217
11204	0.0009405482166
11205	0.002307467783
11206	0.002267123098
11207	0.0001137297405
11208	0.001240619976
11209	0.001550179427
11210	0.0004246654224
11211	0.0002474543963
11212	0.0008253245994
11213	0.001309144337
11214	0.001189681588
11215	0.005658545788
11216	0.0005007794642
11217	0.0003832539455
11218	0.0005266323172
11219	0.001439720681
11220	0.0005766347108
11221	0.001196345275
11222	8.057166185e-05
11223	0.0029706919
11224	8.355188491e-05
11225	0.000490684623
11226	0.0006686088737
11227	0.00125497843
11228	0.001659466955
11229	0.0004980735857
11230	0.00056935713
11231	0.001489841669
11232	6.096405509e-05
11233	0.001120260547
11234	0.001364968702
11235	0.00103255499
11236	0.0003608504636
11237	0.001036522661
11238	0.0004426740601
11239	0.00858051893
11240	0.0001317019453
11241	0.003619641391
11242	0.002133046494
11243	0.001299057079
11244	0.001564361002
11245	0.0005647523348
11246	0.001163583083
11247	0.0006583386543
11248	0.0004896135629
11249	0.01803753515
11250	0.006705251098
11251	0.002515518294
11252	0.002055915632
11253	0.0006570686753
11254	0.001225733656
11255	0.001969229738
11256	0.001692819261
11257	0.002009872065
11258	0.001344366889
11259	0.0002225195984
11260	0.0002307511778
11261	0.0005392113605
11262	0.007822447167
11263	6.137060881e-05
11264	0.001293532168
11265	0.0002968807681
11266	0.007553975196
11267	0.001554251622
11268	0.00154544724
11269	0.005201385226
11270	0.005090763773
11271	0.000314766537
11272	0.001724551258
11273	0.0001057393097
11274	1.762606488e-06
11275	0.001503693087
11276	0.0006939207997
11277	0.0005435882482
11278	0.0006682707424
11279	0.000717882534
11280	0.0003114880502
11281	0.005627572715
11282	0.001082758275
11283	0.006491239238
11284	0.002596245066
11285	0.002954912082
11286	0.0002298950913
11287	0.0007735821435
11288	0.001146270775
11289	0.001254756459
11290	0.002766335998
11291	0.0006122661719
11292	0.0005422017311
11293	0.01899387095
11294	0.001261638883
11295	6.753877052e-05
11296	0.001240161215
11297	0.001914859778
11298	0.0005177802512
11299	0.0003515777827
11300	0.001107345424
11301	0.003103864448
11302	0.001178795924
11303	0.0007948485816
11304	0.0001913667716
11305	0.001086914186
11306	0.00151490504
11307	0.01604961047
11308	0.0006350966453
11309	0.006973551704
11310	0.0003711940215
11311	0.001207207794
11312	0.000618819784
11313	0.001542729736
11314	0.0006436785594
11315	0.0004954469504
11316	0.0005391001191
11317	0.006758601618
11318	0.001028952131
11319	0.0003419405164
11320	0.0002242192378
11321	0.0009215845193
11322	0.004434995516
11323	0.000130142411
11324	0.0003057892407
11325	0.002076603623
11326	0.007243272791
11327	0.002466233073
11328	0.0003230875197
11329	0.0002664247593
11330	0.001360858347
11331	0.0009427439105
11332	0.001649489257
11333	0.001257986748
11334	0.00143401379
11335	0.0002318019706
11336	0.00261170662
11337	0.002230771809
11338	0.0001553948879
11339	0.00156167009
11340	0.001369699112
11341	0.001037801666
11342	0.000327486235
11343	0.0008251742787
11344	0.001094198155
11345	0.001274894093
11346	0.0002950932638
11347	0.003033242334
11348	0.001004703361
11349	0.0009681793349
11350	0.0007691804879
11351	0.001358340313
11352	0.0009462952764
11353	0.001116889301
11354	0.0003119300053
11355	0.0002384242334
11356	0.001176613868
11357	0.0009828114568
11358	0.000338668914
11359	0.0006530055343
11360	0.003032981217
11361	1.692285833e-05
11362	0.001289477629
11363	0.0001653137756
11364	0.001858829163
11365	0.0009476000057
11366	0.001090345784
11367	0.001480040891
11368	0.001789544439
11369	3.585569929e-05
11370	0.002127138642
11371	0.0021156903
11372	0.0005832677854
11373	0.00101757955
11374	0.006612953413
11375	0.000679215188
11376	0.0002552864899
11377	1.978416972e-05
11378	0.002060793722
11379	0.0021529714
11380	0.001016502351
11381	0.0001211405893
11382	0.000652657552
11383	0.001104251818
11384	0.0009522453467
11385	0.006655666263
11386	0.0006995527232
11387	0.0004347952604
11388	0.0004413752857
11389	0.002663327668
11390	0.0003089617106
11391	0.00442466921
11392	0.0008706721577
11393	0.0007820750732
11394	0.007364944274
11395	0.0003475537928
11396	0.00120883327
11397	0.00177216091
11398	0.0004394338385
11399	0.002071611282
11400	0.0001339544597
11401	0.001232515863
11402	0.009488890785
11403	0.0008850155131
11404	0.0004652392871
11405	0.0003798181264
11406	0.0003765008129
11407	0.0004871198628
11408	0.0006973475533
11409	0.0002099302296
11410	0.0004751196453
11411	0.00121170167
11412	0.001166659803
11413	0.001095110825
11414	0.001386221573
11415	0.001857714201
11416	0.001837068046
11417	0.0001703343633
11418	0.001025114542
11419	0.000229977366
11420	9.233560292e-05
11421	0.001584599875
11422	0.002487476733
11423	0.00220502199
11424	0.0009266146119
11425	0.002677673039
11426	0.0003881606281
11427	0.001093635385
11428	0.001073615789
11429	0.01400900348
11430	0.0007903205194
11431	0.002179827534
11432	0.0001199849799
11433	0.001715980543
11434	0.0008181610589
11435	0.002027097002
11436	0.001004402415
11437	0.01047214327
11438	0.001195854528
11439	0.001681598042
11440	9.245253806e-05
11441	0.0009053994308
11442	0.0007448795623
11443	0.001095173635
11444	0.0006010247715
11445	0.00281187316
11446	0.0007453093561
11447	3.936406632e-05
11448	0.001493585244
11449	0.002161800854
11450	0.001278313248
11451	0.0009040309767
11452	0.001274525734
11453	0.0008348673806
11454	0.007471831984
11455	0.001287967892
11456	0.001422318288
11457	0.0004625848925
11458	0.0004439963468
11459	0.001286222439
11460	0.001992432686
11461	0.0002496300938
11462	0.0008516607828
11463	0.0006865606671
11464	0.0001865496418
11465	0.0009430675352
11466	0.003831687073
11467	0.0002916941126
11468	7.656461591e-05
11469	0.0002634192602
11470	0.001142895661
11471	0.0003171546039
11472	0.002407083286
11473	5.085497769e-05
11474	0.0001526305996
11475	0.002750805843
11476	0.001489739524
11477	0.0003344963658
11478	0.01256780633
11479	0.009771910615
11480	0.001380427157
11481	0.001550500762
11482	0.0004380530975
11483	0.0006528377007
11484	0.001078289704
11485	0.003469373333
11486	0.0002765088616
11487	0.0004576724819
11488	0.0002263348921
11489	0.0003175763657
11490	0.0004540379677
11491	0.001010401694
11492	0.0001209741331
11493	6.583078004e-05
11494	0.002076313471
11495	0.002861814648
11496	0.0002256491874
11497	0.001197966051
11498	0.001167492102
11499	8.624175502e-05
11500	0.0004525834905
11501	0.0002627333847
11502	0.0007275235912
11503	0.0004472132018
11504	0.0005742211073
11505	0.002156146957
11506	0.0008439203756
11507	0.002515706384
11508	0.0008129303022
11509	0.001087737863
11510	0.00190216599
11511	0.001195090979
11512	0.0002393309957
11513	0.0001920784188
11514	0.00876659017
11515	0.00428727384
11516	0.001427718913
11517	0.004359324266
11518	0.00148632573
11519	0.0007004194048
11520	0.00118512254
11521	0.00306618933
11522	0.0002373990107
11523	0.001410060555
11524	0.0003657052095
11525	0.0001871739129
11526	0.0006607156135
11527	0.001198600225
11528	0.0008634070298
11529	0.004959780655
11530	0.0001508415599
11531	0.001379520995
11532	0.005575870606
11533	0.0007725040188
11534	0.006827158466
11535	1.516327799e-05
11536	0.0002388549632
11537	0.0001347998692
11538	0.01271701614
11539	2.069288578e-05
11540	0.0004289516607
11541	0.0001877704772
11542	0.0005000032736
11543	0.0008263981189
11544	0.00108704906
11545	0.0007919679445
11546	0.001111598537
11547	0.0008055876075
11548	0.004372424497
11549	0.001284101827
11550	0.0004253666186
11551	0.0003425001008
11552	0.0001284287767
11553	0.0003140971057
11554	0.0003947023941
11555	0.000686235879
11556	0.0006987298382
11557	0.0004073184434
11558	5.631335247e-05
11559	0.0001846354979
11560	0.002449481525
11561	0.0003084929861
11562	0.005886720307
11563	0.0007105031081
11564	0.001108686936
11565	0.004535761887
11566	0.0003003295184
11567	0.0001729953539
11568	0.0003433067358
11569	0.001912206559
11570	0.005308756319
11571	0.0007930753316
11572	0.009243069123
11573	0.0003673177635
11574	0.001103446683
11575	0.008330975853
11576	0.0008338708812
11577	0.0001143455508
11578	0.00104422203
11579	0.0001320426152
11580	0.01247161072
11581	0.0002871945981
11582	0.002223098966
11583	0.017430161
11584	0.001488079862
11585	0.007021331415
11586	0.002235676373
11587	0.002838946776
11588	0.000685820812
11589	0.0001530257181
11590	0.0002686001443
11591	0.001114889266
11592	0.001403862607
11593	0.0004768774591
11594	0.0006074096676
11595	0.002823036891
11596	0.003206408324
11597	0.0002874551267
11598	0.0004345627888
11599	0.0004748620975
11600	0.001120898565
11601	0.000482116949
11602	0.001797528135
11603	0.001519094614
11604	0.0009332086149
11605	0.0007111783128
11606	0.002337139224
11607	3.489326623e-05
11608	0.001926769747
11609	0.0002366271403
11610	0.0001960056952
11611	0.0002080977606
11612	0.0004577055611
11613	0.0007376737657
11614	0.008259789682
11615	8.046304602e-05
11616	0.0004747013891
11617	0.001148274826
11618	0.0006785684443
11619	0.0003448536698
11620	0.0004444281255
11621	9.927865959e-05
11622	0.000503026833
11623	0.0008928314921
11624	0.000537823909
11625	0.0001845368771
11626	0.0111017367
11627	0.00155031614
11628	0.0002880012918
11629	0.002351183297
11630	0.0005991147744
11631	0.0001240470473
11632	0.0004702330749
11633	0.001174605117
11634	0.0001322051518
11635	0.0002159925524
11636	0.008740812835
11637	0.005614253152
11638	0.001331710262
11639	0.002825502398
11640	0.0001655303638
11641	0.0009187062465
11642	0.002892340659
11643	0.0005509222448
11644	0.0009711689356
11645	0.001563197128
11646	0.0009276512848
11647	9.994296781e-06
11648	0.001257183669
11649	0.0004087052849
11650	0.005765124153
11651	0.001696414525
11652	0.0002508593235
11653	0.0009829840335
11654	0.0005755179725
11655	0.001474729883
11656	0.0006037459268
11657	0.000130859442
11658	0.0002154974025
11659	0.0003142873578
11660	0.0008896899547
11661	0.0003781170438
11662	0.0003693191854
11663	8.418144053e-05
11664	7.143435681e-06
11665	0.001254084897
11666	0.001534575167
11667	6.583215956e-05
11668	0.00168454522
11669	0.0001963961886
11670	0.000467009661
11671	9.440882294e-05
11672	0.002247928629
11673	0.001644051539
11674	6.859233742e-05
11675	0.0001062814462
11676	0.0006991231713
11677	0.0007182020123
11678	0.001841274932
11679	0.00119678316
11680	0.0007117882681
11681	0.0001225065067
11682	0.0002243445454
11683	0.007846468498
11684	0.002069665648
11685	0.001999073848
11686	0.002691919996
11687	0.001160713722
11688	0.001802642733
11689	0.001444972835
11690	0.004094469079
11691	0.0007954692676
11692	0.001549235829
11693	9.432492618e-05
11694	0.0009594891737
11695	0.001762235131
11696	0.0002950649341
11697	0.0004835655594
11698	0.0002953225593
11699	0.0003042120064
11700	0.0005553668482
11701	0.001450134027
11702	2.055261173e-05
11703	0.001408588807
11704	0.001021214214
11705	0.000192582899
11706	0.0004934664645
11707	0.0002520754194
11708	0.0002512982037
11709	0.0008779460998
11710	0.0005696839737
11711	0.0001111300278
11712	0.001437504559
11713	0.001046786318
11714	0.001922074653
11715	0.0007277365557
11716	0.0004228203432
11717	0.005830632796
11718	0.0006356265731
11719	0.001456662394
11720	0.001768529452
11721	0.001580960405
11722	0.0006282396996
11723	5.458013272e-05
11724	0.00101961717
11725	0.002153887202
11726	0.0002137142412
11727	0.000545206192
11728	0.000466687218
11729	0.0005048570716
11730	0.0008459683511
11731	0.001678776491
11732	0.0005138449273
11733	0.002905100026
11734	0.0003718888792
11735	0.0007120803111
11736	0.001434837092
11737	0.002304930379
11738	0.001056625873
11739	0.002574797381
11740	0.001520809362
11741	0.0146053737
11742	0.001128527844
11743	0.001949473238
11744	0.001585695845
11745	0.001276950432
11746	0.0004869393178
11747	0.001201030511
11748	2.854704134e-05
11749	5.784818577e-05
11750	0.0001646870313
11751	0.0004446709144
11752	0.001484567826
11753	0.001507232121
11754	0.0001594644583
11755	0.009911115183
11756	0.0002593299996
11757	0.0006393849716
11758	0.001037249267
11759	0.004043046712
11760	0.0007541921489
11761	0.0001522169089
11762	0.0008444863569
11763	5.709567546e-05
11764	0.0002648820723
11765	0.001628170974
11766	0.0003561847934
11767	0.0005712228674
11768	4.377303869e-05
11769	0.002014225711
11770	0.0009635314007
11771	7.455006218e-05
11772	0.006292577878
11773	0.001091736258
11774	0.001105556713
11775	0.0004957406372
11776	0.001248807638
11777	0.001351934312
11778	0.001866623675
11779	0.000141099002
11780	0.001894709866
11781	0.0002273731513
11782	0.0006011939668
11783	0.001448279931
11784	0.0007394962623
11785	0.004967317539
11786	0.001125169513
11787	8.891259675e-05
11788	1.657528822e-06
11789	0.0003974709194
11790	0.007005931432
11791	0.0002006192009
11792	0.0002269532895
11793	0.0006547036113
11794	0.0007208526885
11795	0.001244472583
11796	8.448099968e-05
11797	0.001045693501
11798	0.001743505374
11799	0.0002710446749
11800	0.001278872456
11801	0.0001311573232
11802	0.0003484138188
11803	0.0005095833497
11804	0.0003753784835
11805	0.004603898312
11806	0.001993245006
11807	0.001197769271
11808	0.01008972999
11809	0.0007010334524
11810	0.0005950092336
11811	2.376492233e-06
11812	0.007309177192
11813	0.003004080582
11814	0.001350517453
11815	0.002566857024
11816	0.0007297549309
11817	0.001277682121
11818	0.0006062258897
11819	0.001144460321
11820	0.0004307217431
11821	0.001806710963
11822	0.0004387516681
11823	0.0020313818
11824	0.0009846715985
11825	0.0007704301326
11826	0.0006081033435
11827	0.001933477625
11828	0.0001784687642
11829	0.0005872794032
11830	0.00219926489
11831	0.0067796899
11832	0.0001589988646
11833	0.0004229169045
11834	0.004310045229
11835	0.0008566439788
11836	0.0001988152598
11837	0.001987981242
11838	0.0005558172479
11839	2.433916987e-05
11840	0.0005390006661
11841	0.002140943876
11842	0.0002722822021
11843	0.0001614133273
11844	0.00110332393
11845	0.00201203801
11846	0.0009496713719
11847	0.0004408194628
11848	0.0002808945184
11849	0.0007448959774
11850	0.000203392287
11851	0.0002907897047
11852	0.0006257602063
11853	0.0004811706682
11854	7.860211833e-05
11855	0.0003508733283
11856	0.0006381187338
11857	0.002161946302
11858	0.000254106915
11859	0.01775605371
11860	0.003646869347
11861	0.0005309566486
11862	0.0005878465177
11863	0.0002905390458
11864	0.001115410764
11865	1.270254282e-05
11866	0.000124061805
11867	0.000286932534
11868	0.0004113732874
11869	0.004267420444
11870	0.001824373348
11871	0.0007544616742
11872	0.0002913360146
11873	3.517305781e-05
11874	0.001918025322
11875	0.0004530157822
11876	0.0001129874136
11877	0.001278301234
11878	0.001865629786
11879	0.0002216211622
11880	0.0054592587
11881	0.001214927658
11882	0.001680687536
11883	0.0002832366077
11884	7.070970032e-05
11885	0.001240880703
11886	0.005221306653
11887	0.000488457575
11888	0.0005229300876
11889	0.0008448899616
11890	0.0006156301237
11891	0.0009989662535
11892	0.000558974868
11893	0.001194432913
11894	0.0003839709721
11895	0.000710901881
11896	0.0008704927115
11897	0.002303474161
11898	0.0001586176512
11899	0.001190858304
11900	0.001153001469
11901	7.06974174e-05
11902	0.0006572701369
11903	0.001722722322
11904	0.0008162872656
11905	0.001611650037
11906	0.001832749466
11907	0.0002353688059
11908	0.001087323457
11909	0.0003008348027
11910	0.0009953868241
11911	0.0007311381336
11912	0.002981653739
11913	0.002722602726
11914	0.0005895386153
11915	0.0005788963474
11916	0.001295369525
11917	0.0006409272944
11918	0.0007682929059
11919	0.0001161874574
11920	0.001725029552
11921	0.001211421058
11922	0.001281541845
11923	0.007052866471
11924	9.517465543e-05
11925	0.0006684326792
11926	0.001450388757
11927	0.0009871305605
11928	0.0003752039697
11929	0.002061258518
11930	0.0008017995451
11931	0.0002226165001
11932	0.002097086661
11933	0.001303607013
11934	3.447632624e-05
11935	0.01144522646
11936	0.0002258148992
11937	0.0008070772742
11938	0.0003290273461
11939	0.000101640947
11940	0.0006490034576
11941	0.0007506971526
11942	0.006915511857
11943	0.001464068578
11944	0.01732421867
11945	0.001518001047
11946	0.001781643441
11947	0.00104659052
11948	0.0004570342111
11949	0.006869721812
11950	0.002479839613
11951	0.0007843513606
11952	0.0022883527
11953	0.002267241961
11954	0.007217587791
11955	0.0003652145245
11956	0.0002774786954
11957	0.00666135045
11958	0.002367676486
11959	0.006188311154
11960	0.006825192685
11961	0.0065048971
11962	0.00273741776
11963	0.001982308439
11964	0.0001354059399
11965	0.001290941112
11966	0.0009678436527
11967	0.0003058082584
11968	0.01751907701
11969	0.0007968949189
11970	0.0004695693066
11971	0.001758236082
11972	0.01168267224
11973	0.0003468860402
11974	0.001517513479
11975	0.0006463659384
11976	0.002687513274
11977	0.0007828963138
11978	0.001060709671
11979	0.001102956942
11980	0.0008200975617
11981	6.489223331e-05
11982	0.01726068996
11983	0.0005815861604
11984	6.068633922e-05
11985	0.00617229309
11986	0.0002160158706
11987	0.0005511790375
11988	0.0008684912602
11989	0.005510232569
11990	0.0002616199914
11991	0.007019757618
11992	0.0004025371155
11993	0.0008107203895
11994	0.0002032584873
11995	0.0007445990544
11996	0.003715240666
11997	0.00336352134
11998	0.002326886639
11999	0.0003469199864
12000	0.0004616875639
12001	0.001470646171
12002	0.00139229455
12003	0.0005726455023
12004	7.197320719e-05
12005	0.0003770853022
12006	0.002546918504
12007	0.001428525179
12008	0.0008005388818
12009	0.001405999445
12010	0.0003823949328
12011	8.809252139e-05
12012	0.0002064497681
12013	0.00524121512
12014	0.0004748728982
12015	0.0001546268196
12016	0.002238384303
12017	0.002979156608
12018	0.003097479291
12019	0.001917544178
12020	0.000884214339
12021	0.01037054236
12022	0.0004677939468
12023	0.01401614899
12024	0.0008276739974
12025	0.001415434026
12026	0.0006634994451
12027	0.009966817185
12028	3.47091851e-05
12029	0.0004985394044
12030	0.001148275244
12031	0.0009423581231
12032	0.00145022477
12033	0.002642282913
12034	0.006176772024
12035	0.0001544583162
12036	0.0006720612808
12037	0.00344247856
12038	0.001823655096
12039	0.0005369805553
12040	0.001732259864
12041	0.004720113332
12042	0.002639688294
12043	0.002017685435
12044	0.0009563694562
12045	0.002560304952
12046	0.001662203735
12047	0.003088843257
12048	0.0006573429402
12049	0.0002911576386
12050	0.0008377975205
12051	0.00170743952
12052	0.001459481803
12053	0.001069696207
12054	4.577607587e-05
12055	0.001172926874
12056	0.003446784566
12057	0.003273512848
12058	0.009375405545
12059	0.003583576393
12060	0.001125862066
12061	0.001324770969
12062	0.0219171794
12063	0.0009004599673
12064	0.0002197166463
12065	0.0002042801812
12066	0.0007173388918
12067	0.002297178431
12068	0.0007157818227
12069	0.0008111977889
12070	0.000849264582
12071	0.001256523271
12072	0.001898078267
12073	0.00326910827
12074	0.002403920946
12075	0.005460625722
12076	0.003655788807
12077	0.0008497627165
12078	0.001001265102
12079	0.001815463854
12080	0.0002812688789
12081	0.01271791728
12082	0.0007132825598
12083	1.854425952e-05
12084	0.000188787911
12085	0.0009251281402
12086	0.0004092820889
12087	0.001554171559
12088	0.0004414882104
12089	0.00104884129
12090	1.074281211e-08
12091	0.003577537623
12092	0.006276477271
12093	0.001234670006
12094	0.001095143302
12095	0.00473952792
12096	0.003810827608
12097	0.000185628654
12098	0.001694096137
12099	0.0002955130546
12100	0.003507495368
12101	0.001557431508
12102	0.001191254776
12103	0.0007921928641
12104	0.01196007622
12105	0.0006654851881
12106	0.0005014112075
12107	0.001862579653
12108	0.002326494788
12109	0.0185266755
12110	0.001215883947
12111	0.001987880037
12112	0.00420290244
12113	0.0005608525294
12114	0.02134761167
12115	0.007969978743
12116	0.0006850626849
12117	0.002447100179
12118	0.001307627962
12119	0.002090939468
12120	0.00117075655
12121	0.0003774383402
12122	0.0005474866192
12123	0.0003410665704
12124	0.000758885607
12125	0.001056047912
12126	0.001961525573
12127	0.0009630668791
12128	0.0008908066111
12129	0.002257585978
12130	0.008658133488
12131	0.005060012107
12132	0.0002873659435
12133	0.0001418506068
12134	4.888452111e-06
12135	0.01028007345
12136	0.003525859795
12137	0.0006370818468
12138	0.002578662818
12139	0.0001864720839
12140	0.001438584003
12141	0.004488600442
12142	0.003212894528
12143	0.001056339571
12144	0.003146013112
12145	0.0001228477429
12146	0.0004852342524
12147	1.376202985e-05
12148	0.0008123772583
12149	0.006585109027
12150	0.001324948111
12151	0.001886020652
12152	0.0003703350084
12153	0.006063369186
12154	0.007980656892
12155	0.00108860757
12156	0.01411930208
12157	0.001346099517
12158	1.17013133e-05
12159	0.0002164629704
12160	0.0002935128031
12161	0.01813653655
12162	0.001562634893
12163	0.0006627367214
12164	0.0009255542859
12165	0.00327507687
12166	0.0005136323665
12167	0.002240409726
12168	0.001210158031
12169	0.001240656032
12170	0.0008452819746
12171	0.006160499496
12172	6.489905964e-05
12173	0.002987595738
12174	0.0003993489132
12175	0.001421498448
12176	0.002489364718
12177	0.0002604203749
12178	0.006423916492
12179	0.0001864344769
12180	0.0001086639801
12181	0.007805825907
12182	0.00160703295
12183	0.0005588837713
12184	0.006849766964
12185	0.0006065895973
12186	0.001108422569
12187	0.0009214851893
12188	0.0004489727783
12189	0.0010253373
12190	0.0005407573278
12191	0.0003852603287
12192	0.0007831265705
12193	0.02409328734
12194	0.01425230025
12195	0.0002504764813
12196	0.0003127497318
12197	0.0005821900331
12198	0.008194452202
12199	0.003080753891
12200	0.008958997787
12201	0.01683941932
12202	5.761483128e-06
12203	0.0001081490213
12204	0.001028890908
12205	0.01222840393
12206	0.001375629736
12207	0.004950609624
12208	0.0002141518092
12209	0.002864147126
12210	0.003577294366
12211	0.0002789920766
12212	5.872113226e-05
12213	0.001241764931
12214	0.0001059976345
12215	0.02063239377
12216	0.0002512469573
12217	0.0001098310033
12218	0.001783765328
12219	0.001717396948
12220	0.007491148175
12221	0.00136278727
12222	0.0006910595939
12223	0.00253423008
12224	0.001226225362
12225	0.001678331101
12226	0.003094210439
12227	0.01600663907
12228	0.001017322507
12229	0.0003473380698
12230	0.001497999249
12231	0.001566241214
12232	0.0003182211576
12233	0.0006197633515
12234	0.0008003378012
12235	0.01076307498
12236	0.0005764414069
12237	0.0001345140254
12238	0.0009637901142
12239	0.003243091526
12240	0.001007779831
12241	0.000335961125
12242	0.00226248024
12243	0.001797673428
12244	0.0008633326444
12245	0.0006964054501
12246	0.00881438784
12247	0.0005070031118
12248	0.01318364042
12249	0.00253314504
12250	0.00633041082
12251	0.000328650329
12252	0.008655511408
12253	0.006248805958
12254	0.000540280814
12255	0.0001549031453
12256	0.006894877273
12257	0.005344666486
12258	0.009044495187
12259	0.002680223185
12260	0.00109734611
12261	0.0007022316332
12262	0.008240209323
12263	0.0003860221096
12264	0.00119744585
12265	0.002925003679
12266	0.0004524429308
12267	0.000489132473
12268	0.003021632238
12269	0.0001262690884
12270	0.0006451498258
12271	0.005128332291
12272	0.0009906902722
12273	0.0008933612639
12274	0.001728592386
12275	0.00119561125
12276	0.001204099042
12277	0.0005355514519
12278	0.0005572773384
12279	0.0015521998
12280	0.0008351281729
12281	0.007832314591
12282	0.006293165189
12283	0.0007258243086
12284	0.001128461836
12285	0.001055664144
12286	0.001228754472
12287	0.0001474522953
12288	0.0001324930511
12289	0.0007093899611
12290	0.006816792445
12291	0.0006060552081
12292	0.001354486362
12293	0.01347908974
12294	0.0003286800749
12295	0.0009238780665
12296	0.003970638397
12297	0.001177553536
12298	0.005249905869
12299	0.006060853703
12300	0.001875312725
12301	0.001182539393
12302	0.003611310941
12303	0.0006513420564
12304	0.002980752364
12305	0.002785249647
12306	0.0006951537893
12307	0.001570748842
12308	0.0001877776477
12309	0.0004238483009
12310	0.0007535662352
12311	0.00876031222
12312	0.001282298497
12313	1.817767387e-05
12314	0.001234688928
12315	0.006244037805
12316	0.001015988896
12317	0.002940051274
12318	0.0004425248277
12319	0.000703500131
12320	0.004570551907
12321	0.004786868299
12322	0.005609628134
12323	0.0002379007485
12324	0.005433561977
12325	0.001304791868
12326	0.0009942597651
12327	0.0003518226861
12328	0.002242939808
12329	0.002095072914
12330	0.0004570755666
12331	0.0002910309335
12332	0.000241741181
12333	0.0003740025619
12334	0.0007249421969
12335	0.007823002746
12336	0.0006826666585
12337	0.006398278796
12338	0.0006631321604
12339	0.0005883257216
12340	0.0005635069722
12341	0.001953529448
12342	0.0001587738425
12343	0.002679162091
12344	0.00135197553
12345	0.001330372577
12346	0.000761063996
12347	0.0006269024658
12348	0.003631966496
12349	0.0006159047832
12350	0.0002899919658
12351	0.0001802793472
12352	0.0005112980579
12353	0.0006536909719
12354	0.0009514395168
12355	1.108168199e-05
12356	0.009111892724
12357	0.004150730437
12358	0.003344226062
12359	0.008144197295
12360	0.000665850179
12361	0.01401116097
12362	0.008850659327
12363	0.000231258705
12364	0.002594926776
12365	0.001838996258
12366	0.01242274643
12367	0.0008257261397
12368	0.0002652458518
12369	0.001920220988
12370	0.01697949811
12371	0.005069541363
12372	0.0003089828529
12373	0.0005733054976
12374	0.001234556119
12375	0.001773941967
12376	0.0005954520941
12377	0.0001552065751
12378	0.007129710931
12379	0.00149468182
12380	0.01346984477
12381	0.0004901879012
12382	0.000858455924
12383	0.001744308022
12384	0.0002100659667
12385	0.0009520025788
12386	0.001259447624
12387	0.0004893913512
12388	0.001688625606
12389	0.00214254871
12390	0.01048196852
12391	0.01326005593
12392	0.0003059999617
12393	0.005483868712
12394	0.001371373095
12395	0.00158599176
12396	0.0001209744524
12397	0.0007731540481
12398	0.01679206803
12399	6.062639017e-05
12400	0.001384149822
12401	0.000369495484
12402	0.0006750640263
12403	0.008401285922
12404	0.001221425686
12405	0.009483105452
12406	0.0004675687455
12407	0.01234689941
12408	0.003656916032
12409	0.000589790522
12410	0.0002842501257
12411	0.009624957719
12412	0.0008302866327
12413	0.0008180918087
12414	0.001530695102
12415	0.004080093048
12416	0.001418040929
12417	0.001656225418
12418	0.006654278626
12419	4.952608325e-05
12420	0.009893241732
12421	0.00542852738
12422	4.746892343e-05
12423	0.002055631727
12424	0.0002150219028
12425	0.0001963545182
12426	0.001431027196
12427	0.01611443598
12428	0.001014179464
12429	0.000799554951
12430	0.01905349289
12431	0.003268699771
12432	0.001684678755
12433	0.001444597724
12434	0.01530921143
12435	0.0004040951757
12436	0.000838088184
12437	0.006339235295
12438	0.001333772748
12439	0.02165637898
12440	0.002230357208
12441	0.002961910903
12442	0.001157003668
12443	0.004418447474
12444	0.0005234144357
12445	0.0003383001139
12446	0.02172615569
12447	0.001327704876
12448	0.001655130498
12449	0.01815938242
12450	0.002241844055
12451	0.0003308558256
12452	0.0006631359933
12453	0.0003661661849
12454	0.002336535943
12455	0.000748726209
12456	3.446448794e-05
12457	0.0005377926942
12458	0.000288523247
12459	0.0003718617935
12460	0.009829758362
12461	0.0003375048989
12462	0.005161665636
12463	0.0007766030224
12464	0.0002620335156
12465	0.001171733794
12466	0.007728161461
12467	0.005310412487
12468	0.0007221191085
12469	0.00560279467
12470	0.000706120161
12471	0.006790514907
12472	0.001222264484
12473	0.000609966954
12474	0.01447968141
12475	0.000184182544
12476	0.001275389162
12477	0.01145242309
12478	0.0002215407116
12479	0.0005753384223
12480	0.002325083742
12481	0.00290262871
12482	0.003661417824
12483	0.0006406815775
12484	0.01468253192
12485	0.0008919674813
12486	0.0002899892644
12487	0.0007718375496
12488	0.001733970893
12489	0.002783418381
12490	0.0006241425529
12491	1.57305062e-05
12492	0.00125145497
12493	0.001087218604
12494	0.001003898479
12495	0.001303877414
12496	0.004126500882
12497	0.0005224409984
12498	0.0002056731825
12499	0.0009834432054
12500	0.002845144063
12501	0.007244267726
12502	0.004155974885
12503	0.0004354965809
12504	0.0007577070336
12505	0.0001472096797
12506	0.002615398445
12507	1.740782351e-05
12508	0.001448867703
12509	0.001805711056
12510	0.0009697946381
12511	0.001505877763
12512	0.0001269683981
12513	0.0008965765065
12514	0.007925184012
12515	0.000822176047
12516	0.004201127078
12517	0.00266196153
12518	0.000939740509
12519	0.001170099206
12520	0.000607491658
12521	0.0008445466575
12522	0.003702289345
12523	3.995685735e-05
12524	0.01464653469
12525	0.001538978603
12526	0.002265436017
12527	0.01271899326
12528	0.0002071223594
12529	0.0006178755271
12530	0.01048551204
12531	0.001548669332
12532	0.001147184223
12533	0.002040840981
12534	0.0003725894684
12535	0.003166343596
12536	0.001052668849
12537	0.00116974699
12538	0.0201706441
12539	0.02409006002
12540	0.003277537871
12541	0.0003811591433
12542	9.691868617e-05
12543	0.0006151803717
12544	0.0005763461029
12545	0.0008247752484
12546	0.002405861855
12547	0.0001932860401
12548	0.0001458567542
12549	0.0003582876075
12550	0.0006301231064
12551	0.000576617765
12552	0.003573388345
12553	0.0008790630542
12554	0.001533179443
12555	0.0002635245747
12556	0.000177356526
12557	0.002675611225
12558	0.0005369001546
12559	0.001400109995
12560	0.00593739036
12561	0.008540193185
12562	0.00711739753
12563	6.866150944e-05
12564	0.001387529601
12565	0.01372337386
12566	0.01423584755
12567	0.006512417851
12568	0.003388297502
12569	0.002967762104
12570	0.001813817751
12571	0.001827439748
12572	0.0004008112162
12573	0.004443258379
12574	0.002519330661
12575	0.006380201977
12576	0.0192691885
12577	0.008705923673
12578	0.001919902729
12579	0.008580078085
12580	0.0009065616352
12581	0.0002827478258
12582	0.007955407504
12583	0.0008353281243
12584	0.001346501161
12585	0.002850667969
12586	0.0006945376549
12587	0.0007284127457
12588	0.00042256302
12589	0.00508528306
12590	0.0007300815124
12591	0.0005436911623
12592	0.0009454322406
12593	0.001962531273
12594	0.0009816628873
12595	0.0009409894638
12596	0.001990153203
12597	0.001538035841
12598	0.000558638004
12599	0.001344512583
12600	0.003275517474
12601	0.000111185231
12602	0.001464387306
12603	0.00115828139
12604	0.009839277786
12605	0.0006026254766
12606	0.001511637321
12607	0.0052984864
12608	0.0004577629469
12609	9.710222196e-05
12610	0.001742344876
12611	0.01571067402
12612	0.005461455525
12613	0.002237552241
12614	0.0197349407
12615	0.004117441567
12616	0.0007699957523
12617	0.0008202171853
12618	0.0177082998
12619	0.000181485047
12620	0.002677968839
12621	0.004856460774
12622	0.007641683583
12623	0.00177891581
12624	0.002331855806
12625	0.002280247762
12626	0.0006095404008
12627	0.01499946055
12628	0.0002326053834
12629	0.00589355491
12630	0.001295110006
12631	0.004404305378
12632	0.0009202914914
12633	0.001114735054
12634	6.138325883e-05
12635	0.008653848334
12636	0.006094539485
12637	0.0002165648784
12638	0.001465113021
12639	0.002036194842
12640	0.0001166979069
12641	0.001180209732
12642	0.002007160421
12643	0.0003655002781
12644	0.01042349338
12645	0.01288662908
12646	0.0004113105089
12647	0.01051087918
12648	0.0009654307235
12649	0.0007644146704
12650	0.000540537776
12651	0.004953860682
12652	0.002487315618
12653	0.0003802275722
12654	0.001949120414
12655	0.002408258151
12656	0.0009960196487
12657	0.005210643368
12658	0.0008001972835
12659	0.00317191716
12660	0.002557937481
12661	0.0007519256703
12662	0.0003107733589
12663	0.0003382711735
12664	0.002568960321
12665	8.799600532e-05
12666	0.01270791934
12667	0.001312317495
12668	0.001239202133
12669	0.01400688101
12670	0.0002929145853
12671	0.001458275789
12672	0.0002420150759
12673	0.000714047681
12674	0.001597698245
12675	0.001741040576
12676	0.0009357109274
12677	0.001672034288
12678	0.006304919284
12679	0.0009398193369
12680	0.0006005348548
12681	0.001610838615
12682	0.001504043743
12683	0.01463655592
12684	0.01726238697
12685	0.0008565697443
12686	0.003061547418
12687	0.0009144031514
12688	0.0010230337
12689	0.00650627679
12690	0.003794366492
12691	0.0002932252588
12692	0.001673940566
12693	0.0007875875187
12694	2.308616213e-05
12695	0.002303215658
12696	0.0006777577194
12697	0.0002445263356
12698	0.003121924139
12699	0.01996067987
12700	0.0009895047871
12701	0.008935143602
12702	0.003450319898
12703	0.003132464409
12704	0.00107611181
12705	0.001443092246
12706	0.0002344163946
12707	0.0004415998484
12708	0.0009745940755
12709	0.0004549432396
12710	0.002235279871
12711	0.001703094841
12712	0.01444296347
12713	0.001677099853
12714	0.001631951977
12715	0.004060424223
12716	5.966818889e-05
12717	0.0004951018028
12718	0.0004578675459
12719	0.000376224537
12720	0.001270791433
12721	0.0008410382161
12722	0.0001841882349
12723	0.001309436738
12724	0.01440406693
12725	0.0002043955576
12726	0.000784397993
12727	0.0006391713744
12728	0.001741723053
12729	0.0007180287367
12730	0.0009905543791
12731	0.0005241509071
12732	0.001007866961
12733	0.004566705815
12734	0.0008791673522
12735	0.0004265762935
12736	0.0004475521605
12737	0.0004833988196
12738	0.0004980586106
12739	0.007929900685
12740	0.0007636264978
12741	0.000950014073
12742	0.001019570847
12743	0.004306884939
12744	0.0001944143233
12745	0.0006472679255
12746	0.0002557439107
12747	0.0003496412245
12748	0.01203802736
12749	0.0008830668263
12750	0.00202784894
12751	0.000137051086
12752	0.0001859764602
12753	0.0005736167802
12754	0.000466523212
12755	0.0001752077381
12756	0.0008406668658
12757	0.0003502022633
12758	3.394010891e-05
12759	0.001305594121
12760	0.0004549305644
12761	0.0002881895328
12762	0.001619014318
12763	0.0008134824402
12764	0.0007110689789
12765	0.0005691632808
12766	0.001436626575
12767	0.001047860602
12768	0.0002988108837
12769	0.0007126937644
12770	5.118543158e-05
12771	0.001705046885
12772	0.005829207198
12773	0.0006100091706
12774	0.008341023903
12775	0.001310667706
12776	0.0005294094454
12777	2.70507987e-05
12778	3.757222239e-05
12779	0.004694149626
12780	0.009949678405
12781	0.0009703748168
12782	0.0003321944819
12783	0.004093783897
12784	0.0006380440316
12785	0.005024160146
12786	0.00774642407
12787	0.001194169452
12788	0.0003036919216
12789	0.0001038669663
12790	0.00189808132
12791	0.0004787479371
12792	6.020168453e-05
12793	0.0004807139807
12794	0.001094107241
12795	0.001524875185
12796	0.0001514344875
12797	0.01463419176
12798	0.0005076454471
12799	0.003949633433
12800	0.001003590029
12801	0.000120712476
12802	7.226797459e-05
12803	0.004535653949
12804	0.0006096428811
12805	0.0002455019114
12806	0.002678103671
12807	0.002950528701
12808	0.001059053458
12809	0.004889260775
12810	0.0003497923702
12811	0.0008496478961
12812	0.01206320575
12813	0.0002012700102
12814	0.008544536127
12815	0.0002872195171
12816	0.0004165836474
12817	0.0004091175414
12818	0.0006558342881
12819	0.0005346154141
12820	0.000496198451
12821	0.001440259695
12822	0.001006065897
12823	0.0005210084994
12824	0.006601668484
12825	0.0001018535069
12826	0.0009035782696
12827	0.002560903378
12828	0.008064513887
12829	0.0008271528854
12830	0.001016008109
12831	0.00138983475
12832	0.0005118720755
12833	0.002184570814
12834	3.349736166e-05
12835	0.0006269030065
12836	3.86328251e-05
12837	7.407370234e-05
12838	0.005590504735
12839	0.005236259974
12840	1.830199209e-05
12841	0.00108172131
12842	0.0004009664177
12843	0.001131473558
12844	0.001308387312
12845	5.799117523e-05
12846	0.0007140820677
12847	0.0003424453286
12848	0.0001408786218
12849	0.0007285522349
12850	0.0169846888
12851	0.001095368446
12852	0.001046805428
12853	0.000808156974
12854	0.001056103214
12855	0.0007931531255
12856	0.0004407492768
12857	0.002977592922
12858	0.0001498439455
12859	0.001118011146
12860	0.009528202476
12861	0.0004156944559
12862	0.0006856574591
12863	0.0003342416609
12864	0.001290701302
12865	0.003942909913
12866	0.000335912464
12867	0.001067796457
12868	4.644074771e-05
12869	0.001122121902
12870	0.0001535682041
12871	0.0003891492883
12872	0.003968945168
12873	0.00258431065
12874	0.001021773918
12875	0.007979029253
12876	0.007308619708
12877	0.0001336801969
12878	0.0002563769675
12879	0.003719806644
12880	0.0003652584275
12881	9.045407798e-05
12882	3.496679641e-05
12883	0.000113370085
12884	0.00166125203
12885	0.0005387193757
12886	0.0005794733828
12887	0.0008310523139
12888	6.916421262e-05
12889	0.0002391699189
12890	0.002486574592
12891	0.0007094874246
12892	0.003845704541
12893	0.002340219614
12894	0.001609141043
12895	0.0002653664784
12896	0.0006971027748
12897	0.01211298231
12898	0.0003953890599
12899	0.007297281885
12900	0.003087543758
12901	0.0001142783488
12902	0.002958682252
12903	0.0003116732346
12904	0.0001934201216
12905	0.01252513293
12906	0.006286025198
12907	0.01699993471
12908	0.002542782554
12909	0.01271831463
12910	0.001490460562
12911	0.0002787783238
12912	0.001173006009
12913	0.0009019706455
12914	0.0008872910815
12915	0.0003121341879
12916	0.0007147931063
12917	0.0005447726771
12918	0.0001010316962
12919	0.01257511231
12920	0.0008436504735
12921	0.000495639289
12922	0.0004975510642
12923	0.0006798124769
12924	0.0008369510169
12925	0.001316394619
12926	0.002046331689
12927	0.002774611942
12928	0.01671799253
12929	0.0002847855479
12930	0.005739923487
12931	0.001581488644
12932	0.001327132618
12933	0.01322171532
12934	0.0004601875526
12935	0.002325844334
12936	6.235812322e-05
12937	0.0003367848179
12938	0.0001427605454
12939	0.00119997515
12940	0.0003226974316
12941	0.0006692672987
12942	0.006901911676
12943	0.000454382725
12944	0.003068332846
12945	0.0008936230402
12946	0
12947	0.0005756826135
12948	0.0002019082249
12949	0.00158118056
12950	0.001114812669
12951	0.001151441955
12952	0.0008021056165
12953	0.0008728248537
12954	0.001016605215
12955	0.0001008722867
12956	0.0001125854593
12957	0.001209555124
12958	0.0008654069612
12959	0.002013621364
12960	0.0002962631086
12961	0.0007553583385
12962	0.004602876494
12963	0.003318051141
12964	0.0003005971876
12965	0.0003345136802
12966	0.0005109768186
12967	0.0006473294574
12968	0.001069165905
12969	0.003165976814
12970	0.0004024771156
12971	0.0005956626971
12972	0.00034538522
12973	0.006105075983
12974	0.0003495121894
12975	0.003233711484
12976	0.0007549885767
12977	0.0009712205202
12978	0.0008471952957
12979	0.001883693376
12980	0.000743344605
12981	0.000328197309
12982	0.001689022337
12983	3.654197551e-05
12984	0.0004628347076
12985	0.001633314119
12986	0.001268549534
12987	0.008485146903
12988	0.0007853996993
12989	0.004290206196
12990	0.0007834050475
12991	0.001205417503
12992	0.0008702070989
12993	0.001567983193
12994	0.0004808711844
12995	0.002218840627
12996	0.001822623178
12997	0.0002337824907
12998	0.0144552736
12999	0.0002208996873
13000	0.0009853636067
13001	7.750096917e-05
13002	0.001111357642
13003	0.001288300959
13004	0.002881067374
13005	0.001283036356
13006	0.003780752233
13007	0.0005880939443
13008	0.004347869225
13009	9.645313026e-06
13010	0.003821159303
13011	0.0003712241852
13012	0.0009669803428
13013	0.0009847187569
13014	0.0006844711082
13015	0.005157092681
13016	0.001074670852
13017	0.001125165376
13018	0.002961214967
13019	0.003668294613
13020	0.0002293529561
13021	0.000644734213
13022	0.0003749376553
13023	0.0001354634015
13024	0.00103117412
13025	0.0007191252278
13026	0.0005841617933
13027	0.0002382851955
13028	0.0005514948657
13029	0.002151531393
13030	0.002253351243
13031	0.0007785064213
13032	0.0004241261761
13033	0.001430325378
13034	0.0004933015249
13035	0.001319638295
13036	0.00110894206
13037	0.01144472328
13038	0.001217799597
13039	0.0002215992977
13040	0.0003230029225
13041	0.008345322885
13042	0.001633246864
13043	0.001441788233
13044	0.0001823354099
13045	0.001213718471
13046	0.0006193710101
13047	0.0002715757433
13048	0.0004481133398
13049	0.0007344826192
13050	0.0004041126271
13051	0.001439893716
13052	0.0003428864501
13053	0.001587545818
13054	0.01403942432
13055	0.002975621502
13056	0.005197731368
13057	0.01078415737
13058	0.0001042500791
13059	0.01022459614
13060	0.0002608401844
13061	0.0005235307762
13062	0.005509573584
13063	0.0002719896525
13064	0.001164969391
13065	0.001652571615
13066	0.0008661816246
13067	0.0006786094026
13068	0.011119965
13069	0.001488700102
13070	0.003023274404
13071	0.003456196146
13072	0.0001753951467
13073	0.007144186623
13074	0.01012394132
13075	0.000785050785
13076	0.0004611924887
13077	0.0008041129356
13078	4.45385865e-05
13079	0.001148519212
13080	0.000379048444
13081	0.003935435418
13082	0.0003182444909
13083	0.001062733962
13084	0.001036268839
13085	0.0003580361508
13086	0.0003282383672
13087	0.001643147003
13088	0.00139731058
13089	7.444204489e-05
13090	0.001845900796
13091	0.001295936717
13092	0.00800595687
13093	0.000652902498
13094	0.00091645478
13095	8.406649988e-05
13096	0.0009182974398
13097	0.0006260530803
13098	0.0007305909186
13099	0.0006740171666
13100	0.001519113803
13101	0.0004152105611
13102	0.000325679781
13103	0.001592937986
13104	0.0001739989084
13105	0.001703199738
13106	0.00859534355
13107	0.0002567767107
13108	0.001416385068
13109	0.0002955450004
13110	0.001735077268
13111	0.0004400865676
13112	0.001751384689
13113	0.0006778579835
13114	0.01135344771
13115	0.0004077238263
13116	1.247535948e-05
13117	0.0009773041176
13118	0.001409275506
13119	1.77885459e-05
13120	0.00377367683
13121	0.00113677269
13122	0.0023515786
13123	0.00023899421
13124	0.0006480812387
13125	0.0003948406269
13126	0.01001040161
13127	0.004005946061
13128	0.0007268311778
13129	0.0007878998235
13130	0.0003213186344
13131	0.0003783358729
13132	8.008884298e-05
13133	0.000327479493
13134	0.007922702689
13135	0.004878039011
13136	0.001039003943
13137	0.001301356646
13138	0.0004725143047
13139	0.001177264355
13140	0.0004829770486
13141	0.002861823007
13142	0.0007083159959
13143	0.00101669283
13144	0.01270103914
13145	0.001154130792
13146	0.0006506578661
13147	3.440202726e-05
13148	0.003317522677
13149	0.0005304751554
13150	0.01086866124
13151	0.0001588181559
13152	0.00127987345
13153	0.002454637741
13154	0.001435370476
13155	0.0006035140422
13156	0.005527474127
13157	0.003474004759
13158	0.001287261397
13159	0.001618041854
13160	0.002303905703
13161	0.0003433397191
13162	0.001071503164
13163	0.0002173180649
13164	0.003386392116
13165	0.00221786494
13166	0.00198989153
13167	0.0008503408553
13168	2.605008042e-05
13169	0.0002656477709
13170	0.003402166575
13171	0.001150005078
13172	0.002435007804
13173	0.0003693903386
13174	0.0004865088107
13175	0.006551808481
13176	0.0007668629972
13177	0.006155487056
13178	0.001494920223
13179	0.0004411173669
13180	0.005094541023
13181	0.001677876938
13182	0.0005586265138
13183	0.0007331702709
13184	0.004845872443
13185	0.0006528619466
13186	0.001253278813
13187	0.0002480055285
13188	0.0005714254816
13189	0.0003214523368
13190	0.008128021418
13191	0.001008628069
13192	0.01193335691
13193	0.0008282000263
13194	0.004882523854
13195	0.0004160819906
13196	0.0004994600125
13197	0.0007976495252
13198	0.0006091545322
13199	0.0001893156571
13200	0.00429462919
13201	0.002398408141
13202	0.006712246909
13203	0.0003636295061
13204	0.02447618926
13205	0.0002666496681
13206	0.004086774903
13207	0.01251542998
13208	0.001640412482
13209	0.0005372972637
13210	0.002131944925
13211	0.0003008503361
13212	0.001084147487
13213	0.000572485317
13214	0.002371257625
13215	0.01146372113
13216	0.000634419794
13217	0.0005485532164
13218	0.0001127474457
13219	0.0007271024191
13220	0.0006436250575
13221	0.0002861450435
13222	0.0005621883605
13223	0.0008441917976
13224	0.0001293811925
13225	1.061668929e-05
13226	9.557390867e-05
13227	0.0005379827373
13228	0.0008307528147
13229	0.01113938756
13230	0.001185593934
13231	0.001462458061
13232	0.0003649608588
13233	0.001617345238
13234	0.001731785559
13235	0.009440210705
13236	1.114599893e-05
13237	7.046419317e-05
13238	0.001469950199
13239	0.006908482815
13240	0.0002659964853
13241	0.001605674949
13242	0.0002978368423
13243	0.01852531755
13244	0.001032420492
13245	0.002121641535
13246	0.01193953274
13247	0.004125708047
13248	0.0004749124997
13249	0.000729391731
13250	0.001791197354
13251	0.0004279462275
13252	0.0008207768193
13253	2.484373097e-05
13254	0.0001498623957
13255	0.0004406293075
13256	0.0008288968714
13257	0.001246332752
13258	0.0008191232982
13259	4.797584062e-05
13260	0.001603934826
13261	0.0004707348247
13262	0.001298933387
13263	0.001130747257
13264	0.001135119774
13265	0.001716477895
13266	0.002436752073
13267	2.269241862e-06
13268	0.0001525431481
13269	0.001337074572
13270	0.01516858225
13271	0.0005134132807
13272	0.0007203802574
13273	0.001737426103
13274	0.00076886367
13275	0.0007891751544
13276	0.002663686751
13277	0.01692478059
13278	0.01149549739
13279	0.01106003346
13280	0.007020426921
13281	0.008183489594
13282	0.003209742751
13283	0.003551402235
13284	0.001995241247
13285	0.001114076125
13286	0.0006705628186
13287	0.0006867534544
13288	0.004367979334
13289	5.305212353e-06
13290	0.001765582569
13291	0.001463804988
13292	0.0006210551248
13293	0.0161877053
13294	0.0003604264746
13295	0.0009424802367
13296	0.00058164423
13297	0.003935124133
13298	0.001265502742
13299	0.0008978570061
13300	0.0004307937668
13301	0.0009280966445
13302	0.0007361699879
13303	0.005826575476
13304	0.001481058158
13305	0.0001640407865
13306	0.0002028211371
13307	0.0007195094909
13308	0.0007698947918
13309	6.556841428e-06
13310	0.004972680387
13311	0.0007688308339
13312	8.667400143e-06
13313	0.0004498585494
13314	0.0001578635887
13315	0.0001695355552
13316	9.537376589e-05
13317	0.001184118756
13318	3.219569654e-05
13319	0.0008606129281
13320	0.001268853839
13321	0.0007713619863
13322	0.00491146152
13323	0.0004595254127
13324	0.005042615633
13325	0.0005163393899
13326	0.01263610599
13327	0.001085475247
13328	0.0006403371219
13329	0.0006234475957
13330	0.0002219284386
13331	0.001161828241
13332	0.000229159421
13333	0.008519202549
13334	0.001735812528
13335	0.0002786163765
13336	0.0009986082571
13337	0.002363078812
13338	0.0009285891134
13339	0.0006274564063
13340	0.001210282472
13341	0.000294270836
13342	0.0002924567505
13343	0.0002761816158
13344	0.000207692881
13345	0.0003758602467
13346	0.0006513584026
13347	0.001212802104
13348	0.0009562154977
13349	0.002251419948
13350	0.001671863591
13351	0.001171571045
13352	0.002981751034
13353	0.0005114129147
13354	0.001698825326
13355	0.004089275837
13356	0.0002146893855
13357	1.863393605e-05
13358	0.004922642132
13359	0.0008026677844
13360	0.002173383661
13361	0.0001301112706
13362	0.0009567075832
13363	0.005096090654
13364	0.0009523935429
13365	0.0004066755898
13366	9.739971263e-05
13367	0.000294424151
13368	0.00165303578
13369	0.008943675469
13370	0.0008285278461
13371	0.0009977431137
13372	0.002494871822
13373	0.0002656592437
13374	0.0003611935832
13375	0.002374332782
13376	0.003655832838
13377	0.0001779633046
13378	0.000633235234
13379	0.001396785536
13380	0.002750629669
13381	0.001450845645
13382	0.01881493588
13383	0.0002822127127
13384	0.0003322328174
13385	0.001560225899
13386	0.001131363693
13387	0.002482701665
13388	0.001301869415
13389	0.0009487127278
13390	6.979762248e-05
13391	0.000799828119
13392	0.000292316931
13393	0.01158618467
13394	0.006947453695
13395	0.0009275921002
13396	0.0007025961505
13397	0.006822132362
13398	0.0005178841065
13399	0.0007883671903
13400	0.0007102719271
13401	0.0001939918569
13402	0.0001395989999
13403	0.0006670795652
13404	0.000180254271
13405	0.001131507688
13406	0.0007566310084
13407	0.00101877359
13408	0.001085504871
13409	0.001247826753
13410	0.00373059025
13411	0.00137015993
13412	0.001632676977
13413	0.009296790356
13414	0.0007603707937
13415	0.0005301131138
13416	0.002426598022
13417	0.001935564075
13418	0.0001148277482
13419	0.009208598284
13420	0.0003416948439
13421	0.0005975764706
13422	0.0009690110872
13423	0.001231213148
13424	0.009594198825
13425	0.0003107005573
13426	0.001231532251
13427	0.0001047671163
13428	0.001118732052
13429	0.001926490203
13430	0.0007973942369
13431	0.0008912226731
13432	0.0001949405685
13433	0.0002681173016
13434	0.0005419862194
13435	0.001048791314
13436	0.0004093915402
13437	0.006420324164
13438	8.889530512e-05
13439	0.0009296952671
13440	0.001603491083
13441	3.599860339e-05
13442	0.0008335975488
13443	0.001951225291
13444	0.0167123055
13445	0.0002578471086
13446	0.0003716663537
13447	1.682128489e-05
13448	0.004752209911
13449	0.0004897164862
13450	0.0003493173467
13451	0.01042110569
13452	0.02338536081
13453	0.0002656048143
13454	0.0007382745168
13455	0.0004385940741
13456	0.001350966025
13457	0.002875217338
13458	0.0008842645188
13459	0.001435874147
13460	0.01007971049
13461	0.006137112465
13462	0.0002157160512
13463	0.001384976861
13464	0.0008853874926
13465	0.0002119599445
13466	0.001060016675
13467	0.0006799320293
13468	0.001319634159
13469	0.00116021253
13470	0.0006349357871
13471	0.00511362474
13472	0.002557247343
13473	0.0005170636951
13474	0.0003653549112
13475	0.0002989837684
13476	0.001204564494
13477	3.034013549e-06
13478	0.0001958518606
13479	0.0002300021675
13480	0.0006241319359
13481	0.0006918701535
13482	0.01070150888
13483	0.002073092441
13484	0.005023309273
13485	0.006273281281
13486	0.001887868788
13487	0.006035402753
13488	0.004499683603
13489	0.002597853801
13490	0.004624485338
13491	1.733823195e-06
13492	0.0008738265205
13493	0.001297067137
13494	0.0003616005494
13495	0.00074972395
13496	0.01633787649
13497	0.008036872768
13498	0.0001865903279
13499	0.0006114342623
13500	0.0003218795501
13501	0.003083090868
13502	0.001093843831
13503	6.016061103e-05
13504	0.0009959648566
13505	0.0003811150377
13506	0.0005766727413
13507	0.02129003176
13508	0.0004319399937
13509	0.0004639834272
13510	0.0003826460464
13511	9.748647555e-05
13512	0.0002875411941
13513	0.002567724378
13514	0.0136556428
13515	0.001096166581
13516	0.003629144452
13517	0.0005320211895
13518	3.96785499e-05
13519	0.002899189354
13520	0.0004517997451
13521	4.849819611e-05
13522	0.003231782496
13523	0.001357985562
13524	0.0005075195525
13525	0.003739266414
13526	0.0007033870368
13527	0.003094055358
13528	0.0001075773912
13529	1.351562833e-06
13530	0.0004072250389
13531	0.008954969515
13532	0.0007321515338
13533	0.0006565713454
13534	7.675146481e-05
13535	0.0005002494279
13536	0.0001576706131
13537	0.0001677218726
13538	0.0008479421105
13539	0.0008235092641
13540	0.0002579574582
13541	0.0006446743876
13542	0.001756675779
13543	0.0002158266517
13544	0.002970662113
13545	0.000576058759
13546	0.0005312214817
13547	0.007068846421
13548	0.000225501704
13549	0.001160840921
13550	0.0003782621623
13551	0.0005902546978
13552	6.851752072e-05
13553	0.001064610509
13554	0.009508564355
13555	3.893329356e-05
13556	0.0002139633351
13557	0.0004762478544
13558	0.0003917721911
13559	0.001149252615
13560	0.0007001985968
13561	0.001037826879
13562	0.0005819488489
13563	0.0001892407878
13564	0.00345328331
13565	0.000335697798
13566	0.0003114823829
13567	0.0002224147365
13568	0.001182609385
13569	0.001341056901
13570	0.0002514475489
13571	0.0005727616684
13572	0.001116198876
13573	0.0002629449231
13574	0.00137975598
13575	0.001048462603
13576	0.0006249365944
13577	0.0001023634578
13578	0.0003620534882
13579	0.001597566162
13580	0.001467001772
13581	2.956760392e-05
13582	0.0002610032559
13583	0.00104299233
13584	5.788898862e-05
13585	0.0001571107993
13586	0.004630019896
13587	0.001043077968
13588	8.686932687e-06
13589	0.001108478341
13590	0.0001663828112
13591	0.000583621599
13592	0.0009003280738
13593	0.0008976695415
13594	0.0001411657055
13595	0.001753731481
13596	0.0001845168751
13597	0.0006217580052
13598	0.01867909466
13599	0.001001267707
13600	0.0004485442507
13601	0.001612529348
13602	0.0001616162796
13603	0.0003679770983
13604	8.151030515e-05
13605	0.0002030098641
13606	0.007315185914
13607	0.00162381524
13608	0.000574579792
13609	9.738768629e-05
13610	5.401270715e-05
13611	0.01005410715
13612	0.003179199874
13613	0.008618543435
13614	0.001097531535
13615	0.001273138826
13616	0.0002816973313
13617	0.01139883141
13618	0.001020921619
13619	0.0009346507696
13620	0.0001719747343
13621	0.0007932863426
13622	0.0008290329335
13623	0.001193623764
13624	6.642453846e-05
13625	0.0008738936356
13626	0.01907066341
13627	0.001810682289
13628	4.102499712e-05
13629	0.000327563918
13630	0.0005001905171
13631	0.0001287833924
13632	0.001793976904
13633	0.001551754368
13634	0.0009000133192
13635	9.937873233e-05
13636	0.0008592336207
13637	0.002328478416
13638	0.001055789208
13639	0.0006359623726
13640	0.01018493766
13641	0.003606381106
13642	0.0007635468856
13643	0.0007997498532
13644	0.00875829911
13645	0.0004532797147
13646	0.00210825962
13647	0.0008518215367
13648	0.0005218969502
13649	0.0007794899166
13650	0.001846343432
13651	0.0005959002508
13652	0.002721969751
13653	0.002170107635
13654	0.01125408089
13655	0.001657581861
13656	0.0007553737669
13657	2.791753281e-05
13658	6.750767834e-05
13659	0.0001518743266
13660	0.005838939366
13661	0.0001354057913
13662	8.9362396e-05
13663	0.0006467462011
13664	9.104806896e-05
13665	0.0001654842784
13666	0.0001047686482
13667	0.0007727557804
13668	0.0004970701285
13669	0.007408558941
13670	4.580190706e-05
13671	0.0002738384083
13672	0.0006455838091
13673	0.0008877889248
13674	0.0003350437482
13675	0.01122163574
13676	0.00603210323
13677	0.00450783762
13678	0.0003909338082
13679	1.49011141e-05
13680	0.0001222286661
13681	0.0006082036523
13682	0.005651579074
13683	0.001552368176
13684	0.01228821389
13685	0.001212458791
13686	0.0002756142427
13687	0.001655281421
13688	0.009661409062
13689	0.01058668003
13690	0.001071190134
13691	0.004029395231
13692	0.0002147758606
13693	0.0005951257318
13694	0.001571599122
13695	0.0005892007269
13696	0.00939470991
13697	0.01621079657
13698	0.0001754572472
13699	0.004160245491
13700	0.0004606245368
13701	0.001996423466
13702	0.005295683569
13703	8.650885498e-06
13704	0.0001888674449
13705	0.0001034744363
13706	0.0004620186585
13707	0.01058330341
13708	0.001540634606
13709	0.0008248999665
13710	0.001328969593
13711	0.001069553237
13712	0.001638206764
13713	0.0004811193627
13714	0.0007034885399
13715	0.001123984861
13716	0.001683744781
13717	0.0009553070988
13718	0.00196152918
13719	0.01782398073
13720	0.001583406388
13721	0.0001612226956
13722	0.0005569290779
13723	0.005425267141
13724	3.445647767e-05
13725	0.0006170507364
13726	1.53214005e-05
13727	0.000945393326
13728	0.0002481629847
13729	3.39759811e-05
13730	0.0007162851781
13731	0.0009002653746
13732	0.0003392984428
13733	0.001506327451
13734	0.0005607046114
13735	0.004217469441
13736	0.001296875973
13737	0.0007515383114
13738	0.0005308891047
13739	0.002013496803
13740	0.000259947164
13741	0.003415709289
13742	0.009671149671
13743	0.003411172509
13744	0.001007640571
13745	0.0002397806487
13746	8.315619604e-05
13747	0.00114395018
13748	0.01176556907
13749	0.000973534648
13750	0.010753309
13751	0.0002241755285
13752	0.0009335433275
13753	0.0009985950962
13754	0.0001497673198
13755	0.001252876537
13756	0.0005994706602
13757	0.0003132334508
13758	0.001038112554
13759	0.001371734277
13760	0.0001557542218
13761	0.001031711869
13762	0.002823054791
13763	1.738024297e-05
13764	0.00145708063
13765	0.0007177264051
13766	0.0003039902001
13767	0.0006027205693
13768	0.0002270579309
13769	0.0008093465404
13770	0.001529607121
13771	0.02041606495
13772	3.267522539e-05
13773	0.001476452776
13774	0.0009926027872
13775	0.0008629987756
13776	0.01516863489
13777	0.0003373572755
13778	0.0002211192137
13779	2.455233386e-05
13780	0.001087186198
13781	0.01441373521
13782	0.002835532634
13783	0.001103099647
13784	0.00202223445
13785	6.285025184e-07
13786	0.0001157005209
13787	0.001044311038
13788	0.0001802107265
13789	0.004645007258
13790	0.0004259512032
13791	0.0004770312188
13792	0.001395310722
13793	0.0006888972795
13794	0.0002683116928
13795	0.000160020739
13796	0.0008615176809
13797	0.0009476241215
13798	0.002299064185
13799	0.01270250809
13800	0.001112944247
13801	0.000737458887
13802	0.003992158122
13803	0.000599500332
13804	0.0006126105364
13805	0.006183544116
13806	0.001817838197
13807	0.00105363515
13808	0.0003032753078
13809	0.0001185340642
13810	0.0001639329421
13811	0.008259044498
13812	0.001118823815
13813	0.0007054067619
13814	0.001191053262
13815	5.613749984e-05
13816	0.001578634915
13817	0.003016816177
13818	0.0001841248651
13819	0.008096572718
13820	0.0002795795499
13821	0.00173340439
13822	0.0007060271384
13823	0.0009000902132
13824	0.0008397833627
13825	0.0007746040597
13826	0.02971652163
13827	0.0004761251004
13828	0.00242074695
13829	0.004093377641
13830	0.001070866145
13831	0.007559163953
13832	3.322548275e-05
13833	0.006018761738
13834	0.0006409094914
13835	0.001985312647
13836	0.002472996984
13837	0.01534687991
13838	0.001366140153
13839	0.000415196832
13840	0.0001096793283
13841	0.002371697163
13842	0.0003050716546
13843	0.006764135691
13844	0.001787398705
13845	0.01139223064
13846	0.0002037454054
13847	0.005070291378
13848	0.008474782367
13849	0.001609262961
13850	0.005439317424
13851	0.0002169152032
13852	0.000122114303
13853	0.001446988717
13854	0.003156281019
13855	0.0003903837633
13856	0.0002199353617
13857	0.00044135021
13858	0.007373510318
13859	0.0001546973672
13860	0.001915399093
13861	0.008872383483
13862	0.0005664382616
13863	0.002322241559
13864	0.004519560111
13865	0.0003105719253
13866	0.001341220527
13867	0.008153966078
13868	0.001244786932
13869	0.0003592823549
13870	0.001911635551
13871	0.006213699868
13872	0.0002669188394
13873	0.001246047461
13874	0.001070154805
13875	0.0005635964243
13876	0.001560660032
13877	0.001033841728
13878	0.005317564337
13879	0.004924043688
13880	0.0004998110251
13881	0.000208902649
13882	0.007258272576
13883	0.003834233924
13884	0.001684589455
13885	0.001055568884
13886	0.001476090214
13887	0.001167991359
13888	0.003964294549
13889	0.0001860039017
13890	0.006044938707
13891	0.0003824104194
13892	0.000602278726
13893	0.002148365862
13894	0.001385298016
13895	0.01922364532
13896	0.001000790368
13897	0.0007153500354
13898	0.000678912968
13899	0.008611381834
13900	0.00816756923
13901	0.0007545801342
13902	0.0005746664592
13903	0.001315277103
13904	6.149866336e-05
13905	0.0005156994655
13906	0.0002893916979
13907	0.001173833019
13908	0.0002392945065
13909	0.005380189267
13910	0.0007432939425
13911	0.001034432006
13912	0.0001686192849
13913	0.0003487833986
13914	0.0004080228927
13915	0.0005427853788
13916	0.0002848622263
13917	0.001354379617
13918	0.0004159847962
13919	0.0002993315872
13920	0.0006159761223
13921	0.005795548813
13922	0.0005140824705
13923	0.001140244351
13924	0.0007937251804
13925	0.005875382885
13926	0.0008589368577
13927	0.00216960004
13928	0.0009220925632
13929	7.467967407e-05
13930	0.0009098653585
13931	0.00262081733
13932	0.001821362406
13933	0.001572873654
13934	0.0006589962211
13935	0.001752682726
13936	0.001089095842
13937	7.381095279e-05
13938	0.0007032197288
13939	0.0004010377935
13940	0.0004830622993
13941	0.01673348668
13942	0.003619773061
13943	0.001343126515
13944	0.0008593893608
13945	0.001354873543
13946	0.004284577114
13947	0.0006277246349
13948	0.01426981563
13949	0.006161243841
13950	4.044407742e-06
13951	0.005510745523
13952	0.002027119432
13953	3.406232342e-05
13954	0.01844002928
13955	0.001369316891
13956	0.0009412609775
13957	0.004068551404
13958	0.00026834485
13959	0.0007078720072
13960	0.001365367676
13961	0.0002045523181
13962	0.0007231527792
13963	0.0001958888704
13964	0.0002058741097
13965	0.0003012724207
13966	0.0002523022849
13967	0.009376741472
13968	0.0007372448612
13969	0.009131981128
13970	0.01897675005
13971	0.002788960173
13972	0.0005249556547
13973	8.499286673e-05
13974	0.0004448479285
13975	0.002362064537
13976	0.002158091679
13977	0.007987919596
13978	7.726415925e-05
13979	0.0401539231
13980	0.00019264587
13981	0.002225259094
13982	0.0009949976255
13983	0.01151324184
13984	0.0008318916843
13985	0.0006095295469
13986	0.003126758513
13987	0.01202719535
13988	0.0006116773711
13989	0.001409898718
13990	0.0001406563757
13991	7.792302629e-05
13992	0.0003125887173
13993	0.01292444144
13994	0.0005364676516
13995	0.003861606301
13996	0.001282126929
13997	0.0009429638456
13998	0.002920983225
13999	9.318036291e-05
14000	2.348719933e-05
14001	5.009846864e-06
14002	5.218438273e-05
14003	0.0005975253694
14004	0.001533063353
14005	0.0001613168864
14006	0.00743144096
14007	0.001412069219
14008	0.0004994785674
14009	0.01041588256
14010	0.0004074461984
14011	0.007327055844
14012	0.006723707791
14013	5.615296163e-05
14014	7.056782341e-05
14015	0.0147475549
14016	0.0004504286245
14017	5.384249967e-06
14018	0.001667524473
14019	0.006940533757
14020	0.0052623868
14021	0.01709857963
14022	0.000987385399
14023	0.0003733551353
14024	0.007932229992
14025	0.01644422532
14026	0.0005703130945
14027	0.000335495911
14028	0.001118739029
14029	0.001422610557
14030	0.0004123126992
14031	0.0006590833133
14032	0.0004262239468
14033	0.002683519695
14034	0.0006555073329
14035	0.001563110346
14036	0.0005129690498
14037	0.002077321185
14038	0.001258072852
14039	0.0009273791156
14040	0.0006072370802
14041	0.0001241097142
14042	0.01519338501
14043	0.000396953502
14044	8.490109436e-06
14045	0.001072859439
14046	0.0126977092
14047	0.0008793039872
14048	0.000918398103
14049	0.0009388559343
14050	0.0009418149587
14051	0.00181628396
14052	8.976606597e-05
14053	0.0008020368632
14054	6.230158599e-05
14055	0.0002890958871
14056	0.001324892232
14057	0.001233664099
14058	0.002054653542
14059	0.01095842346
14060	0.00404475105
14061	0.01569505361
14062	0.003132110879
14063	0.0004567847669
14064	0.00151206005
14065	3.701229426e-05
14066	0.001764169378
14067	9.374737275e-05
14068	0.00142108929
14069	0.001574977561
14070	0.0001984169439
14071	0.000188514147
14072	0.00275325626
14073	0.001482594499
14074	3.145529388e-05
14075	0.0007393888659
14076	0.0009924684622
14077	0.0008964300874
14078	0.0007423479225
14079	0.0004757176874
14080	0.001663240366
14081	0.0005534145405
14082	0.001806528483
14083	0.001198692533
14084	0.002039859138
14085	0.001165626347
14086	0.0002897940418
14087	0.01195046684
14088	0.0003663398366
14089	0.0001387807467
14090	0.0007347468727
14091	0.02283008522
14092	7.041036738e-05
14093	2.059524527e-05
14094	0.0007730734619
14095	0.001665052258
14096	0.001750117672
14097	0.006839944048
14098	0.01233739001
14099	0.001941913706
14100	0.001203302905
14101	0.000973698536
14102	0.00383450308
14103	0.01793582798
14104	0.01157091917
14105	0.0003462864047
14106	0.01157785097
14107	0.0004462079571
14108	0.01587137883
14109	0.001485312936
14110	0.0162075197
14111	0.002323630824
14112	0.001291283789
14113	0.001198021115
14114	0.004490390079
14115	0.00129838445
14116	0.0002276732676
14117	0.01118882379
14118	0.002311125467
14119	0.0223181633
14120	0.002463840862
14121	0.00017028435
14122	0.0001049766535
14123	0.0005374350257
14124	0.001010461368
14125	0.0004323409086
14126	0.0003156266443
14127	0.002110700309
14128	0.0029415523
14129	0.01006662838
14130	0.0002977677788
14131	0.0006257757373
14132	0.0006527242757
14133	0.001634439671
14134	0.001138489244
14135	0.003691293905
14136	0.007382818689
14137	0.0007025209587
14138	0.001405871456
14139	0.0002547410698
14140	0.004215893226
14141	0.0001265502493
14142	0.0003438922456
14143	0.0002425397092
14144	8.415626208e-05
14145	0.0004789705038
14146	0.0002848182664
14147	0.001233747281
14148	0.0004819150771
14149	0.000719175372
14150	0.001885583821
14151	0.0005726375206
14152	0.0008757668004
14153	0.0005593469715
14154	0.0005465761219
14155	0.001546374828
14156	5.071522831e-05
14157	0.0001687587157
14158	1.395536377e-05
14159	0.0002605113524
14160	0.0002773814096
14161	0.0007900963002
14162	0.0008463814396
14163	0.0003321057294
14164	0.0008334776185
14165	0.000351697756
14166	0.0004939588076
14167	0.00108709273
14168	0.00335241023
14169	0.0001823546534
14170	1.93409759e-05
14171	0.001843931236
14172	0.0007107744079
14173	0.0003356758745
14174	0.0008175997622
14175	0.001638947643
14176	0.0004674858113
14177	0.00210471246
14178	0.0005369674812
14179	0.004788184125
14180	0.000276563175
14181	0.0002663821356
14182	0.009656662858
14183	0.006249760116
14184	0.0003177669549
14185	0.00552337071
14186	0.0003293496869
14187	0.0008630928704
14188	0.0002804616718
14189	0.004340047296
14190	0.00174043905
14191	0.003519678265
14192	0.001402681702
14193	0.00729685252
14194	0.00174093446
14195	0.006568239708
14196	0.003440115357
14197	0.0004411050283
14198	0.01098696132
14199	0.0003226247273
14200	0.006794101686
14201	0.008201929437
14202	0.00207591852
14203	0.001448083282
14204	0.0004542324334
14205	0.002704170211
14206	0.001134201077
14207	0.001061109393
14208	0.002698427901
14209	0.0100846724
14210	0.002874484043
14211	0.0005926711415
14212	0.0002928159351
14213	0.000857311226
14214	0.0001402243551
14215	0.007847245997
14216	0.0005342666652
14217	0.0005758179094
14218	0.009988509071
14219	0.0003340739951
14220	0.0009504176009
14221	0.002727669883
14222	0.00690442312
14223	0.001383495567
14224	0.0001218457172
14225	0.0009240353039
14226	0.0008540649797
14227	1.689788145e-06
14228	0.000909490614
14229	0.001022707252
14230	0.005842975892
14231	0.0003823586674
14232	0.005505923698
14233	0.0002861130054
14234	0.003714057
14235	0.001417421641
14236	0.0001030984448
14237	0.0003681307056
14238	0.0004489223894
14239	0.001537820553
14240	0.01293500227
14241	0.002208029239
14242	0.0004852937361
14243	0.001856731368
14244	0.0004801366852
14245	0.00045782254
14246	0.009658583112
14247	0.002970102748
14248	5.246943778e-05
14249	0.01170620473
14250	0.001936070757
14251	0.001109448545
14252	0.0003121676702
14253	4.766205729e-05
14254	0.0008580737627
14255	0.006328658957
14256	0.002786052116
14257	0.003728947664
14258	0.000599470163
14259	0.000276961826
14260	0.0006928679518
14261	0.0008182817797
14262	0.001005716452
14263	0.0003954273479
14264	0.0005240494451
14265	0.004054056454
14266	2.87250174e-05
14267	0.0006142246525
14268	0.0002559635337
14269	0.004848156576
14270	0.002387834097
14271	0.006693335795
14272	0.003219305694
14273	0.000675961827
14274	0.0001904959344
14275	0.001181317149
14276	0.002813227467
14277	0.01026113809
14278	0.0001773430488
14279	0.00446008215
14280	0.0009647684847
14281	0.002615941737
14282	0.0159077398
14283	0.005896185628
14284	0.007234782382
14285	0.0002530343389
14286	0.001056917526
14287	0.001298032675
14288	0.00994237451
14289	0.003397120775
14290	0.00377453804
14291	0.000684183077
14292	0.0002541459404
14293	0.01341426993
14294	0.006693317473
14295	0.002761686401
14296	9.930499779e-05
14297	0.00381315057
14298	0.005092585205
14299	0.001779661203
14300	0.001208728002
14301	0.001195895883
14302	0.0005728807704
14303	0.000262492176
14304	0.00138296589
14305	0.002301292981
14306	0.007445684178
14307	1.913173394e-05
14308	0.004699468344
14309	0.001148527205
14310	0.0009305397434
14311	0.009570651406
14312	0.0009112018441
14313	0.002217885555
14314	6.912351808e-05
14315	0.0006230633933
14316	0.0001003921302
14317	0.01750898966
14318	0.006942687379
14319	0.0005050093567
14320	0.005490936452
14321	0.0004825261676
14322	0.001498384411
14323	0.006772012715
14324	0.001796567589
14325	0.003936783334
14326	0.007154953321
14327	0.0001895709766
14328	0.003386091651
14329	0.0005184102425
14330	0.002438892023
14331	0.0006990255753
14332	0.0272543501
14333	4.98653905e-05
14334	0.003397247257
14335	0.0001256304537
14336	0.001017830425
14337	0.001180651385
14338	0.001181438558
14339	0.002072348237
14340	0.0009402088072
14341	0.000599358885
14342	0.0002684284729
14343	0.0007726791987
14344	0.009494071214
14345	0.01404560224
14346	0.007117219367
14347	0.001342903872
14348	0.00101348404
14349	0.001851998548
14350	0.000159758899
14351	0.002887211034
14352	0.0006456777392
14353	0.001856318144
14354	0.008232795913
14355	0.0004031647083
14356	0.01292849175
14357	0.01305065156
14358	0.0003641918108
14359	0.01592904827
14360	0.001174013626
14361	0.00278729325
14362	0.001896589002
14363	0.0001379732083
14364	0.0008983249645
14365	0.00136577947
14366	0.007598147309
14367	0.0003060562704
14368	0.001754536088
14369	0.01802789122
14370	0.0002628364302
14371	0.0005950293058
14372	0.002182240453
14373	0.01628223511
14374	0.000781184364
14375	0.006996202305
14376	0.001912743361
14377	0.0008780199437
14378	0.0006248637099
14379	0.0001992916783
14380	0.0001107869768
14381	0.001864608677
14382	0.001937599432
14383	0.001531501023
14384	9.872386938e-05
14385	0.008060071195
14386	0.005429324769
14387	0.0001811447431
14388	0.0002825022253
14389	0.0001702011898
14390	0.000264568343
14391	0.01526158623
14392	0.007335706157
14393	0.004156923695
14394	0.001411355953
14395	0.008087127948
14396	0.008395018627
14397	0.0002371560187
14398	0.0008560819705
14399	3.627891269e-05
14400	0.004642897166
14401	0.0004715885689
14402	7.160406838e-05
14403	0.001749139932
14404	0.0005448527571
14405	0.0005534925388
14406	4.995897841e-05
14407	0.002304305454
14408	0.0003513593983
14409	0.001880568928
14410	0.003653214742
14411	0.001527510071
14412	0.001009388718
14413	9.513482146e-05
14414	0.001253445272
14415	0.001405552089
14416	0.001384928531
14417	0.001292738702
14418	0.0005236542583
14419	0.0003906528639
14420	0.0125384538
14421	0.0007504996701
14422	0.01322903727
14423	0.0001538471952
14424	0.00024348065
14425	0.00100078368
14426	0.0008789487271
14427	0.01119336128
14428	0.001682835953
14429	0.007779156464
14430	0.0001300246172
14431	0.0008574548855
14432	0.000744459323
14433	0.0001472806657
14434	0.001385081941
14435	0.01278241424
14436	0.000642549284
14437	0.0009712003478
14438	0.01339023814
14439	0.0003958166782
14440	0.0007245443428
14441	0.001165514095
14442	0.000125211073
14443	0.001341644578
14444	0.000305397114
14445	0.0008821341347
14446	0.0006921933818
14447	0.008016213744
14448	0.001446351405
14449	0.0004474228863
14450	0.009417869964
14451	0.002272541666
14452	0.001042895408
14453	0.0009129615318
14454	0.001148908435
14455	0.0004497114912
14456	0.0003696292774
14457	0.001942371585
14458	0.0007061178425
14459	0.001296705296
14460	0.0008070381169
14461	0.00234026871
14462	0.004086192781
14463	6.335558177e-05
14464	0.001538407286
14465	0.0008644850982
14466	5.241930086e-05
14467	0.0001993540263
14468	0.0003437591385
14469	0.003331812071
14470	0.006895693189
14471	0.0006824875434
14472	0.005851004164
14473	0.01329586592
14474	0.004072695043
14475	0.0009810917261
14476	0.0001354103139
14477	0.0126546915
14478	1.400953001e-05
14479	1.632641371e-05
14480	0.0004689074217
14481	0.000499910058
14482	0.01177362218
14483	2.36967151e-05
14484	0.001346869592
14485	0.01190654472
14486	0.0007179830023
14487	0.0003882462495
14488	0.0001495091428
14489	0.009098950091
14490	0.006579218413
14491	0.0002795667421
14492	0.0002279465248
14493	0.001283416126
14494	0.0007179984793
14495	0.001852660697
14496	0.0001911084661
14497	0.0007763466906
14498	0.006233912489
14499	0.008278131696
14500	0.005757288071
14501	0.004109065116
14502	0.0005991178372
14503	1.692156505e-05
14504	0.00957808885
14505	0.002870694533
14506	1.433107068e-05
14507	0.0003268038186
14508	0.0005951495361
14509	0.0004683279459
14510	0.0003545939293
14511	0.005530733384
14512	0.007679490517
14513	0.0003727234441
14514	0.001509468913
14515	0.005542078646
14516	0.001084574123
14517	0.001260710536
14518	0.001789770956
14519	0.001833066754
14520	0.0006730430089
14521	0.001794112491
14522	0.0003697972724
14523	0.009178970043
14524	0.000550068891
14525	9.437408982e-05
14526	0.0007392619909
14527	0.001474943711
14528	0.0001061212597
14529	0.001984196004
14530	0.0006732755403
14531	0.002119953324
14532	0.003182777446
14533	8.719801572e-05
14534	0.0007574787067
14535	0.001506026876
14536	0.0009306238581
14537	0.0004965935036
14538	0.0003221985425
14539	0.000931527667
14540	0.00843104416
14541	0.01484779094
14542	0.0008642687967
14543	0.007757175077
14544	0.001066524767
14545	0.001898510934
14546	0.008751736929
14547	0.000905184679
14548	0.008832037348
14549	0.002745893312
14550	0.005526529066
14551	0.001766220841
14552	0.0009990719894
14553	0.0003160542308
14554	0.0008386900302
14555	0.0003812734605
14556	0.001501971012
14557	4.589541397e-05
14558	0.004434391691
14559	0.001754514763
14560	1.556493114e-05
14561	0.001065098765
14562	0.000774027554
14563	0.0001707690419
14564	7.935455404e-05
14565	0.001162581995
14566	0.00542613764
14567	0.008136143107
14568	0.0003426693971
14569	0.002039576598
14570	0.0008416598438
14571	0.002158012707
14572	6.180854009e-05
14573	0.002770005051
14574	0.005090464173
14575	0.006382947084
14576	0.0008418876978
14577	0.0006255861806
14578	0.0009186928212
14579	0.0009856481091
14580	0.0002489999255
14581	0.003222883742
14582	0.0005524865912
14583	0.001264627559
14584	0.0003540273505
14585	0.0002933048681
14586	0.003804581409
14587	0.0005060457753
14588	0.0001403479709
14589	0.001501667777
14590	0.000344437206
14591	0.0005674153981
14592	0.0004556892412
14593	0.001570451784
14594	0.001684995557
14595	0.0009740918193
14596	0.001466001885
14597	0.0006940695593
14598	0.0005443884746
14599	0.001268993881
14600	0.0013099686
14601	1.376122205e-05
14602	0.0006282285965
14603	0.00885753454
14604	0.0003108093156
14605	2.395543938e-05
14606	1.430241775e-05
14607	0.0003555828086
14608	0.001405988142
14609	0.0003424503424
14610	0.0004456484003
14611	0.006721303701
14612	0.003663731733
14613	0.0004766971182
14614	0.001664331206
14615	0.0009371414994
14616	0.0005570848096
14617	0.0005193975559
14618	0.0007302119912
14619	0.001030035169
14620	0.0001938788815
14621	7.743135541e-05
14622	0.0004503104426
14623	0.001376534407
14624	0.003082870376
14625	0.0003197986394
14626	4.859260842e-05
14627	0.001807340088
14628	0.011238322
14629	0.001059782118
14630	0.000932881058
14631	0.0007674105452
14632	0.0001575481459
14633	0.0004280389563
14634	0.003474080888
14635	0.0001143108549
14636	0.005487446887
14637	0.001633257444
14638	0.0003317042864
14639	0.0003443289191
14640	0.001537709854
14641	0.0003074391003
14642	0.02375759485
14643	0.0003657015227
14644	0.0004780586491
14645	0.0003420413359
14646	0.001155271469
14647	0.000929765677
14648	0.0004871895363
14649	0.00112837334
14650	0.0004918576417
14651	0.003180031554
14652	0.0005138420926
14653	0.0006518236237
14654	0.01495920311
14655	0.001221729704
14656	0.001444114555
14657	0.001578661415
14658	0.0001497701997
14659	0.002266447238
14660	0.0002340610993
14661	0.0001862915952
14662	0.0007805840051
14663	0.0024106183
14664	0.0001148363265
14665	0.0004247346329
14666	0.001937731531
14667	8.492368062e-05
14668	0.0001204799011
14669	0.0009729516489
14670	0.0003246809356
14671	0.001552061421
14672	0.0009453948181
14673	0.01014609876
14674	0.003611322853
14675	0.0006541108468
14676	0.001604775833
14677	0.005714766223
14678	0.0002454289808
14679	0.0005773685512
14680	0.001072866748
14681	0.002027947229
14682	0.002208995459
14683	0.003795800787
14684	0.006593984991
14685	0.0006405879264
14686	0.0004063869672
14687	0.005808357195
14688	4.51641737e-05
14689	0.003642478483
14690	0.0009137396764
14691	0.001364003191
14692	0.01080732661
14693	0.00131239586
14694	0.0003297022856
14695	0.003997447606
14696	0.0020853357
14697	0.002301321345
14698	0.0005260392266
14699	0.0023985701
14700	0.006431122959
14701	0.001242133048
14702	0.0004542193901
14703	0.0004475426396
14704	0.0003549814999
14705	3.504384709e-05
14706	0.000114900196
14707	0.000505222416
14708	0.001549614705
14709	0.001879640967
14710	0.0003945356217
14711	0.005573285363
14712	0.005177585868
14713	0.002587370984
14714	0.0003302282738
14715	0.0002579112808
14716	0.0005745936459
14717	0.0002264786975
14718	0.001233622431
14719	0.003456066153
14720	0.0004470017923
14721	9.701011084e-05
14722	0.0009019380661
14723	0.0009569697795
14724	0.0006138750973
14725	0.001105226593
14726	0.0006718992513
14727	0.0007038763399
14728	0.002021323353
14729	0.0008280946652
14730	0.0002747564614
14731	6.871824677e-05
14732	0.007583955902
14733	0.0003910646397
14734	0.0001192443538
14735	0.001567135341
14736	0.0004116954651
14737	0.0009467992389
14738	0.000495904416
14739	0.0002934374634
14740	0.0004649495913
14741	0.0006153380768
14742	0.001022939612
14743	0.0009768821036
14744	3.806847808e-05
14745	0.0009763246432
14746	0.0004447024603
14747	2.111276853e-06
14748	0.0002008364283
14749	0.004089164559
14750	0.0009997857449
14751	0.00106383006
14752	0.0001581940642
14753	0.0001819443126
14754	0.0008013829406
14755	0.001620220485
14756	3.335472535e-05
14757	0.001002617968
14758	0.0004922216586
14759	0.002981973827
14760	0.0006189218367
14761	0.0002065155838
14762	0.001014704064
14763	0.0001481536788
14764	0.002477560606
14765	0.001489200216
14766	0.001550392192
14767	0.0006658110814
14768	0.001188872514
14769	7.870462495e-05
14770	0.000169291463
14771	0.0001305331497
14772	7.965661711e-05
14773	0.001566673832
14774	0.001811242964
14775	2.269516933e-05
14776	7.15062332e-05
14777	0.0003955235082
14778	0.0002414033783
14779	4.303120039e-05
14780	0.0003238057687
14781	0.0003745544357
14782	0.005756867712
14783	0.0007573617246
14784	0.001561436627
14785	0.002799005213
14786	0.001877524496
14787	0.0003766628409
14788	0.0003411479035
14789	0.002160503817
14790	0.0002562055389
14791	0.01300666922
14792	0.00205779034
14793	0.001032861232
14794	0.0002604602228
14795	0.0005270778951
14796	0.00630021841
14797	0.0009226329587
14798	0.000177217049
14799	0.0005860843959
14800	0.002527592213
14801	0.00152474088
14802	0.001625979292
14803	0.001243541324
14804	0.0008571816969
14805	0.0002575976488
14806	0.0004333886124
14807	0.0001591906472
14808	0.0004252984072
14809	0.001260215103
14810	0.001286075037
14811	0.000473071091
14812	0.01401970419
14813	0.006388504469
14814	0.0006682324052
14815	3.054931082e-05
14816	0.0009335179809
14817	0.003765243355
14818	0.0002102843929
14819	0.001385247992
14820	0.0004027963196
14821	0.001086755393
14822	0.0004233064372
14823	0.001074148566
14824	0.001272984315
14825	6.470138724e-05
14826	0.0009184244858
14827	0.001660019193
14828	0.01193658306
14829	0.00127506747
14830	0.003402032974
14831	0.00154620143
14832	0.01008854514
14833	0.000100632225
14834	4.292219772e-05
14835	0.000556746688
14836	0.01116532716
14837	0.0008727757517
14838	0.004215498341
14839	0.0008632316956
14840	0.002768649914
14841	0.0009604007602
14842	0.0003028997412
14843	0.0001977623121
14844	0.0007117206305
14845	0.0001493532409
14846	0.01042846925
14847	0.0001447960263
14848	2.083255522e-05
14849	0.0002518972728
14850	0.000780848876
14851	8.848396216e-05
14852	0.0003442363441
14853	0.0003026822989
14854	0.007691539887
14855	0.005263869237
14856	6.570529501e-06
14857	0.0004654803242
14858	0.002252876291
14859	0.00751280906
14860	0.001759041939
14861	0.001045676725
14862	0.0006551585976
14863	0.0001360472207
14864	0.01697364589
14865	0.001931676459
14866	0.0001547172372
14867	0.0008222501623
14868	0.0001720387565
14869	0.001694649677
14870	0.0009275785636
14871	0.0004154083448
14872	0.003974890704
14873	0.003105379504
14874	0.0003785409716
14875	0.004871894638
14876	0.004238622466
14877	0.0006249706871
14878	0.001760160104
14879	0.0004496675908
14880	0.005726978647
14881	0.000953853297
14882	0.0004317744482
14883	0.0006119487985
14884	0.00112213883
14885	0.0001261615781
14886	0.008913245345
14887	0.0008052077596
14888	0.0105874621
14889	0.01030173203
14890	0.001125602515
14891	0.0008251147303
14892	0.005991872597
14893	0.001022022309
14894	0.0004506944961
14895	0.0001535846479
14896	0.0005385058351
14897	0.007059939057
14898	0.001191694627
14899	0.001422445007
14900	0.0003373930977
14901	0.0008476266959
14902	0.01021061952
14903	0.006826410397
14904	0.0001255318992
14905	0.001286915752
14906	0.0007354654352
14907	0.00048417304
14908	0.0004629743017
14909	0.001778644436
14910	0.003338993191
14911	0.0005609116922
14912	0.0004767403609
14913	0.001334670496
14914	0.0009608488365
14915	0.001617081818
14916	0.0002037959171
14917	0.0001051659803
14918	0.001052410955
14919	0.0001252416346
14920	0.001844163627
14921	0.0003776434212
14922	0.00173054192
14923	0.000198579317
14924	0.0007349847892
14925	0.001544396207
14926	0.001783883745
14927	0.001365598993
14928	0.0032749958
14929	0.0008432557544
14930	0.001943538173
14931	0.0003971585502
14932	0.002190486377
14933	0.001079823607
14934	0.0002838468325
14935	0.00275634244
14936	0.00232322676
14937	0.01137952506
14938	0.0001532277613
14939	0.004582145513
14940	0.0008959521129
14941	0.01137732621
14942	0.001098813278
14943	0.002009793925
14944	0.0007530969203
14945	0.001302525484
14946	0.001380430369
14947	0.005609191189
14948	0.004064141763
14949	0.001107864128
14950	0.0006926208453
14951	0.007450244325
14952	0.004321891053
14953	0.0005772963766
14954	0.0002853304764
14955	0.01906016433
14956	0.0003775922799
14957	0.005224168384
14958	0.000740463832
14959	0.004861027255
14960	0.001385933819
14961	0.000747921601
14962	0.0001298307743
14963	0.001058595891
14964	0.000434415227
14965	0.0004022813779
14966	0.005906571281
14967	0.0003406674629
14968	0.0003164487752
14969	0.003621703549
14970	0.01552433812
14971	0.001808176474
14972	0.0006652033486
14973	0.0001826329371
14974	0.001315186694
14975	0.001451606144
14976	0.02556289357
14977	0.001237487533
14978	0.004129139346
14979	0.001340179632
14980	0.01417521669
14981	0.0003271434865
14982	0.0001699141499
14983	0.01113593144
14984	0.002175564734
14985	0.007418343572
14986	0.005372849779
14987	0.002186420349
14988	0.00220808564
14989	0.008198625407
14990	0.002304529711
14991	0.001912192038
14992	0.004316253026
14993	0.003888413434
14994	0.003826409159
14995	0.001177462343
14996	0.004118551887
14997	0.0003349251747
14998	7.172647719e-05
14999	0.00221899438
15000	0.000276492901
15001	0.0005365832174
15002	0.001543709499
15003	0.0002575445439
15004	0.00159301347
15005	0.002124004299
15006	0.008733638552
15007	0.006084169417
15008	0.004493713345
15009	0.0009424601509
15010	0.001786662616
15011	0.0005266983779
15012	0.0008874130979
15013	0.0005313999099
15014	0.001000346999
15015	0.0108946524
15016	0.0009900104864
15017	0.000124762889
15018	0.001490739581
15019	0.0005583726337
15020	0.003600971724
15021	0.0003709511678
15022	4.654682861e-05
15023	7.105660521e-05
15024	0.01662552491
15025	0.0005262522921
15026	0.000756846571
15027	0.008975577272
15028	0.001135503733
15029	0.001897445792
15030	0.00228232399
15031	0.008908143651
15032	0.0009084802997
15033	0.0008316286064
15034	0.01496425455
15035	0.004698278315
15036	0.007325945137
15037	0.0001890664203
15038	0.002847141517
15039	0.001110114155
15040	0.00215585947
15041	0.0007356258256
15042	0.008022375545
15043	0.0004313369883
15044	0.0002733482725
15045	0.0009816064969
15046	9.080392271e-05
15047	0.0001409379912
15048	0.002044827086
15049	0.002100948873
15050	0.002389962606
15051	0.0001967452219
15052	0.006979747304
15053	0.0001622640505
15054	0
15055	0.003162803864
15056	0.0003239589411
15057	0.0009686145844
15058	0.01461413775
15059	0.0003281011079
15060	0.0002995107837
15061	0.001817810899
15062	0.008005965647
15063	0.003596297349
15064	6.290899119e-05
15065	0.01095225971
15066	0.0004886599782
15067	0.0003739192174
15068	0.00242889616
15069	0.003062308946
15070	0.00826729103
15071	0.0008662126071
15072	0.0004569076498
15073	0.008983874012
15074	7.461959701e-05
15075	0.001970361415
15076	0.000824081668
15077	0.003041222836
15078	0.008855928709
15079	0.0004173864003
15080	0.009101821937
15081	0.0006347561177
15082	0.00181039168
15083	0.003824777387
15084	0.001770135304
15085	0.000929363181
15086	0.0002722029777
15087	1.325461703e-05
15088	0.00740791346
15089	0.001954190572
15090	0.00154461787
15091	0.00230784882
15092	0.001648057921
15093	0.01994716198
15094	0.01112271528
15095	0.002596013608
15096	0.00484815018
15097	0.005131112874
15098	0.0002588318214
15099	0.0002200821565
15100	0.0001899950384
15101	0.0001099169261
15102	0.0003758810382
15103	0.01608874362
15104	0.008648662777
15105	0.005160812633
15106	0.000922458386
15107	0.001443119038
15108	0.008414131493
15109	0.000547504437
15110	0.001647431328
15111	0.02128167847
15112	0.00076446942
15113	0.0003700593544
15114	0.001315324305
15115	0.001215217534
15116	0.0006169363359
15117	0.0006682483077
15118	0.003074190013
15119	9.058652699e-05
15120	0.003316395132
15121	0.000657972752
15122	0.0002982514169
15123	0.001211374424
15124	0.0007388836473
15125	8.126715092e-05
15126	0.005044905858
15127	0.01268907238
15128	0.01313428126
15129	0.0006392204063
15130	0.0002389122338
15131	0.0008508069175
15132	0.002261853379
15133	8.086362773e-05
15134	0.0006101927782
15135	0.0004122294487
15136	0.001134762455
15137	0.0003439450646
15138	0.01132166251
15139	0.0001943896668
15140	0.008571312996
15141	2.706050842e-05
15142	0.0002221044082
15143	0.0002701043196
15144	0.001202836742
15145	0.001144060499
15146	0.0200334909
15147	0.000836092041
15148	0.006249471002
15149	0.0007773938613
15150	0.0001010510098
15151	0.000110668541
15152	0.001425737395
15153	0.007481489894
15154	0.0005365595852
15155	0.001314894861
15156	0.006521840118
15157	0.01988107034
15158	0.006241845381
15159	0.0006915657067
15160	0.0005715703585
15161	0.005789980408
15162	0.0004592991582
15163	0.002452337988
15164	0.001474871241
15165	0.0009333283684
15166	0.007402650021
15167	0.002603738112
15168	0.001466899177
15169	0.001538255363
15170	0.0004035056726
15171	0.0003346378291
15172	0.001047142293
15173	0.00471298264
15174	0.01911671386
15175	0.0006215754926
15176	0.004500245238
15177	0.001065840167
15178	0.00828583451
15179	0.01350973654
15180	0.0003708396728
15181	0.001071566086
15182	0.0005673929572
15183	0.0004757693997
15184	0.001026930673
15185	0.0004688006599
15186	0.01146134743
15187	0.001626486055
15188	0.0006434018375
15189	0.005018691153
15190	0.01394915854
15191	0.02058664493
15192	0.0003272513748
15193	0.0006041502519
15194	0.01222744928
15195	0.001680818702
15196	0.006535069341
15197	0.0006327219638
15198	0.01306416427
15199	0.01059228453
15200	0.001421648564
15201	0.000830791337
15202	0.001391388112
15203	1.198465565e-05
15204	0.0004151949967
15205	0.004065902487
15206	0.0008923201193
15207	0.0004989040147
15208	0.005812874283
15209	0.001061273433
15210	0.002127786952
15211	0.0004584341635
15212	0.001816861996
15213	0.01120212548
15214	0.001329586173
15215	7.804619923e-05
15216	0.000354747683
15217	0.001501766389
15218	0.005137274631
15219	0.01067764426
15220	0.001867637424
15221	0.00153077274
15222	0.009314467506
15223	0.0001964384575
15224	0.001977549002
15225	0.004252937548
15226	0.0008147143825
15227	0.0001939749854
15228	0.002823536647
15229	0.007809438618
15230	0.0002192628862
15231	0.0009381973522
15232	0.001318374407
15233	0.0003732797976
15234	0.0002270769231
15235	0.02180051509
15236	0.01029737448
15237	0.001401671074
15238	0.004942568188
15239	0.0007276953969
15240	0.0007461201098
15241	0.02104691999
15242	0.01902202039
15243	0.003106218797
15244	0.01242784655
15245	0.0005085701353
15246	0.001674745367
15247	0.003517223434
15248	0.00167791134
15249	0.002573320787
15250	0.0006670544836
15251	0.000883364453
15252	0.009428014251
15253	0.004004645476
15254	0.0001412020739
15255	0.01503805437
15256	0.0002115802314
15257	0.001245793312
15258	0.000879853734
15259	0.0006625163202
15260	0.000407631802
15261	0.005649885497
15262	0.009255525324
15263	0.001209061936
15264	0.00249309556
15265	0.0005654908446
15266	0.0005229903537
15267	0.0002335254574
15268	0.0008051257982
15269	0.00919625467
15270	0.001598336001
15271	0.003519904053
15272	0.004449382384
15273	0.0002858855097
15274	0.0003564425996
15275	0.0002224077874
15276	0.004343935195
15277	0.0003638220619
15278	0.0004461164669
15279	0.0001329817402
15280	0.0002337904419
15281	0.01219328566
15282	0.0003674411941
15283	0.001648363845
15284	0.004247238915
15285	0.00056568112
15286	0.005802361364
15287	0.002343029895
15288	0.001643900261
15289	0.00165860991
15290	0.0124288181
15291	0.0004416303797
15292	0.000620526948
15293	0.0007321005324
15294	0.0007426116566
15295	0.001301948973
15296	0.0002988202706
15297	0.001952972904
15298	0.003001274178
15299	0.0009121800075
15300	0.002154360092
15301	0.0005772519934
15302	0.0006696005723
15303	0.01386666592
15304	0.0007305557675
15305	0.002967290079
15306	0.005065104558
15307	0.01162157357
15308	0.01031075008
15309	0.001574583271
15310	0.001691262635
15311	0.0004195403966
15312	0.002319916513
15313	0.01174879187
15314	9.502517027e-05
15315	0.0001412500057
15316	0.003432956565
15317	0.003901242329
15318	0.0004644729052
15319	0.004233599008
15320	1.94895969e-05
15321	0.006304463268
15322	0.003315494797
15323	0.0001365804907
15324	0.0007861988536
15325	0.001317391416
15326	0.002778952285
15327	0.003382664557
15328	0.0004632698298
15329	0.0001168374658
15330	0.004457376055
15331	6.48928979e-05
15332	0.001006201842
15333	0.001302232602
15334	0.001436214846
15335	0.001455305182
15336	0.009532824751
15337	0.002752999395
15338	0.0020612383
15339	7.3498153e-05
15340	0.01538726296
15341	0.002046574281
15342	0.000454725271
15343	0.0003339409122
15344	0.01395169532
15345	0.01327040354
15346	0.005311461212
15347	0.00590297823
15348	0.0002531981688
15349	0.001404513507
15350	0.001623090881
15351	0.01545068391
15352	0.009066745378
15353	0.01449059423
15354	0.01480200442
15355	0.00116503558
15356	0.004894691398
15357	0.009251324432
15358	0.001339782549
15359	0.0005191308736
15360	0.001018668404
15361	0.001049830909
15362	0.0009052582022
15363	0.003675156254
15364	0.002331164657
15365	0.0004262936416
15366	0.002772095885
15367	0.002190723759
15368	0.0003595034785
15369	0.002933962185
15370	0.001631411495
15371	0.0007136492202
15372	0.0004062813714
15373	0.002224541681
15374	0.002427071022
15375	0.0008770743432
15376	0.0005309800002
15377	0.002629079866
15378	0.0004567757193
15379	0.000133012112
15380	0.001311051279
15381	0.001526381199
15382	0.001370254086
15383	0.000742573003
15384	0.004329661984
15385	3.852953091e-05
15386	0.006795461046
15387	0.0008012156488
15388	0.001420763587
15389	0.001800078078
15390	0.006616077381
15391	0.02720122361
15392	0.0002174507292
15393	0.0002067988568
15394	0.002247336952
15395	0.006953556172
15396	0.001315414289
15397	0.01312236866
15398	0.0008989383508
15399	0.0001530215798
15400	0.001434338632
15401	0.0008076234836
15402	0.01998734646
15403	0.002672917802
15404	0.0005538157136
15405	0.000372400038
15406	0.001239213592
15407	0.001985105262
15408	0.0002397285997
15409	0.001319881655
15410	0.008240804652
15411	0.0004929836129
15412	0.002495607874
15413	0.00793576364
15414	0.00240958553
15415	0.0008130268838
15416	0.00493368636
15417	0.0001609395119
15418	0.0003870072431
15419	0.01719691103
15420	6.627678396e-05
15421	0.0007844822416
15422	0.0006390229211
15423	0.0003440922543
15424	0.003575531086
15425	0.0007056886372
15426	0.0006770275462
15427	0.0001892773323
15428	0.001740336579
15429	0.0008403623904
15430	0.005734181073
15431	0.0002845217832
15432	0.0004073930081
15433	0.001800453831
15434	0.0001959114626
15435	0.0007774857025
15436	0.0006715450849
15437	0.0004266640413
15438	0.004033225586
15439	0.01324023238
15440	0.001008086197
15441	0.003364968204
15442	0.0005869385012
15443	0.0001244169154
15444	0.004696543031
15445	0.005088446004
15446	0.001629340539
15447	0.007441470227
15448	0.001958841892
15449	0.002571996859
15450	0.0004719349077
15451	0.0001406147221
15452	0.0002119134206
15453	0.005360061148
15454	0.0002121881745
15455	0.002617549146
15456	0.0007115405452
15457	0.0007812819007
15458	0.01191723312
15459	0.01183249014
15460	0.001173776877
15461	0.001494608652
15462	0.01216608681
15463	0.0005587138837
15464	0.0002949297277
15465	0.0002709667397
15466	0.002260074544
15467	0.0006315014098
15468	0.02090552487
15469	0.01279385024
15470	0.002656730342
15471	0.0001755831165
15472	0.01749627558
15473	0.007071351336
15474	0.008920294811
15475	0.006167511753
15476	0.0005650031399
15477	0.0004222214249
15478	0.006349667286
15479	0.001009447813
15480	0.005852847293
15481	0.001055910152
15482	0.004306586949
15483	0.00323838724
15484	0.0006854979415
15485	0.008232003305
15486	0.0007678870947
15487	0.0006982266856
15488	0.0001102125654
15489	0.009351087239
15490	0.01148031234
15491	0.001346136257
15492	0.005460920918
15493	0.0002248798627
15494	0.0002962298087
15495	0.0007340012618
15496	0.0003835167604
15497	0.001450288148
15498	0.01343836034
15499	0.0006031675279
15500	0.002617435956
15501	0.001077601715
15502	0.001344871665
15503	0.0005228848106
15504	0.01677646212
15505	0.0001595035442
15506	0.006867055055
15507	0.001909392507
15508	0.0002356186378
15509	0.002337494227
15510	0.005249630408
15511	0.0004628553094
15512	0.001305272107
15513	5.367961e-05
15514	0.004508369687
15515	0.00107995565
15516	0.0001020926969
15517	0.004029241937
15518	0.01781549372
15519	0.01124772934
15520	0.003592976015
15521	0.001975356071
15522	0.004274143165
15523	0.006589503978
15524	0.0004512688236
15525	0.004308909359
15526	0.0002673325784
15527	0.001327582926
15528	0.002297147267
15529	0.001483231807
15530	0.01059250814
15531	0.003605140855
15532	0.0007228404815
15533	0.001842046087
15534	9.090337024e-05
15535	0.01844976546
15536	0.006068372516
15537	6.269928713e-05
15538	0.0004348284221
15539	0.001194097214
15540	0.009165417157
15541	0.004666863712
15542	0.001684095871
15543	0.001889322089
15544	0.001475259463
15545	0.0004117722552
15546	0.004968239849
15547	0.001102037186
15548	0.000496245091
15549	0.0002249403857
15550	5.534861384e-05
15551	0.0006646561553
15552	0.004108753908
15553	0.0002009032316
15554	0.003696238538
15555	0.000729379518
15556	0.00146695785
15557	0.0002676757101
15558	4.437386802e-05
15559	0.0007810756161
15560	0.0003953459505
15561	0.002168168876
15562	0.0006079589596
15563	0.001030836306
15564	0.003841379409
15565	0.0004566338578
15566	0.003183971483
15567	0.0001354094049
15568	0.003454058062
15569	8.046885623e-05
15570	0.000741681766
15571	6.405632888e-05
15572	0.01043045652
15573	0.0001778973592
15574	0.001482224321
15575	0.003467218935
15576	7.404770693e-05
15577	0.004064575824
15578	0.0006524055696
15579	0.002732139375
15580	0.001268006348
15581	0.0006184114463
15582	0.008632359411
15583	0.0007615957332
15584	0.00090657445
15585	0.01108891013
15586	0.0002119141512
15587	0.001637408982
15588	0.0007314303734
15589	0.001375919858
15590	0.001443963313
15591	0.006863718895
15592	0.007308548861
15593	0.0076471835
15594	0.0003968638131
15595	0.001623001943
15596	0.0008452735346
15597	0.001905939684
15598	0.005721763506
15599	0.0004570253928
15600	0.0003430198311
15601	0.0008863494288
15602	0.005309261612
15603	0.0005478606648
15604	0.0009939225248
15605	0.0005741281302
15606	0.002549816219
15607	0.000596143625
15608	0.001656167122
15609	0.001556984982
15610	9.934819328e-05
15611	0.007012628514
15612	0.0005753011644
15613	0.001271101055
15614	0.002312589046
15615	0.001523370195
15616	0.003624506956
15617	0.01340514514
15618	0.0006492121605
15619	0.0009873834797
15620	0.00329287206
15621	0.003667298436
15622	0.001240785677
15623	0.0004350657178
15624	0.0008084130182
15625	0.01684743272
15626	0.001214732868
15627	0.0008226039692
15628	0.0003778092617
15629	0.0003151394026
15630	0.0007024375949
15631	0.0008115127644
15632	0.0007030450548
15633	0.01314691378
15634	0.006157356597
15635	0.01331457475
15636	0.001948687617
15637	0.01296085375
15638	0.001158331519
15639	0.00123889728
15640	0.0007188463736
15641	0.003268634009
15642	0.000148126062
15643	0.0003054127904
15644	0.0002951142661
15645	0.0001932885632
15646	0.001187741961
15647	0.001123768734
15648	4.100432968e-06
15649	0.006202820961
15650	0.01047450125
15651	0.008007474703
15652	0.00100588603
15653	0.0002825520874
15654	0.0006122035033
15655	0.003150845972
15656	0.001433585684
15657	0.0004242669276
15658	0.002219985762
15659	0.0007982859108
15660	0.0006284711253
15661	0.0003782227809
15662	0.0004428074025
15663	0.005243800304
15664	0.0003963652418
15665	0.003286089578
15666	0.0002001701584
15667	0.001608840318
15668	0.001496762196
15669	0.002919342894
15670	0.002385571926
15671	0.0003393367381
15672	0.01613491154
15673	0.001052460638
15674	0.007424070562
15675	0.001774289778
15676	0.0001726337588
15677	0.001027145097
15678	0.004288163833
15679	0.002362101308
15680	0.0006842723927
15681	0.001006546212
15682	0.00433172783
15683	0.01076132008
15684	0.004801244064
15685	0.001522385475
15686	0.006357426189
15687	0.0004439431881
15688	0.0007626009512
15689	0.0003468294667
15690	0.0009460585745
15691	5.923956396e-05
15692	0.01189019765
15693	0.000837743446
15694	0.00129008714
15695	0.0008821029336
15696	0.0003416010388
15697	0.002551940718
15698	0.002076850878
15699	0.0084238528
15700	0.0001505692157
15701	0.0001466537025
15702	0.001190884213
15703	0.001886140789
15704	0.01267407993
15705	0.0008613806498
15706	0.0005679445275
15707	0.01699549918
15708	0.01090497684
15709	0.0002291738364
15710	0.001063341342
15711	0.005479428583
15712	0.0003221321773
15713	0.01834044747
15714	0.0153594577
15715	0.001195746528
15716	0.001080782848
15717	0.001559870907
15718	0.007688457123
15719	0.001549701577
15720	0.0008674785698
15721	0.01372052343
15722	0.006701669348
15723	0.002892588482
15724	0.001803604118
15725	0.005985365282
15726	0.001169564971
15727	0.005744950216
15728	0.001353761253
15729	0.0003455734605
15730	0.004815297787
15731	0.000439260393
15732	0.0009706149109
15733	0.00226142104
15734	0.005621068971
15735	0.01196878453
15736	0.0002336905391
15737	0.002008425913
15738	0.0003856392578
15739	0.0001329458926
15740	0.000160428703
15741	0.0004249834543
15742	0.001156890957
15743	0.002539399438
15744	0.0001546791048
15745	0.0004291151651
15746	0.002290663237
15747	0.006782567035
15748	0.005422986735
15749	0.0004493819033
15750	0.001917696652
15751	0.0007284011563
15752	0.005564189698
15753	0.0002419638842
15754	0.005635190162
15755	0.0002193011096
15756	0.008827295245
15757	0.001009164018
15758	0.0003732523696
15759	0.005873788223
15760	0.0007703399385
15761	0.005757042408
15762	0.002209696174
15763	0.0009666645449
15764	0.00168475258
15765	0.00518582566
15766	0.001534419468
15767	0.0006856451698
15768	0.01023818618
15769	0.001340759948
15770	0.001212003209
15771	0.001732527394
15772	0.004191348597
15773	0.004728050292
15774	0.001646308169
15775	0.002163409978
15776	0.00617359565
15777	0.001068027507
15778	0.0007524612389
15779	0.002083319592
15780	0.001479398036
15781	0.0005172819758
15782	0.01203012404
15783	0.0006196040556
15784	0.0001468765966
15785	0.0005907692619
15786	0.002354855722
15787	4.625356397e-05
15788	0.003585366238
15789	0.0004709849768
15790	0.001481825323
15791	0.0002933176339
15792	0.01371058585
15793	0.01474566246
15794	0.0011867126
15795	0.008916569839
15796	0.0009533229238
15797	0.02011232231
15798	0.001644225931
15799	0.01421786777
15800	0.001422074758
15801	0.004777904352
15802	0.0006129979783
15803	0.004137992365
15804	0.0006691653132
15805	0.01106141629
15806	0.0002756523883
15807	0.001924699058
15808	0.001827297124
15809	0.0004853665292
15810	0.001320228423
15811	0.0002657866927
15812	0.007305505551
15813	0.0002525001433
15814	0.001106457753
15815	0.00385352857
15816	0.01402065692
15817	0.0001087987177
15818	7.796621675e-05
15819	0.007536995513
15820	0.001323994603
15821	0.007980266416
15822	0.01891394958
15823	0.003827071569
15824	0.001481214522
15825	0.01646902538
15826	8.702430487e-05
15827	0.006320570083
15828	0.0001762862686
15829	0.00191350301
15830	5.81682894e-06
15831	0.01639241388
15832	0.003542544183
15833	0.004820373219
15834	0.0009792828107
15835	0.001130771112
15836	0.0002817942459
15837	5.654947289e-05
15838	0.003837449078
15839	0.0006253735783
15840	0.00170249986
15841	0.0003170682909
15842	0.0008418567617
15843	9.911515524e-05
15844	0.001779591255
15845	0.0002005492791
15846	0.002017737554
15847	0.0004594582017
15848	0.00380726356
15849	0.003714496513
15850	0.0002522777024
15851	0.01311102092
15852	0.0006585741868
15853	7.206929204e-05
15854	0.005204833015
15855	6.293837265e-05
15856	0.0007676901933
15857	0.002123573174
15858	0.0001451393121
15859	0.0002529917359
15860	0.00972757923
15861	0.000862817535
15862	0.0004442729254
15863	0.002657940606
15864	0.008707824138
15865	0.006509771937
15866	0.002921900204
15867	0.006219219236
15868	0.00741060331
15869	0.00578516094
15870	0.003150661681
15871	0.0003677960559
15872	0.0003180590843
15873	0.0003208872735
15874	0.01599381799
15875	0.0003110911636
15876	0.01955858663
15877	0.0002467691599
15878	0.00804548811
15879	0.0002764619489
15880	0.001227323957
15881	0.001483604726
15882	0.0001271738326
15883	0.003779803135
15884	0.0005822032087
15885	0.001062254364
15886	0.006206683873
15887	0.004767518714
15888	0.003306844356
15889	0.001905286389
15890	4.891264519e-05
15891	1.223113999e-06
15892	0.001727998402
15893	0.003726922253
15894	0.0004961035744
15895	0.00156259256
15896	0.0004256376222
15897	0.007179594907
15898	0.001387976629
15899	0.001146928976
15900	0.002747835096
15901	0.0003899052436
15902	0.0005095489912
15903	0.0004140896665
15904	0.001471642566
15905	0.0004061214464
15906	0.005124717412
15907	0.0004858194126
15908	0.0004573984757
15909	0.007405232467
15910	0.002804221925
15911	2.319162848e-05
15912	0.02776002181
15913	0.0008672694586
15914	0.0007272910996
15915	0.002089512809
15916	0.005306791099
15917	0.01569172038
15918	0.0008136228164
15919	0.001317200813
15920	0.0005245831771
15921	0.0008822303309
15922	0.0009156039068
15923	0.001305006664
15924	0.006223702567
15925	0.005847209242
15926	0.001868723414
15927	0.0008604883545
15928	0.004529493229
15929	0.002414639402
15930	0.004807868488
15931	0.0009478998243
15932	0.0003080467975
15933	0.001315155663
15934	0.0005866659359
15935	0.005796386116
15936	0.01448492349
15937	0.009533199241
15938	0.0002406810477
15939	0.002484122077
15940	0.01830763976
15941	0.002747652754
15942	0.001236442244
15943	0.0001305423605
15944	0.000327996293
15945	3.30128726e-05
15946	0.0002276124004
15947	0.01068494437
15948	0.0001453607388
15949	0.006686754268
15950	0.01046858045
15951	0.0001155769358
15952	0.0006062600147
15953	0.0003535743548
15954	0.001937211366
15955	0.0002884067947
15956	0.006836127475
15957	0.004347104652
15958	0.000813230362
15959	0.0004887769262
15960	4.566644884e-07
15961	0.02345697285
15962	0.006413287353
15963	0.0001725354942
15964	0.0001252908935
15965	0.002208782105
15966	0.0001312030179
15967	0.0004633527146
15968	0.001015860259
15969	0.01384180964
15970	0.0004106002637
15971	0.002997365037
15972	0.0001250130041
15973	0.0004926335288
15974	0.0004831796191
15975	0.01024471274
15976	0.002915862212
15977	0.00948736906
15978	0.0005142163301
15979	0.01982526453
15980	0.001941028396
15981	0.002217648391
15982	0.0002965115131
15983	0.001720055707
15984	0.0006868339937
15985	0.0009213405015
15986	0.0003823347605
15987	0.001129164069
15988	0.007923140508
15989	0.0009519358817
15990	0.005512339964
15991	0.01946380283
15992	0.001162531629
15993	0.0104354144
15994	0.0008735961654
15995	0.001032678979
15996	0.008382979841
15997	0.0006057394162
15998	0.0005637900188
15999	0.001166920602
16000	0.0003226708995
16001	0.001725093428
16002	0.008464526236
16003	0.00500929311
16004	0.01505513922
16005	0.0008770625727
16006	0.000720508383
16007	0.0007768790888
16008	0.0016581815
16009	0.002004366725
16010	0.001137828366
16011	0.003855941104
16012	0.0009497551031
16013	0.007047512482
16014	0.0003882434878
16015	0.00731165761
16016	0.001792568573
16017	0.009056522874
16018	0.02013699646
16019	0.003815860935
16020	0.002378961124
16021	0.001331006076
16022	0.0004133080739
16023	0.001610145606
16024	0.001201413454
16025	0.002043071021
16026	0.004293966347
16027	0.004729804884
16028	0.001912852745
16029	0.01050481366
16030	0.0007455305936
16031	0.005878598253
16032	0.0002600666416
16033	0.008847381834
16034	0.001919715272
16035	0.0009837575314
16036	0.0004293986644
16037	0.0004483722915
16038	0.0003154275833
16039	0.01810220505
16040	0.0002344392049
16041	0.0001376734787
16042	0.0005565191027
16043	0.0007148870244
16044	0.0004401397792
16045	0.00102949317
16046	0.01330781715
16047	0.002552041995
16048	0.01779629312
16049	0.0002451004859
16050	0.001161118011
16051	0.0002072565732
16052	0.002145908947
16053	0.004286388522
16054	0.002117354097
16055	0.000800383157
16056	0.008559244076
16057	0.002375707715
16058	0.0003883265256
16059	0.001458387205
16060	0.002105387803
16061	0.0005781616492
16062	0.001972745266
16063	0.001058598945
16064	0.00456986039
16065	0.0004033771771
16066	0.001467455129
16067	0.009395537336
16068	0.01732523706
16069	0.001180258453
16070	0.02484679236
16071	0.0003856042826
16072	0.03120568719
16073	0.0002613831755
16074	3.645580897e-05
16075	0.002688248147
16076	0.0004903678328
16077	0.001772182374
16078	0.00330585664
16079	0.001733872337
16080	0.0083353418
16081	0.006620050339
16082	0.004581686587
16083	0.00146859516
16084	0.01304871338
16085	0.001329301858
16086	0.0001924570464
16087	0.0003107889581
16088	0.001735451312
16089	0.0005976325697
16090	0.0005925289397
16091	0.0001182740245
16092	0.001028570373
16093	0.00853396013
16094	0.0002857494468
16095	0.004182030219
16096	0.005201239338
16097	0.0006292514808
16098	0.005977724591
16099	0.0006562327829
16100	0.001248529363
16101	8.218008393e-05
16102	0.0003194141196
16103	0.004323182233
16104	0.001255107994
16105	0.002232098001
16106	0.0005217382561
16107	0.001254822366
16108	5.633201441e-05
16109	0.01635403655
16110	0.003324798743
16111	0.001982823238
16112	0.0009193107632
16113	0.004717190604
16114	0.0002889683721
16115	6.368623155e-05
16116	0.000122811379
16117	0.0003926164614
16118	0.001903815526
16119	0.0003743032404
16120	0.004669691209
16121	0.005107469797
16122	1.114599375e-05
16123	0.02082038641
16124	0.0009844942071
16125	0.0004551783914
16126	0.0001249882066
16127	0.001269109886
16128	0.006025663628
16129	0.001246420584
16130	0.001446111515
16131	0.006619499786
16132	0.0003077345164
16133	0.0004819991408
16134	0.001750378476
16135	2.325157521e-05
16136	0.002463055732
16137	0.0005085488571
16138	0.001100757677
16139	0.0006935178272
16140	0.0165699975
16141	0.0002493288392
16142	0.001009495919
16143	0.002372886041
16144	2.626793143e-05
16145	0.0006305379489
16146	0.0003117575925
16147	0.0005227981275
16148	0.001201963609
16149	0.0008094268032
16150	0.000836778212
16151	0.005830471577
16152	0.001991609837
16153	0.0005318693489
16154	0.0008203592487
16155	0.001152562593
16156	0.0008989105071
16157	0.001875652776
16158	0.001710042208
16159	0.0003736083571
16160	0.0005453364049
16161	0.00326046714
16162	0.001002186481
16163	0.001453372863
16164	0.001145245179
16165	0.000182415799
16166	0.0007114901615
16167	0.0003115845902
16168	0.001277253507
16169	0.0001524778993
16170	2.142689848e-05
16171	0.00180093334
16172	0.0001169664146
16173	0.0009554135851
16174	0.000248011772
16175	0.0007635362642
16176	0.0001346145704
16177	0.002069904256
16178	9.20274836e-05
16179	0.0010420699
16180	0.004973567323
16181	0.001207625381
16182	0.001051480949
16183	0.01107327869
16184	0.0009356510739
16185	0.0001565448103
16186	0.002704254148
16187	0.001625135539
16188	0.00131075438
16189	0.001723544834
16190	9.979543733e-05
16191	0.001369773117
16192	9.716500385e-05
16193	0.001462471856
16194	0.0005113506889
16195	0.0005531938935
16196	0.0004762410188
16197	0.004588738018
16198	0.00021748594
16199	0.0007688335282
16200	0.002416520038
16201	7.326262317e-05
16202	0.0004801606759
16203	0.002314876192
16204	0.0004684982082
16205	0.0001054023389
16206	0.0002509710933
16207	6.575200188e-05
16208	0.0005626242995
16209	0.0001865855587
16210	0.001242798902
16211	0.001246520314
16212	0.0002432298751
16213	0.0002909493775
16214	0.00388176875
16215	0.0002561914896
16216	0.0008357803077
16217	0.006739368696
16218	0.003401358255
16219	0.001345815576
16220	0.0001624609486
16221	0.0008301203333
16222	0.0005542696575
16223	0.002488788722
16224	0.001855145404
16225	0.0002188641735
16226	0.0001691109547
16227	0.002162144279
16228	0.01853262332
16229	0.003893247872
16230	0.003531012335
16231	0.0007427862898
16232	0.03107040345
16233	0.0004855907545
16234	0.002136385216
16235	0.0002988474391
16236	0.002393217302
16237	0.01502379413
16238	0.002007706013
16239	0.0003326311476
16240	0.004450709299
16241	0.0003902777269
16242	0.001184007431
16243	0.008569624536
16244	0.01736828523
16245	0.0011110941
16246	0.0008233009555
16247	0.004621432249
16248	0.004338094146
16249	0.0001258597524
16250	0.01810173881
16251	9.385141016e-05
16252	0.001007247377
16253	0.009843443354
16254	0.0173429057
16255	0.001318225228
16256	0.006743889191
16257	0.0002099187542
16258	0.001215605614
16259	0.001167135197
16260	0.001198398363
16261	0.0001071294133
16262	0.006225715812
16263	0.003947177535
16264	0.0005981749658
16265	0.0003763330425
16266	0.001379974078
16267	0.001522480017
16268	0.001331555207
16269	0.00188534493
16270	4.936271814e-05
16271	0.0005410898641
16272	0.02615761697
16273	0.001085444574
16274	0.006144441941
16275	4.011392726e-05
16276	0.001091379927
16277	0.01415945523
16278	0.0002878329588
16279	0.0001487456664
16280	0.001538790176
16281	0.0005693721792
16282	0.003911068859
16283	0.004646223199
16284	0.007053933579
16285	0.00127511432
16286	0.0002651340924
16287	0.0004654123329
16288	0.01706412399
16289	7.729597147e-05
16290	0.02342734164
16291	0.008379439695
16292	0.0003498978959
16293	0.0001470739126
16294	3.540675239e-05
16295	0.002089844742
16296	0.0001607052185
16297	4.194838301e-05
16298	0.0006222585667
16299	0.0005161700944
16300	0.007452457378
16301	0.003180685598
16302	0.0003144646431
16303	0.0006573185893
16304	0.0004738991649
16305	0.001141822281
16306	0.001810120835
16307	0.001060707287
16308	0.0002315775965
16309	0.001072925472
16310	0.0002327193552
16311	0.001687555174
16312	0.0005321862109
16313	0.00151875765
16314	0.009221586867
16315	0.0009685105882
16316	0.004791892043
16317	0.0002305593213
16318	0.006268907844
16319	0.001068344667
16320	0.0006605148811
16321	0.009993978716
16322	7.972235836e-05
16323	0.0005450324009
16324	0.0008576578814
16325	0.001425156855
16326	0.007043512296
16327	0.006958763096
16328	0.0101088159
16329	0.002414188763
16330	0.007699208829
16331	0.001499624397
16332	0.01138250933
16333	0.00276372668
16334	0.007959997687
16335	0.00140260531
16336	0.01588186846
16337	0.0006218171879
16338	6.658196677e-05
16339	0.003029239475
16340	0.006775293618
16341	0.01266790493
16342	0.0007235555807
16343	0.0001991140379
16344	0.0010582605
16345	0.008692387961
16346	0.0009930740369
16347	0.0001552867335
16348	0.004802842529
16349	0.002429131299
16350	0.001216754877
16351	0.002316718532
16352	0.001160931209
16353	0.0003492850394
16354	0.001278420046
16355	0.00309476
16356	4.672375461e-05
16357	0.00143467203
16358	0.0003081761811
16359	0.0002169715624
16360	0.0002096363927
16361	0.0002712942968
16362	0.00157579455
16363	0.006774240064
16364	0.0005317681714
16365	0.001891367948
16366	0.001011185529
16367	0.00356283569
16368	0.01111037416
16369	0.006902833144
16370	8.878855611e-05
16371	6.864282193e-05
16372	0.006278264737
16373	0.001360983212
16374	0.001665145303
16375	0.001002254797
16376	0.003367465308
16377	0.006135079839
16378	0.02456782723
16379	0.0002080522449
16380	4.684677609e-06
16381	0.0004057395897
16382	0.0008278674589
16383	0.0007864241953
16384	5.858206848e-05
16385	0.0005456352022
16386	0.001157078252
16387	0.002808077637
16388	0.005948697948
16389	0.0009227733865
16390	0.007209694029
16391	0.0001798290299
16392	7.437908429e-05
16393	0.001343954843
16394	0.007677513911
16395	0.01297406472
16396	0.01385962249
16397	0.001771940697
16398	0.001890013199
16399	0.00116260412
16400	0.001271785913
16401	0.001923557704
16402	0.001029024936
16403	0.001283116782
16404	0.01686677681
16405	0.0003441332143
16406	0.004194570162
16407	0.005742738945
16408	0.001233483798
16409	0.0003620900789
16410	0.0001425157545
16411	0.0009523911957
16412	0.008465603628
16413	0.000208187454
16414	0.005469667053
16415	0.002559013737
16416	0.0004352557255
16417	0.003586559997
16418	0.00206872429
16419	0.0008406360472
16420	8.876741439e-05
16421	0.001693226405
16422	0.001772741128
16423	0.002360071454
16424	0.002953026316
16425	0.0006229386725
16426	0.002634461427
16427	0.001952499756
16428	0.001259312471
16429	0.0131544057
16430	0.001020836393
16431	0.009155681927
16432	0.001261106717
16433	0.002008568562
16434	0.004711260298
16435	0.005440735551
16436	0.0002393630167
16437	0.01100861835
16438	0.002826361604
16439	0.001590457427
16440	0.0009619197609
16441	0.004545098134
16442	0.001592966689
16443	0.009151952397
16444	0.008993731991
16445	0.0195588352
16446	0.002491394708
16447	0.003293099023
16448	0.006114683737
16449	0.001412435515
16450	0.0008949714441
16451	0.0005818996936
16452	0.000528086906
16453	0.0008580294437
16454	0.000478816394
16455	0.001161447389
16456	0.0003229456351
16457	0.001460783846
16458	0.000655586787
16459	0.005546535069
16460	0.00380198131
16461	0.0003664510251
16462	0.002143804427
16463	0.0002554981666
16464	0.0103099882
16465	0.0001334255379
16466	0.0001726326146
16467	0.0138927878
16468	0.000707289468
16469	0.01154474891
16470	0.01174313156
16471	4.929430284e-05
16472	0.000729687621
16473	0.007060670356
16474	0.001215768797
16475	0.004601371627
16476	0.0004521789044
16477	0.001087411755
16478	0.004002859877
16479	0.00807742322
16480	0.0002149737966
16481	0.0008160932961
16482	0.003015714797
16483	0.0009722176695
16484	0.00215300213
16485	0.001043401455
16486	0.001934416767
16487	1.540899579e-05
16488	0.001932236997
16489	0.001961232201
16490	0.002003355047
16491	0.0007593116207
16492	0.002152694009
16493	0.005305066304
16494	0.003867019063
16495	0.01672817973
16496	0.01233516193
16497	0.01967918538
16498	0.003295790572
16499	0.002403307804
16500	0.0006689145197
16501	0.001098091802
16502	0.0005952613144
16503	0.002121654162
16504	0.0002699901923
16505	0.001223406252
16506	0.003094650471
16507	0.003423235402
16508	0.003479068169
16509	0.000914697271
16510	0.0002422535805
16511	0.0007893996038
16512	0.007423418804
16513	0.001602854435
16514	0.0052317783
16515	0.0007112806719
16516	0.004532714039
16517	0.004417843822
16518	0.001236520521
16519	0.004666634388
16520	0.001357872922
16521	0.0002415730685
16522	0.002655892264
16523	0.0009604129147
16524	0.0009490152594
16525	0.00122656843
16526	0.0005745500073
16527	0.0004368599283
16528	0.005536102062
16529	0.0003551559238
16530	0.001075023811
16531	0.0004234105265
16532	0.009450436714
16533	0.002814669666
16534	0.001451912397
16535	2.048885179e-05
16536	0.0001103192329
16537	0.0001709306986
16538	4.098104927e-05
16539	0.003299497087
16540	0.0001907601302
16541	0.01619355921
16542	0.0005800592377
16543	0.0004080338735
16544	0.002613656718
16545	0.0006984305618
16546	0.001166601255
16547	0.01600992598
16548	0.003273903161
16549	0.003704256422
16550	0.004895504165
16551	0.001812675949
16552	0.00797909029
16553	0.0006549774835
16554	0.01181389371
16555	0.001105684639
16556	0.001243951823
16557	0.003216615982
16558	0.003094342894
16559	0.002921661518
16560	0.006079496583
16561	0.005273208102
16562	0.005952672954
16563	0.002190951339
16564	0.0007041456489
16565	0.0009887979043
16566	0.009888453828
16567	0.0002416494898
16568	0.0006714033125
16569	0.004764577908
16570	0.007327616054
16571	0.000476910969
16572	0.0006613025447
16573	0.001166319979
16574	0.002155099029
16575	0.006329013685
16576	0.001082169452
16577	0.008551176958
16578	0.0003404787332
16579	0.0008727360438
16580	0.000511644625
16581	0.01033464652
16582	0.0005902326722
16583	0.0001043742852
16584	0.0008828917388
16585	0.0004720232275
16586	0.001455606846
16587	0.01316541182
16588	0.002131281764
16589	0.02322395711
16590	0.00268519348
16591	0.0002430231565
16592	0.01670938764
16593	0.001536154898
16594	0.009100240775
16595	0.007128601865
16596	0.01754696533
16597	0.008079713536
16598	0.0003162571483
16599	0.01449049609
16600	0.0007930433019
16601	0.002021784291
16602	0.001267027058
16603	0.001052320241
16604	0.005228387382
16605	0.0001992770365
16606	0.0009492355313
16607	0.003947889877
16608	0.002782509246
16609	0.003366734713
16610	0.005245365497
16611	0.006257662368
16612	9.823971821e-06
16613	0.004792011546
16614	0.00128494085
16615	0.005378104728
16616	0.008932797519
16617	0.0009757975782
16618	0.0005847547513
16619	0.003417700402
16620	5.499785197e-05
16621	0.0006224773846
16622	0.001043024976
16623	0.0007145676498
16624	0.02520658608
16625	0.0002294142629
16626	0.0009136318908
16627	0.008425179074
16628	0.001726495143
16629	0.0006148916282
16630	0.001481073773
16631	0.000964207347
16632	0.0004808530098
16633	0.003500978183
16634	5.699368902e-05
16635	0.003584127973
16636	0.002607002173
16637	0.005707132824
16638	0.001408723134
16639	0.007333954761
16640	0.0002383099828
16641	0.007701958192
16642	0.0008779958258
16643	0.0002903262856
16644	0.002271229696
16645	0.0004017152585
16646	0.0002978521507
16647	0.007775862086
16648	0.01368340433
16649	0.0005030560838
16650	0.004802171366
16651	0.01200562308
16652	0.0008706732563
16653	0.002188345074
16654	0.00402907442
16655	0.002955124896
16656	0.003013895712
16657	0.02472014873
16658	0.008174358286
16659	0.002400048832
16660	0.01051124876
16661	0.0159262621
16662	0.0009347035886
16663	0.00582924359
16664	0.006285444057
16665	0.009065322971
16666	0.0003711748393
16667	0.001615719028
16668	0.0003294838004
16669	0.0007700868656
16670	0.009710043444
16671	0.001357204599
16672	0.00625733378
16673	0.003353279244
16674	0.0134539384
16675	0.006782188109
16676	2.004496704e-05
16677	0.0001923022292
16678	0.002538532488
16679	0.0006944265342
16680	0.003088012008
16681	0.0005514199976
16682	0.00325050685
16683	0.0003299217258
16684	0.0009014642466
16685	0.009536060737
16686	0.002202823981
16687	0.001037688707
16688	0.0010458543
16689	0.005564445839
16690	0.002082608855
16691	0.0001729426945
16692	0.001321967217
16693	0.02421180056
16694	0.002354480517
16695	0.0002322708144
16696	0.004042660532
16697	0.005338049394
16698	0.001743903428
16699	0.0002242690268
16700	0.0006874487877
16701	0.0009592151982
16702	0.00339580685
16703	0.001707717952
16704	0.005462046805
16705	0.001998969788
16706	0.0005857452609
16707	0.01743816781
16708	0.001606686078
16709	0.0006721364013
16710	0.004375542749
16711	0.009645661336
16712	0.0001828028366
16713	0.001886733887
16714	0.0003748634564
16715	0.006434207963
16716	0.001127418829
16717	0.001815374931
16718	0.009250793983
16719	0.0001557998552
16720	0.0003802122771
16721	0.004230872203
16722	0.0001317713428
16723	0.006591286207
16724	0.001115095084
16725	0.001103785142
16726	0.001561352199
16727	0.00211497159
16728	0.0005549030459
16729	0.005606572548
16730	0.007699954865
16731	0.008879817232
16732	0.001502233524
16733	0.002392129432
16734	0.0006129234566
16735	0.0007938478635
16736	0.0006100205828
16737	0.004293113768
16738	0.00181630844
16739	0.0008433361581
16740	0.00194832018
16741	0.0004531421305
16742	0.001355228835
16743	0.0175748515
16744	0.01073719616
16745	0.0003072212736
16746	0.00410748213
16747	0.005781043817
16748	0.001374235394
16749	0.004104508869
16750	0.000400837464
16751	0.001211009227
16752	0.0006972843128
16753	0.0001178046816
16754	0.008872652765
16755	0.0001616186457
16756	0.0007452412741
16757	0.002706320776
16758	0.009868594982
16759	0.001543865398
16760	0.008370198574
16761	0.0001685412222
16762	0.01215077782
16763	0.004255501895
16764	0.002558940735
16765	0.01340296822
16766	0.00182774468
16767	0.007126024896
16768	0.001166250213
16769	0.000268887246
16770	0.0008520204371
16771	0.01162976806
16772	0.01135267933
16773	0.005818164708
16774	0.0004316415755
16775	0.009715323506
16776	0.0006381705174
16777	0.003010200949
16778	5.722929298e-05
16779	0.00114171833
16780	0.01200102796
16781	0.0003685006497
16782	0.0004305331956
16783	0.006038005921
16784	0.0008364311259
16785	0.007580933681
16786	0.001103599565
16787	0.002669437162
16788	0.004920816277
16789	0.0009855953665
16790	0.0003986552686
16791	0.01720978591
16792	0.000288403773
16793	0.0006743135844
16794	0.0008604559326
16795	0.001543300927
16796	0.004243208566
16797	0.0008747101909
16798	0.001657608984
16799	0.003448491209
16800	0.009647074741
16801	0.001124377962
16802	0.0001075153243
16803	0.005627039156
16804	0.004477176834
16805	0.0001770768073
16806	0.0009037481592
16807	0.002288170876
16808	0.002002478647
16809	0.001069890811
16810	0.001854971501
16811	0.0006405500094
16812	0.001950040716
16813	0.01692543973
16814	0.0004302876127
16815	0.007679215512
16816	0.01083028754
16817	0.0006245583718
16818	0.00450704459
16819	0.0006320025109
16820	0.0003634575953
16821	0.0003844877398
16822	0.004258040499
16823	0.003338960678
16824	0.01426410725
16825	0.0001547882404
16826	0.001936157348
16827	0.002598981584
16828	0.00738788527
16829	0.006740953274
16830	0.0133644353
16831	0.003557321679
16832	0.003474408229
16833	0.00617119572
16834	0.001509174237
16835	0.001772437454
16836	0.0001402546485
16837	0.001650397884
16838	0.0003311120879
16839	0.0002126191502
16840	0.003163204862
16841	0.0003426895721
16842	1.591002074e-05
16843	0.00825641381
16844	0.001605595277
16845	0.004851321349
16846	0.0004326559801
16847	0.0005284905707
16848	0.001253472602
16849	0.006049035214
16850	0.00336593849
16851	0.0009900814785
16852	0.005919107034
16853	0.004807274494
16854	5.503855355e-05
16855	0.00323015709
16856	0.0005490034758
16857	0.004177269709
16858	0.001403060312
16859	0.0010922712
16860	0.01152364931
16861	9.738234623e-05
16862	0.000590220193
16863	0.007752476859
16864	0.001462828167
16865	0.009918961387
16866	0.0004749212733
16867	0.002513097372
16868	0.000246847967
16869	0.0007171574173
16870	0.003869778852
16871	0.002381525166
16872	0.005516376885
16873	0.001046461055
16874	0.00029380206
16875	0.007117259317
16876	0.001401688874
16877	0.0008810479614
16878	0.001332099283
16879	0.001482454713
16880	0.0001578351634
16881	0.002843494626
16882	0.01022581733
16883	0.00129640382
16884	0.001801239471
16885	0.008464847991
16886	0.003561434286
16887	0.01379302184
16888	0.006468297767
16889	0.0003433632195
16890	0.001040345235
16891	0.00578134966
16892	0.001575233106
16893	0.003703750527
16894	0.002347705639
16895	0.0007833720174
16896	0.0007875559294
16897	0.003019553235
16898	0.003714840054
16899	0.000995942273
16900	0.0005615923057
16901	0.001381091388
16902	0.0008424736371
16903	0.00328469344
16904	0.000954716833
16905	0.004098470448
16906	0.00170501404
16907	0.0003303913009
16908	0.003495467592
16909	0.0008733884778
16910	0.001318608568
16911	0.001482549963
16912	0.001334619165
16913	0.0004509352058
16914	0.0018596067
16915	0.001455920932
16916	0.01468566947
16917	0.002293358043
16918	0.004149056689
16919	0.0003519667907
16920	0.001156014358
16921	0.00088319092
16922	0.0004990895047
16923	4.469870956e-05
16924	0.0001010003468
16925	0.0007096980032
16926	0.01367812703
16927	0.01303754874
16928	0.0002522568129
16929	8.035028775e-05
16930	0.0006561160578
16931	0.002827662936
16932	0.005747049347
16933	0.001754409761
16934	0.003757772291
16935	0.001340499029
16936	0.002612705408
16937	0.001490335988
16938	0.001003052617
16939	0.008943964998
16940	0.001548232894
16941	0.004656314386
16942	0.001124095691
16943	0.0002612924163
16944	0.000150114801
16945	0.004105838504
16946	0.001720670754
16947	0.002493358752
16948	0.00459948725
16949	0.0009740055757
16950	0.00736497625
16951	0.0003288348535
16952	0.02754527733
16953	0.0006721741202
16954	0.004615427679
16955	0.001180045504
16956	6.211559217e-05
16957	0.009421096974
16958	0.009333293583
16959	0.002524091779
16960	0.001279052795
16961	0.003533747826
16962	0.002190627193
16963	0.0062955798
16964	0.001715015353
16965	0.001246266768
16966	0.001004985946
16967	0.02303405145
16968	0.0005167778177
16969	0.00523810108
16970	0.01354871774
16971	0.00100211832
16972	0.0007984398728
16973	0.004914570204
16974	0.001806880579
16975	0.006178764285
16976	0.004025367432
16977	0.0001702047022
16978	0.0008563788267
16979	0.009635682937
16980	0.002411376177
16981	0.0002662365629
16982	0.002588060517
16983	0.001126566823
16984	0.001979655024
16985	0.0005344913201
16986	0.01126925931
16987	0.0002605202134
16988	0.002037388289
16989	0.003406828195
16990	0.001058873374
16991	0.0004254096234
16992	0.001889847918
16993	0.005583910623
16994	0.0005994906309
16995	0.002413612183
16996	0.00139713799
16997	0.001047450948
16998	0.001020079139
16999	0.0141171715
17000	0.001511380858
17001	0.001134499555
17002	0.0002709530558
17003	0.003459572487
17004	0.001443376338
17005	0.002231113095
17006	0.0007028469462
17007	0.0007587137445
17008	0.0003021450679
17009	0.01773403537
17010	0.007086232115
17011	0.01334339812
17012	0.006021499834
17013	0.003705893997
17014	0.001338995724
17015	0.0004495717317
17016	0.008645400836
17017	0.01145190694
17018	0.0008441979081
17019	0.02445817034
17020	0.000680191035
17021	0.0007433636025
17022	0.009978929128
17023	1.072785989e-06
17024	0.001719901315
17025	0.004516779285
17026	0.0003627937202
17027	0.009735438114
17028	0.01200308114
17029	0.0004477828544
17030	0.001141245837
17031	0.00242235771
17032	0.000685159651
17033	0.003786495374
17034	0.0006531177682
17035	0.001030064187
17036	0.01280117501
17037	0.002037318699
17038	0.001072834954
17039	9.702279153e-05
17040	0.0009355473003
17041	0.001067343888
17042	0.002078977648
17043	0.003711499817
17044	0.005026961415
17045	0.002198038771
17046	0.001511021696
17047	0.003965914042
17048	0.004816683259
17049	0.0005403224717
17050	0.002528562387
17051	0.006584297218
17052	0.00225486227
17053	0.003187345009
17054	0.006210773366
17055	0.0007178860508
17056	0.001114514489
17057	0.01194147388
17058	0.0001312752781
17059	0.003607643696
17060	0.002763226751
17061	0.0003781952209
17062	0.008230069531
17063	0.002236407408
17064	0.001255426476
17065	0.004257662649
17066	0.0001361957125
17067	0.0008651343336
17068	0.00128549127
17069	0.003931015678
17070	0.0002572180466
17071	0.001389622444
17072	0.002526043006
17073	0.0009851751648
17074	0.0003349781391
17075	0.0003257770116
17076	0.006881701949
17077	0.007736559579
17078	0.0110992299
17079	0.0006782129712
17080	0.001139859737
17081	0.002409855937
17082	0.0003679753704
17083	0.01529973731
17084	0.01341541059
17085	0.002466140478
17086	0.0239853044
17087	0.001670908731
17088	0.01530611012
17089	0.001416355086
17090	0.0288655731
17091	0.0001216336567
17092	0.0009905767136
17093	0.001145240104
17094	0.001663508268
17095	0.001140294783
17096	0.000776925569
17097	0.0002198637764
17098	0.001538453075
17099	0.001377507302
17100	0.006926770712
17101	0.0005316088767
17102	0.0006280573028
17103	0.003220494203
17104	0.0003618021602
17105	0.001017823222
17106	0.0008827237959
17107	0.0004493127207
17108	8.077262663e-05
17109	0.01015151154
17110	0.0005674782577
17111	0.0002971379867
17112	0.001646950726
17113	0.001484310208
17114	0.0006579742366
17115	0.000127470187
17116	0.0003247025446
17117	0.007950837436
17118	0.0003619028991
17119	0.001211070375
17120	0.0001311586006
17121	0.01472920568
17122	0.001776723825
17123	0.0006153779931
17124	0.0009799217655
17125	0.001536551283
17126	0.0006109515552
17127	0.001340340298
17128	0.0004972699093
17129	0.002015872781
17130	0.0005309658246
17131	0.0002920973058
17132	0.005840645324
17133	0.0003401575134
17134	0.0002414838676
17135	0.0002522264155
17136	0.001766304516
17137	0.0002327798038
17138	2.15356719e-05
17139	0.0007635758642
17140	0.001144849415
17141	0.001307656525
17142	0.0001056032983
17143	0.002893661933
17144	0.01166869324
17145	3.931477573e-05
17146	0.001913336359
17147	0.002310699904
17148	0.001101332592
17149	0.0005190604446
17150	0.0005687718662
17151	0.0005236439396
17152	0.0006616012706
17153	0.002676455714
17154	0.00248046906
17155	0.0004745866733
17156	0.004597972908
17157	0.001285250539
17158	0.001330688449
17159	0.0009941525602
17160	0.001014687712
17161	1.529961357e-05
17162	0.0005031407959
17163	0.001785714635
17164	0.00172720893
17165	0.0003802433936
17166	0.0006307854798
17167	0.0003928028775
17168	0.0003822384983
17169	0.0002875058097
17170	0.003346330922
17171	0.0007315465658
17172	0.0005362458581
17173	0.0009751697803
17174	0.001685496358
17175	0.00150372566
17176	0.001326783163
17177	0.004080873462
17178	0.0004811632749
17179	0.01263251193
17180	0.0005358772351
17181	0.001469377853
17182	0.0007803156959
17183	0.0002472336128
17184	9.829971215e-05
17185	0.0001870318994
17186	0.0001154191026
17187	0.0006326989068
17188	0.0005004398268
17189	1.061158944e-05
17190	0.001342463461
17191	0.003230525681
17192	0.001199559477
17193	0.0002636048536
17194	0.0001304039257
17195	0.0001937533898
17196	0.00163362961
17197	6.704127196e-05
17198	0.00339102523
17199	0.0009745168901
17200	0.0004990718994
17201	0.0004163434645
17202	0.0006261577353
17203	0.0005470313742
17204	0.009702609883
17205	0.0004711337151
17206	8.786140908e-05
17207	0.01177511032
17208	0.002697631936
17209	0.005172769052
17210	0.006376460022
17211	0.00790303661
17212	0.008771511732
17213	0.01534954944
17214	0.01412725839
17215	0.002252323847
17216	8.582034262e-05
17217	0.00283358217
17218	0.004417771074
17219	0.00106381235
17220	0.00115434495
17221	0.01291299486
17222	0.0115028513
17223	0.0004476956277
17224	0.01083157935
17225	0.001618852471
17226	0.0006728823761
17227	6.58914512e-06
17228	0.002359724486
17229	0.0003366439884
17230	0.0046401951
17231	0.0003603540504
17232	0.007357256065
17233	0.0004223723744
17234	0.004897052707
17235	0.001129021246
17236	0.006976125462
17237	0.0006665642891
17238	0.0006920792502
17239	0.0009184161807
17240	0.01890297103
17241	0.003582638845
17242	0.02709934643
17243	0.003882888745
17244	0.001571755311
17245	9.825871664e-05
17246	0.001095670905
17247	0.0006507454705
17248	3.87629636e-05
17249	0.003733818206
17250	0.0006543661833
17251	6.264227941e-06
17252	3.998162326e-05
17253	0.001628077787
17254	0.001144789783
17255	0.001434027524
17256	0.0004059807477
17257	0.0007184325976
17258	0.004516554427
17259	0.01713540143
17260	0.0001723043218
17261	0.0006851841188
17262	0.0004664460924
17263	0.0001769657902
17264	0.01409597459
17265	0.001792059114
17266	0.0005470529819
17267	0.002018298504
17268	0.001296256261
17269	0.009147750634
17270	0.0004839118371
17271	0.006148588286
17272	0.006502081857
17273	0.02440108827
17274	0.006100633342
17275	0.001212648802
17276	0.02624267189
17277	0.0002050006076
17278	0.0005335330732
17279	0.00015100958
17280	0.001101418056
17281	0.004823719352
17282	0.001735720845
17283	0.001753587763
17284	0.0004109431798
17285	0.002235020751
17286	0.004706137958
17287	0.001067993503
17288	0.0005309627493
17289	0.001156659666
17290	0.0005234620144
17291	0.0009363915296
17292	0.001606247904
17293	0.0001214569479
17294	0.0004563427775
17295	0.008989809182
17296	8.513740582e-05
17297	0.0004923983122
17298	0.00368955092
17299	0.004610980135
17300	0.002246256413
17301	0.001128241742
17302	0.005500494537
17303	0.02286559927
17304	0.001265348608
17305	1.526520319e-05
17306	0.00563558736
17307	0.0004298160543
17308	0.003086217341
17309	0.009745696662
17310	0.0007634623689
17311	0.0006962392287
17312	0.0003632956161
17313	0.001307313342
17314	0.0005419988594
17315	0.0001230759501
17316	0.0008591303546
17317	0.0008775288974
17318	0.002100412918
17319	0.001095195359
17320	0.003828756008
17321	0.0002139124505
17322	0.001173176621
17323	0.0005839383155
17324	0.001665296736
17325	0.0009748806688
17326	0.001065159695
17327	0.001515690072
17328	0.02083853379
17329	0.0006382687897
17330	0.007474076544
17331	0.004592083873
17332	0.0004580613297
17333	0.0008228629582
17334	0.001414423803
17335	0.001490761265
17336	0.001948002497
17337	0.001978450441
17338	2.33895753e-05
17339	0.0004186478789
17340	0.00154645644
17341	0.0008490935697
17342	7.61260825e-05
17343	0.0007758416884
17344	0.000115177512
17345	0.01101951574
17346	0.01266585927
17347	0.002145212035
17348	4.036591866e-05
17349	0.002075964264
17350	0.0003919463696
17351	0.0005828257009
17352	0.002329407468
17353	0.0006516609926
17354	0.0009602849606
17355	0.006467535061
17356	0.002679346038
17357	0.0006204858282
17358	0.001216536457
17359	0.0004700959672
17360	0.000389406416
17361	0.0008713284659
17362	0.007827766926
17363	0.001817509484
17364	0.001164385736
17365	0.002245725424
17366	0.0005647273304
17367	0.0006909561796
17368	0.001644772623
17369	0.004769185675
17370	0.001015644778
17371	0.00392491801
17372	0.0004120755488
17373	0.0001129467162
17374	0.001325049364
17375	0.007030393089
17376	0.0007641492029
17377	0.000161731656
17378	0.001686018773
17379	0.0151020606
17380	4.091779566e-05
17381	1.620678901e-06
17382	0.001436299174
17383	0.001736703968
17384	0.001121180218
17385	0.004123535859
17386	0.00145342917
17387	0.001747763053
17388	0.0002139286861
17389	8.824158748e-05
17390	0.0005808637501
17391	0.001080396737
17392	7.234217323e-05
17393	0.007565914634
17394	0.0009065762666
17395	0.004186574623
17396	0.003093878459
17397	0.005643939581
17398	0.0002602888184
17399	0.001996249017
17400	0.004036982599
17401	0.0005334007976
17402	1.43824388e-05
17403	0.01369986036
17404	0.0005406445472
17405	0.02904684972
17406	0.005241199487
17407	0.001414021922
17408	0.004810973165
17409	0.001389846652
17410	0.0009915255445
17411	0.0004937304113
17412	4.014747489e-05
17413	0.001500835103
17414	0.0003172082948
17415	0.001875060918
17416	0.002454729598
17417	0.0006326922937
17418	0.0006700837883
17419	0.007375841736
17420	2.633634176e-05
17421	0.00148589591
17422	0.0006691279952
17423	0.001284496358
17424	0.001209532791
17425	0.001140330309
17426	0.001403331934
17427	0.001019104502
17428	0.00204788123
17429	0.00387676308
17430	0.0003049343502
17431	0.001171132863
17432	0.001349313113
17433	0.0006749679721
17434	0.0002621855325
17435	0.001953460564
17436	0.001538029689
17437	0.0002463821125
17438	0.0004630670779
17439	0.000465981866
17440	0.006910368068
17441	0.003188765466
17442	0.0001900012298
17443	0.008353712894
17444	0.001412004118
17445	0.004128389137
17446	0.0002222287124
17447	0.001552001953
17448	0.0004240791651
17449	0.0001844636483
17450	0.003359146612
17451	0.0006306234294
17452	0.0007844509707
17453	0.0001490430321
17454	0.0008112874021
17455	0.000389901025
17456	0.001266634749
17457	0.0007770292856
17458	0.001810462073
17459	0.01001926983
17460	0.003260582187
17461	0.0007572810871
17462	0.0009288898403
17463	0.004660009244
17464	0.0004828815247
17465	3.627458075e-05
17466	0.0003340540124
17467	0.003907263548
17468	0.0002340395325
17469	0.0009812386744
17470	0.0006537017606
17471	0.005595018861
17472	0.000674255038
17473	3.080955716e-05
17474	0.00758259963
17475	0.0001174064198
17476	0.01133100862
17477	0.0005086906994
17478	0.001191724804
17479	0.003480787177
17480	0.0009623627648
17481	0.002389035334
17482	0.001534066427
17483	0.01362990444
17484	0.009982233491
17485	0.002978787925
17486	0.02427289518
17487	8.486345356e-05
17488	0.001946262037
17489	0.003104705616
17490	0.009373956936
17491	0.001197145117
17492	0.000523231978
17493	0.001557819168
17494	0.003158131493
17495	0.0003871783051
17496	4.543101374e-05
17497	0.0001077477862
17498	0.0002762868358
17499	0.0004547751492
17500	0.0001787522961
17501	0.0001526083356
17502	0.005826390312
17503	0.02012004952
17504	4.523815036e-05
17505	0.008380342334
17506	0.0002124063606
17507	0.0005115583855
17508	0.001491261219
17509	0.00155448986
17510	0.002225396868
17511	0.001060258897
17512	0.01518617075
17513	0.01040985798
17514	0.001694458849
17515	0.003797058725
17516	0.0020395462
17517	0.0002898680521
17518	0.001169117752
17519	0.001568769141
17520	0.0004782310973
17521	0.003449945444
17522	0.001847145018
17523	0.0001537263708
17524	0.000185672638
17525	0.002082515892
17526	0.01182535283
17527	0.0006799123891
17528	0.001364827299
17529	0.0016318308
17530	0.0009211128862
17531	0.0001410235483
17532	0.003311070993
17533	0.009277577708
17534	0.0001040631005
17535	0.001524435775
17536	0.0002918225578
17537	0.006982872259
17538	0.0006336551644
17539	0.01403406661
17540	0.0004041217883
17541	0.002632764421
17542	0.000788829898
17543	0.00113826155
17544	0.001097370665
17545	0.001289953951
17546	0.009828730597
17547	0.001741226225
17548	0.0007617198266
17549	0.01041292926
17550	0.001263417987
17551	0.0009595903248
17552	0.01097206725
17553	3.504691321e-05
17554	0.0001197251136
17555	0.0007769415488
17556	0.001054428254
17557	0.001269995883
17558	0.0004064957963
17559	0.001444275983
17560	0.001207306267
17561	0.006463753839
17562	0.0005705151916
17563	0.0009948585208
17564	0.001036139769
17565	0.03128726776
17566	0.001382329136
17567	0.002550756383
17568	0.02684631115
17569	0.002044705088
17570	0.0009989660347
17571	0.008080236505
17572	0.0005835322919
17573	0.0007025464976
17574	0.002797932804
17575	0.01121297668
17576	0.003340916808
17577	0.0012217176
17578	0.00129094642
17579	0.0007988439083
17580	2.860438864e-05
17581	0.000923670814
17582	0.0002924479168
17583	0.009648195636
17584	0.01090114935
17585	0.01059285969
17586	0.001472382255
17587	7.828439687e-05
17588	0.002831107443
17589	0.0007698596647
17590	0.0006622947665
17591	0.0004951469635
17592	0.0006851420777
17593	0.002366480832
17594	0.001233083335
17595	0.0003046496388
17596	0.0003853227858
17597	0.0002047050849
17598	0.0008065296147
17599	0.00307737512
17600	0.00202730724
17601	0.0006655551607
17602	0.001888923661
17603	0.006900781784
17604	0.01442963395
17605	0.0002412982379
17606	0.0006095463435
17607	0.001440264729
17608	0.01067719402
17609	0.0005504638291
17610	0.01382301804
17611	0.004721189099
17612	0.0005880435081
17613	0.000675034722
17614	0.001128143888
17615	0.001355596401
17616	0.002980210669
17617	1.034133392e-06
17618	0.00115201593
17619	0.002842050761
17620	0.001020563295
17621	0.0003327863226
17622	0.001100069093
17623	0.01054702191
17624	0.0004828202503
17625	0.0124261667
17626	0.00140155902
17627	0.001465362919
17628	0.001164076917
17629	0.01150000429
17630	0.001130589332
17631	0.01853983217
17632	0.0003950942936
17633	0.0005382691983
17634	0.001107207521
17635	0.002304568725
17636	0.005007837499
17637	0.000947165336
17638	0.01187724723
17639	0.001899992901
17640	0.001502509917
17641	0.000710235383
17642	0.001426840698
17643	0.0004476952531
17644	0.0008649453387
17645	0.0008865177462
17646	0.001378969587
17647	0.0007919797607
17648	0.0002657304073
17649	0.0001415299669
17650	0.005943827069
17651	0.002604301144
17652	0.003028947372
17653	0.002363651603
17654	0.002635889462
17655	0.0004307844468
17656	0.0008770410609
17657	0.004130572677
17658	0.0002511971577
17659	0.0007715758968
17660	0.001145248177
17661	0.001611469081
17662	0.00192655575
17663	0.001670294412
17664	0.0001287046933
17665	0.0004129412727
17666	0.001798945211
17667	0.000424151061
17668	0.002731128119
17669	2.557029111e-05
17670	0.0004284947794
17671	0.001139340255
17672	0.0001279037114
17673	0.001807223675
17674	0.0008978469778
17675	0.001461435226
17676	0.0007379424413
17677	6.781168851e-05
17678	0.0005851243239
17679	0.000710859075
17680	0.0001051336983
17681	0.0004187013781
17682	0.0008326284673
17683	0.001765848786
17684	0.0002631974165
17685	6.69167827e-05
17686	0.01069308502
17687	0.0004991135678
17688	0.002455670437
17689	0.003067221409
17690	0.002231349236
17691	0.001884250828
17692	0.0008631323984
17693	0.007239348995
17694	0.001359503847
17695	0.00105973789
17696	0.0008741227143
17697	0.0009439057864
17698	0.004267207592
17699	0.004191001283
17700	0.0005690213791
17701	0.0004438759796
17702	0.0006792937229
17703	0.0004757058888
17704	0.005340793945
17705	0.001663585908
17706	0.0001998816998
17707	0.000716196682
17708	0.0008888676971
17709	0.003723517179
17710	0.0004835038538
17711	0.001050270675
17712	0.004392142584
17713	0.0001906349969
17714	0.0003700382946
17715	0.0008171353778
17716	0.0009954857843
17717	0.001303396418
17718	0.01235274711
17719	0.0004624866479
17720	0.005804956605
17721	0.0002439134378
17722	0.001446214017
17723	5.701592329e-05
17724	8.068983201e-05
17725	2.738976369e-05
17726	0.001180369848
17727	0.0008112831829
17728	0.00433577796
17729	0.002712321303
17730	0.0006955763317
17731	0.0004766808072
17732	0.002393612136
17733	0.0069337137
17734	0.01133375573
17735	1.765976943e-05
17736	0.001412521056
17737	0.0002067970194
17738	0.003257111733
17739	0.0001225834882
17740	3.839731267e-05
17741	0.0001196574323
17742	0.004270664965
17743	0.01501743161
17744	0.006882985275
17745	0.0004965802867
17746	0.001314473762
17747	0.002602285882
17748	0.001070198845
17749	0.003180737053
17750	0.0007171814003
17751	0.0007649130283
17752	0.0008532485229
17753	0.0004418448672
17754	0.02378829227
17755	0.0002525089096
17756	0.001248641812
17757	0.0009347026628
17758	0.007790566904
17759	0.0002907259634
17760	0.0006025485143
17761	0.009068342801
17762	0.0003837644407
17763	0.0002625361927
17764	0.0004668355802
17765	0.0002527727837
17766	0.0004317959169
17767	0.0004741500861
17768	0.001996315635
17769	0.009277738156
17770	0.0007691129154
17771	0.002057149885
17772	0.0006035683159
17773	0.01122145449
17774	0.0007661374866
17775	0.0003930550039
17776	0.0001784455398
17777	0.0007666282127
17778	0.0009995688694
17779	0.0002916580363
17780	0.0001758831855
17781	0.000787483183
17782	0.003171209652
17783	0.001170793405
17784	0.0007086809473
17785	0.002298832834
17786	1.040925988e-05
17787	0.001247842539
17788	9.47644347e-05
17789	0.00994614533
17790	0.0004896667652
17791	0.0001681251356
17792	0.002826887307
17793	0.0004401585515
17794	0.00676696127
17795	0.0002537888771
17796	0.001085617306
17797	0.00117109203
17798	0.0001161403824
17799	0.0007814472114
17800	0.01647472164
17801	0.0006637668574
17802	0.004572151459
17803	0.0003687772454
17804	0.0005089473532
17805	0.00277882089
17806	0.003368792313
17807	0.0004818187682
17808	0.0008660336151
17809	0.001223561206
17810	0.00017935549
17811	0.0008288851794
17812	0.0009089411117
17813	0.0002357682378
17814	0.003329537913
17815	0.001931189594
17816	3.417663318e-06
17817	0.02006176519
17818	0.004751238827
17819	0.0003904106013
17820	0.004389288623
17821	0.00580480594
17822	0.001016823371
17823	0.0009951992669
17824	0.001003297458
17825	0.01683498509
17826	0.0008861320417
17827	0.000740792686
17828	0.001549382355
17829	0.005650887679
17830	5.255928541e-06
17831	0.0009704516542
17832	0.000102389289
17833	0.02259379676
17834	0.003149071923
17835	0.006630369059
17836	0.001131794302
17837	0.001204673365
17838	0.001214003746
17839	0.0002611342043
17840	0.001315526659
17841	0.001802918885
17842	0.0080885134
17843	0.002005126961
17844	0.0008636341364
17845	0.003853790075
17846	0.000464759927
17847	0.001361958579
17848	0.001049374124
17849	0.002019804822
17850	0.01153455664
17851	0.00387274737
17852	0.0003549638349
17853	0.0004771212052
17854	0.0005607927454
17855	0.001865847017
17856	0.002340753946
17857	0.0009331699661
17858	0.0006367318182
17859	0.0009493131299
17860	0.001953883633
17861	0.0002989844298
17862	0.0007114471145
17863	0.01415293267
17864	0.01266066329
17865	0.000147151508
17866	0.001328510459
17867	0.00276835103
17868	0.005695367453
17869	0.0006595350418
17870	0.0005936028493
17871	0.001488561729
17872	0.000781651472
17873	0.0001565862818
17874	0.0007077943679
17875	0.001241602482
17876	0.001738462372
17877	0.005656814937
17878	0.0003753737566
17879	0.0002544653078
17880	0.002720791172
17881	0.0004573806976
17882	0.0006651428003
17883	0.001012530318
17884	0.01792752574
17885	0.001405921126
17886	0.0006884773986
17887	0.000583468075
17888	0.0002718751834
17889	0.0004707276184
17890	0.002859636547
17891	0.0006041117015
17892	0.0003689331465
17893	0.0009367699789
17894	0.000183043646
17895	9.025048402e-05
17896	0.0005032944102
17897	0.0106266573
17898	9.730860546e-07
17899	0.006348961984
17900	0.0007805398142
17901	0.0006455244791
17902	0.001098642088
17903	0.01316382611
17904	0.0002285044707
17905	0.001663258114
17906	0.0001006119585
17907	0.001013090732
17908	9.651359131e-05
17909	0.001290722836
17910	0.002560712472
17911	0.004430950465
17912	0.003388180383
17913	0.003403714011
17914	0.01005964384
17915	0.001053820123
17916	0.001185386845
17917	0.01142392241
17918	0.0005841749581
17919	4.118120094e-05
17920	0.002407866572
17921	0.0007487030894
17922	0.000225340765
17923	0.002268024293
17924	0.0006414812783
17925	0.0001412748381
17926	0.00112813652
17927	0.002308680321
17928	0.003570170878
17929	0.00584555875
17930	0.001851361227
17931	0.000408625398
17932	0.00422652052
17933	0.000764259522
17934	0.002446636125
17935	0.003807996201
17936	0.0002849140407
17937	0.001143325543
17938	0.001376673741
17939	0.001871670367
17940	0.001172888551
17941	0.0001078140463
17942	0.0003892439494
17943	0.000244658997
17944	0.0003546481739
17945	0.0006892978589
17946	0.0007534549781
17947	0.0002583434227
17948	0.0004419470732
17949	0.000245175855
17950	0.0003385996528
17951	0.00660774551
17952	0.001075759065
17953	0.001163526592
17954	0.0001939366404
17955	3.454715143e-05
17956	0.0007747439776
17957	0.001104741626
17958	0.0008632352921
17959	0.0005405763354
17960	0.0002250319724
17961	0.000362742198
17962	0.003435688674
17963	0.004389244906
17964	0.0004611774493
17965	0.0001212892574
17966	0.0009767689134
17967	0.0003160708384
17968	0.003593264187
17969	0.0006480709176
17970	0.002946200769
17971	0.0002794479501
17972	0.00129825796
17973	0.004662085839
17974	0.003840017311
17975	0.001525412851
17976	0.002845610436
17977	0.0007203363056
17978	0.0006967219075
17979	0.001383202892
17980	0.0009685593335
17981	0.003294532061
17982	0.001119259094
17983	0.000279496784
17984	0.001176061403
17985	0.02243781542
17986	0.004577273456
17987	0.0007172827819
17988	0.00298660605
17989	0.001774010712
17990	0.02642010667
17991	0.007417170752
17992	7.235080134e-05
17993	0.004346120878
17994	9.909622586e-05
17995	9.717087369e-05
17996	1.224423445e-05
17997	0.001614157064
17998	0.006885915618
17999	0.0008421039113
18000	0.01397225908
18001	0.005919076969
18002	0.0005268169948
18003	0.01049822876
18004	0.01835529259
18005	0.008140422554
18006	0.001249801897
18007	0.003504112248
18008	0.000595639616
18009	0.006918261055
18010	0.0006098783873
18011	0.0004181813707
18012	4.132514315e-06
18013	0.0005252900806
18014	0.01119044275
18015	0.0007096479893
18016	0.0001379786357
18017	0.001704412809
18018	0.0002581072165
18019	0.0001609017399
18020	2.040395848e-06
18021	0.0006232189284
18022	0.00016869355
18023	0.001390578212
18024	0.001362495476
18025	0.0006281012832
18026	0.0002644749945
18027	0.001067117283
18028	0.001463834269
18029	0.0007563200068
18030	0.000833552341
18031	0.0007551133099
18032	0.0002804187921
18033	0.0004602264774
18034	0.0009478790829
18035	0.003914392312
18036	0.006164821731
18037	0.001784695361
18038	0.00762211696
18039	0.0005758093564
18040	0.001011768538
18041	1.882566545e-05
18042	0.01895705034
18043	0.0005327904785
18044	0.001057323548
18045	0.0003008593591
18046	0.0002629993438
18047	0.0006461749803
18048	0.002085248148
18049	0.001393645223
18050	0.0004521612724
18051	0.0009998331717
18052	0.003767874992
18053	0.007429416294
18054	0.003804331527
18055	0.003904550953
18056	0.003984575723
18057	0.000250026235
18058	0.0009826555386
18059	0.0001364390106
18060	0.001294153286
18061	0.000592687997
18062	0.00203108768
18063	0.005689749022
18064	0.0003791490765
18065	1.507216094e-06
18066	0.0005150478435
18067	0.001738917208
18068	0.001373242458
18069	0.002927121439
18070	0.006893028995
18071	0.005523126777
18072	0.001419841942
18073	0.004106408011
18074	0.0001713662859
18075	0.004555234569
18076	0.01819030942
18077	0.001199936428
18078	0.002278817823
18079	0.001312261996
18080	0.001584435573
18081	0.001085482893
18082	0.01106967853
18083	0.001440594733
18084	0.002201708204
18085	0.01071466565
18086	0.0007627724987
18087	0.001594505427
18088	0.008088582102
18089	0.0006303296093
18090	0.006663475962
18091	0.000997438007
18092	0.0006557729231
18093	0.008031790475
18094	0.0005204875136
18095	0.0001145845426
18096	0.0001282630107
18097	0.001024404316
18098	0.0004186949372
18099	4.852118545e-05
18100	0.003793509859
18101	0.006269426048
18102	0.0001250901866
18103	0.001182384168
18104	0.0008703641349
18105	0.0007089191488
18106	0.001807474059
18107	0.0002313570935
18108	0.002768176858
18109	0.01172775403
18110	0.003052760265
18111	0.001262520684
18112	0.00366784457
18113	0.00285711343
18114	0.002600965797
18115	0.0005618998899
18116	0.0005279907065
18117	0.0001693495825
18118	0.001377769092
18119	0.0005519315202
18120	0.005305138656
18121	0.000388256994
18122	0.0006699043957
18123	0.0005076893384
18124	0.006166911455
18125	0.0006052995421
18126	0.00422041853
18127	0.003785560794
18128	0.000195107026
18129	0.0006071800042
18130	0.0007260875211
18131	0.0005214672471
18132	0.002089299928
18133	0.00675149562
18134	0.00147206025
18135	0.001290071289
18136	0.001190350775
18137	0.001302448682
18138	0.005043228304
18139	0.008740660587
18140	0.01223159665
18141	0.00103171979
18142	0.01123824204
18143	0.001052090302
18144	0.001393813016
18145	0.0001417509894
18146	0.001502187044
18147	0.001100521948
18148	0.006443367736
18149	0.0004495818194
18150	0.0005488114544
18151	0.001167705464
18152	0.0004185410335
18153	0.001652444024
18154	0.01163735672
18155	0.0004858645734
18156	0.0007436747031
18157	7.413674212e-05
18158	0.0005824742627
18159	0.0006363773044
18160	4.819425799e-05
18161	0.001980233377
18162	0.0006002186258
18163	0.001019663875
18164	0.0003674089578
18165	0.002976626957
18166	0.0004722862031
18167	0.0008762051293
18168	0.01472052851
18169	0.005419264005
18170	0.01369897812
18171	0.004829205081
18172	0.004311344151
18173	0.0008008486897
18174	0.001213169908
18175	0.0005854745919
18176	0.0002678902796
18177	0.008558128835
18178	0.0007496606248
18179	0.001110857045
18180	0.0002520609175
18181	0.001628198615
18182	0.00374685326
18183	0.0005038152167
18184	0.0002840617977
18185	0.0008329199309
18186	0.0003132738402
18187	0.0003622818787
18188	0.0009541228943
18189	0.0058498763
18190	0.0006034698529
18191	0.009389090119
18192	0.002009299156
18193	0.0008913439818
18194	0.001230048429
18195	0.0007784694172
18196	0.0009833186945
18197	0.0001846203816
18198	0.001948436614
18199	0.01153346369
18200	0.0004261527844
18201	0.002483986052
18202	0.001414781332
18203	0.0005477900757
18204	0.0001493509948
18205	0.000457625782
18206	0.0008443727683
18207	0.006050049563
18208	0.00157640514
18209	0.005264185421
18210	0.003169529871
18211	0.0002586042607
18212	0.000503665051
18213	0.02353496091
18214	0.0005038354027
18215	0.004654547072
18216	0.000210853557
18217	0.0003142265951
18218	0.0002252085627
18219	0.0005856127836
18220	0.01229735794
18221	0.003218217629
18222	0.002709224201
18223	0.002147451814
18224	0.004173624226
18225	0.0004808694106
18226	0.0002210897724
18227	0.0008810428413
18228	8.38760484e-05
18229	0.0008565655411
18230	0.0006711371692
18231	0.009255644617
18232	0.0006745288585
18233	0.001731538682
18234	0.0005097479374
18235	0.0094046823
18236	0.0001899981284
18237	0.00188863932
18238	0.0009478172958
18239	0.0007063463067
18240	0.005795286178
18241	0.000452509146
18242	0.003022296868
18243	0.0006184713022
18244	0.01215987639
18245	0.0002914893869
18246	0.001813053009
18247	0.005933284128
18248	0.0001301117801
18249	7.111790502e-05
18250	0.001282648775
18251	0.001215736304
18252	0.01079177309
18253	0.00021800661
18254	0.0003564493294
18255	0.0004397029846
18256	0.0002967680766
18257	0.001458272524
18258	0.001150945607
18259	0.006683752247
18260	0.005035129379
18261	0.009344758454
18262	0.0185992425
18263	0.000881596587
18264	0.0002114746888
18265	0.009478080282
18266	0.0007094064562
18267	0.005870017745
18268	0.003657807292
18269	0.002881303564
18270	0.002005678364
18271	0.01793655544
18272	0.001205621096
18273	0.005777817521
18274	0.002191769709
18275	0.001231350288
18276	0.005548030838
18277	0.000891505796
18278	0.005197738088
18279	0.0004284360227
18280	0.000361005995
18281	0.002182588853
18282	0.001403588559
18283	0.0004535057891
18284	0.002638613916
18285	0.01328334961
18286	3.726023717e-05
18287	0.004852140223
18288	0.00592865387
18289	0.007618524284
18290	0.0003577601152
18291	0.003413041105
18292	0.001401025502
18293	0.0009017034077
18294	0.0009080585368
18295	0.0007540928562
18296	0.001583195965
18297	0.0192343267
18298	0.000280824703
18299	0.0002752209497
18300	0.0003301600621
18301	0.002510296045
18302	0.0009901642517
18303	0.0006413984582
18304	0.0002223960503
18305	0.001332833519
18306	0.001586946053
18307	0.0003818573876
18308	0.002575081678
18309	0.00383387839
18310	0.001328017808
18311	0.0008731074362
18312	0.0009531496371
18313	0.006642984199
18314	0.001341537215
18315	0.001267160622
18316	0.001050101299
18317	0.0004089937369
18318	0.0001594942956
18319	0.001797754054
18320	0.0003281269576
18321	0.001002167521
18322	0.001758846694
18323	0.0005248266169
18324	0.00257780764
18325	0.001189963134
18326	0.001546121276
18327	0.0009618608961
18328	0.001976545356
18329	0.001511309299
18330	0.000123133339
18331	0.007327675148
18332	0.0003708323721
18333	0.0002924978207
18334	0.0003153971503
18335	0.002091819098
18336	0.0005222876185
18337	0.0006455670953
18338	0.0005957634122
18339	0.0004586697077
18340	0.001683383319
18341	0.00508203534
18342	0.00134250141
18343	0.001308314871
18344	0.001161723055
18345	0.0009994406146
18346	6.210677688e-06
18347	0.0001628688723
18348	0.002438361133
18349	4.539057883e-05
18350	0.0008804887135
18351	0.003574030612
18352	0.001142197592
18353	0.0007236508821
18354	0.0002879815652
18355	0.001395438911
18356	0.004452075727
18357	0.0003264245085
18358	0.002566188014
18359	0.009453483109
18360	0.005426932821
18361	0.0009589784847
18362	0.000416686959
18363	0.0001667792808
18364	0.001057508683
18365	0.00335993151
18366	0.001102663004
18367	7.516544139e-05
18368	0.0004829126923
18369	0.0002090041842
18370	0.001114778151
18371	2.896891417e-06
18372	0.002099461175
18373	6.75895773e-06
18374	0.0009868691229
18375	0.0001453856687
18376	0.002897604896
18377	5.927968885e-05
18378	0.0003351935305
18379	0.0001410345885
18380	0.001313566854
18381	0.0001689766166
18382	0.002619906726
18383	8.113645413e-05
18384	0.00107027851
18385	0.001510988116
18386	0.004721306485
18387	0.0001971706735
18388	0.004506356242
18389	0.0002815224189
18390	7.960235386e-05
18391	0.0008266686582
18392	0.001867656784
18393	0.0220861849
18394	2.624051936e-05
18395	0.002387732461
18396	0.0003291585014
18397	0.0005849746756
18398	0.001059068531
18399	0.001094933155
18400	0.0004052531796
18401	0.001180187895
18402	0.0009461567021
18403	0.0003625031815
18404	0.001898027748
18405	0.0002464507454
18406	0.001226040256
18407	0.001707521552
18408	0.003283434884
18409	0.0008012565409
18410	0.001093638233
18411	0.000202780253
18412	0.002291743282
18413	0.0001186192082
18414	0.0004461243896
18415	0.001504264977
18416	0.0005629309549
18417	0.0003406354288
18418	0.00020291019
18419	0.001131532754
18420	0.000196158187
18421	0.0005090587171
18422	0.01634089971
18423	0.0002199647479
18424	0.001574066428
18425	0.004190584046
18426	0.000920126883
18427	0.000548582021
18428	0.0008117386841
18429	5.309349214e-05
18430	0.0002919307294
18431	0.01878459885
18432	0.00159541864
18433	0.0007050191847
18434	0.02253589941
18435	0.01282036222
18436	0.004420286512
18437	0.003026878084
18438	0.005014331687
18439	0.0002059943477
18440	0.006967051172
18441	0.0004676022423
18442	0.0001908151084
18443	0.001697970322
18444	0.01430136877
18445	0.0001030850222
18446	0.002374999751
18447	0.004785962938
18448	0.004477706724
18449	0.003655286917
18450	0.000154319588
18451	0.001638647449
18452	0.001643244662
18453	0.01486837785
18454	0.0009063892787
18455	0.001260445091
18456	0.0006455749387
18457	0.01557362547
18458	0.0008811123921
18459	0.001272059181
18460	0.001295841054
18461	0.0003361153623
18462	0.0007017690665
18463	0.0006997721294
18464	0.01054787499
18465	0.0007502371084
18466	0.002219093311
18467	0.00574486022
18468	0.003706412668
18469	0.0008666662381
18470	9.519636169e-05
18471	0.0004376149874
18472	0.003730129728
18473	0.0008814554428
18474	0.0002354984075
18475	0.008946642985
18476	0.007403654266
18477	0.0005710283762
18478	0.0009350852828
18479	0.002418524823
18480	0.005668357069
18481	0.0002260046865
18482	0.003365150088
18483	0.004045483658
18484	0.001348623586
18485	0.003174471468
18486	0.0002009979449
18487	0.005091523865
18488	0.001217426247
18489	0.001738090188
18490	0.0006787143362
18491	0.000483407901
18492	0.003222909951
18493	0.0003111431668
18494	0.0003513141352
18495	0.001420282639
18496	0.0002710081326
18497	0.001109564994
18498	0.0003013099155
18499	0.006584402817
18500	0.001693106473
18501	0.001110704139
18502	0.0002854445926
18503	0.006446924692
18504	0.0007610070533
18505	0.0006214168282
18506	0.01760600927
18507	0.002639038429
18508	0.0004451200097
18509	0.001534599608
18510	0.0004372075057
18511	0.001815211186
18512	0.00146534031
18513	0.0007822307882
18514	0.0002268272908
18515	0.0004530783644
18516	0.003991974639
18517	0.0009205454723
18518	0.004650375102
18519	0.0001884874722
18520	0.001188864917
18521	0.001431357233
18522	0.0020995903
18523	0.002140874393
18524	0.007195221804
18525	0.0002994683046
18526	0.009052557248
18527	0.0005730547543
18528	0.0001978181039
18529	0.003765043397
18530	0.0002360270663
18531	0.0004589694644
18532	0.007783662747
18533	0.01963638275
18534	0.006931833326
18535	0.0007562806519
18536	0.0007614506023
18537	0.0002221154607
18538	0.001980348702
18539	0.0006979972122
18540	0.001474727041
18541	0.009690874234
18542	0.0002864019633
18543	0.0002312111547
18544	8.719697839e-05
18545	9.736906867e-05
18546	0.000351615766
18547	0.001664064555
18548	0.0007216377512
18549	1.212335554e-05
18550	0.008813215755
18551	0.00110403715
18552	0.0004755954025
18553	0.0007230684941
18554	0.0007559094018
18555	0.001468480129
18556	0.005967153984
18557	0.005189532812
18558	0.0001370382169
18559	0.005286898188
18560	0.000370759246
18561	0.006342176152
18562	0.004498082819
18563	0.0001709022557
18564	0.005986530584
18565	0.0009981413975
18566	0.001542974201
18567	0.0004058520772
18568	0.0004692628106
18569	0.0008945295674
18570	0.003791934849
18571	0.001312801677
18572	0.002934820877
18573	0.0002807345864
18574	0.001858377911
18575	0.0061420376
18576	0.007882798486
18577	0.0003710027451
18578	0.0002484817196
18579	0.0006195037154
18580	0.0004732179398
18581	4.399083938e-06
18582	0.00442230518
18583	0.002444887282
18584	0.008139842606
18585	0.0001399882471
18586	1.223845943e-06
18587	0.0002712036735
18588	0.001415597231
18589	0.0005113255451
18590	0.0004090580202
18591	0.0009058993324
18592	0.0001804178186
18593	0.005757193639
18594	0.009212870937
18595	0.0003175189726
18596	0.001664054044
18597	3.966966952e-05
18598	0.001567625187
18599	0.0004290153372
18600	0.0003094982698
18601	0.01180684998
18602	0.0006396074336
18603	0.01094801788
18604	0.00448419064
18605	0.006428239488
18606	0.0001081853293
18607	0.003384994523
18608	0.002748727931
18609	3.207733283e-06
18610	0.0003051717205
18611	0.0001779077363
18612	0.0002167757673
18613	0.001119303621
18614	0.006226584859
18615	0.01224642037
18616	0.002232958214
18617	0.0004104528747
18618	0.00431178956
18619	0.000537235452
18620	0.003372262996
18621	0.01227214821
18622	0.005460402243
18623	0.001874497475
18624	0.0004406992789
18625	0.0005859613343
18626	0.0005041599328
18627	0.0002949034151
18628	0.0008525197427
18629	0.0003501833881
18630	0.01575200932
18631	0.0004870673399
18632	0.0006076545416
18633	0.0002422305989
18634	4.173960947e-05
18635	0.003144745063
18636	0.009272135861
18637	0.001725462906
18638	0.0006615211093
18639	3.215254043e-05
18640	0.0003478637469
18641	0.001098831178
18642	0.0001204283429
18643	0.0006423764768
18644	0.0007151008944
18645	0.01790700366
18646	0.00243317331
18647	0.0006965457671
18648	0.00147705101
18649	0.001797176049
18650	0.001500925737
18651	0.0005176582777
18652	0.0005538002716
18653	0.001149387457
18654	0.0006269997899
18655	0.001156634353
18656	0.006665019667
18657	0.007719317931
18658	0.006939009358
18659	0.004717721331
18660	2.798197998e-05
18661	0.0006295361058
18662	0.0006045221842
18663	0.0002097985866
18664	0.001061206253
18665	0.001218937554
18666	0.001180280948
18667	0.0007664307236
18668	0.0003643565282
18669	0.0001405431556
18670	0.004125340146
18671	0.0004971710221
18672	0.005689703242
18673	9.660873668e-06
18674	0.0008753751612
18675	0.000456635934
18676	0.0013134349
18677	0.001493133585
18678	0.0006493319717
18679	0.0003698113831
18680	0.01124201822
18681	0.001615637679
18682	0.0001335467195
18683	0.0007515644736
18684	0.001319894592
18685	0.0003570317359
18686	0.02650321385
18687	0.002207261311
18688	0.0004765230148
18689	0.000262330197
18690	0.0007314707032
18691	0.000921497803
18692	0.0004437031358
18693	0.003033573626
18694	0.003065429893
18695	0.0008800628868
18696	2.321370274e-05
18697	0.001400050506
18698	0.001037317442
18699	0.0002749367423
18700	0.001664318241
18701	0.0003222803929
18702	0.0007511394788
18703	0.002678781592
18704	0.01575258086
18705	0.01284914308
18706	0.002121946506
18707	0.0001953777988
18708	0.002286345303
18709	0.001559000531
18710	0.0008827064971
18711	0.0001943483859
18712	0.0009122167466
18713	0.0002857755742
18714	0.001107769658
18715	0.0009054604206
18716	0.0005135866519
18717	0.005356933725
18718	0.002286020416
18719	0.0003836022639
18720	0.001288483169
18721	0.001175831365
18722	0.006111516059
18723	2.779333044e-05
18724	0.0007245306246
18725	0.0009343658694
18726	0.0004266048486
18727	0.0005025314279
18728	0.000284647629
18729	0.0008320924014
18730	0.0007292820419
18731	0.0008022311113
18732	0.0001716923425
18733	0.0008095487468
18734	0.0003217431775
18735	0.0008840784983
18736	0.003028425708
18737	0.006603012387
18738	0.0001950173816
18739	0.01024749175
18740	0.0005441817694
18741	0.0006466382699
18742	0.009299677405
18743	0.0001897227451
18744	0.02343524871
18745	0.0008338037872
18746	0.0002623514894
18747	0.004459710844
18748	0.001383239031
18749	0.01069722366
18750	0.02222917285
18751	0.001343194395
18752	0.0006824086609
18753	0.001954964835
18754	0.001788259043
18755	0.0005473841225
18756	0.0001052836107
18757	0.000569829515
18758	0.0001559644845
18759	0.012464844
18760	0.01195233253
18761	0.0003062749347
18762	0.005139058678
18763	0.0001323277387
18764	0.000807956768
18765	0.0009099595645
18766	0.000199397335
18767	0.0003267991337
18768	0.0005195688664
18769	0.0004490393737
18770	0.0002597763973
18771	0.000512328406
18772	0.0009130189244
18773	0.0003500938066
18774	0.001078090674
18775	0.001807890288
18776	0.0001342956254
18777	4.974357632e-05
18778	0.0006941657157
18779	2.227780102e-05
18780	0.004556613242
18781	2.629994026e-05
18782	0.0008022815573
18783	1.049562715e-05
18784	0.0007597998649
18785	0.002910448315
18786	0.0002875890115
18787	7.453384534e-05
18788	0.009973847538
18789	0.001711292034
18790	0.0002445190237
18791	0.002470346865
18792	0.001869544347
18793	0.004033330715
18794	9.097396671e-05
18795	0.0009500420369
18796	0.0003782229495
18797	0.001735962689
18798	0.001000646248
18799	0.0009865323618
18800	0.0002936514497
18801	0.0002953903424
18802	0.001222463077
18803	0.00785618428
18804	0.001315049811
18805	0.0001592878075
18806	0.003276267667
18807	0.004423834357
18808	0.003615139369
18809	0.002227349919
18810	0.007592739109
18811	0.0008294443989
18812	0.002259363149
18813	0.001864532891
18814	0.0001776179244
18815	0.0005405316709
18816	0.0007016747237
18817	0.004564551277
18818	0.0002733837984
18819	0.008649831624
18820	0.0002610360627
18821	0.002071833325
18822	0.0002964539742
18823	0.0004257993037
18824	0.003237949336
18825	0.001780852158
18826	0.00462495315
18827	0.002202198127
18828	0.0002432640983
18829	0.002332429772
18830	0.00038515414
18831	0.003199512804
18832	0.0004919178788
18833	0.007464040047
18834	0.0004832601937
18835	0.006469629819
18836	5.499423622e-05
18837	0.001044915636
18838	0.006233917602
18839	0.001554495595
18840	0.0005409309085
18841	0.0008647985644
18842	0.009829925292
18843	0.005622300077
18844	0.0006483220414
18845	0.001020428369
18846	0.002459655915
18847	0.001555178922
18848	0.003180870829
18849	0.0002037458031
18850	0.00154820099
18851	0.003097461333
18852	0.003207104077
18853	0.002516656919
18854	0.0005080745584
18855	0.001390932921
18856	0.0004598498079
18857	0.0001395805206
18858	0.001964054423
18859	4.306555761e-05
18860	0.0002079373004
18861	0.0002705161975
18862	0.0009852688032
18863	0.0062399423
18864	0.005011095501
18865	0.0001302329384
18866	0.003430881427
18867	0.0002563862012
18868	0.000219605235
18869	0.0004778353711
18870	3.817609512e-05
18871	0.0001008850531
18872	0.0003977199323
18873	0.001842110708
18874	0.000854871533
18875	0.006522585115
18876	0.01042462463
18877	0.001066822975
18878	0.0002403459109
18879	0.0002292280904
18880	0.000681392501
18881	0.003077496043
18882	0.002150221176
18883	0.009618871779
18884	0.00320949298
18885	0.005981353831
18886	8.049023303e-05
18887	0.002944435664
18888	0.0009793136303
18889	0.001190512391
18890	0.001308220477
18891	0.005377020503
18892	0.004094611164
18893	0.0005325666028
18894	0.002704767754
18895	0.00107322567
18896	0.001955765214
18897	0.00048258267
18898	1.500301318e-05
18899	0.005789909333
18900	0.00213305744
18901	0.0005789504025
18902	0.005056255333
18903	0.007939147989
18904	0.001045842265
18905	0.0003887450703
18906	0.0006861208574
18907	0.0005776606577
18908	0.005260523586
18909	0.0106488511
18910	0.001408850396
18911	0.006456010271
18912	0.0008071877475
18913	0.0002060407202
18914	0.001388837361
18915	0.001398024041
18916	0.00011936841
18917	0.001302256291
18918	0.0002823731333
18919	0.001163263561
18920	0.0001880225543
18921	0.001407599982
18922	0.001082911305
18923	0.0005410906624
18924	0.000832559232
18925	0.0007049988504
18926	0.002872206589
18927	0.0005705763439
18928	7.775656417e-05
18929	0.0001788935201
18930	0.00609582757
18931	0.00200312812
18932	0.0008208794517
18933	0.0006471588087
18934	0.0008399774209
18935	0.002187243408
18936	0.0003726890393
18937	0.0004501243898
18938	0.0002477584865
18939	0.002433655941
18940	0.0003685649902
18941	0.0002440910528
18942	0.01566753116
18943	0.0004842022439
18944	0.001369344638
18945	0.0003243095124
18946	0.002923267605
18947	0.0005783019161
18948	0.001602514247
18949	0.009743955889
18950	0.007499231532
18951	0.00736940927
18952	0.006392019083
18953	0.0008653022089
18954	0.00058346875
18955	0.01234900283
18956	0.0009131343798
18957	0.001167841399
18958	0.004995901722
18959	0.01003807352
18960	0.0004686139771
18961	0.0006780661912
18962	0.0002699210158
18963	0.01158645011
18964	2.664500396e-05
18965	0.01047719633
18966	0.002011881913
18967	0.003804248619
18968	0.001271012606
18969	0.001619189895
18970	0.004770411706
18971	0.000555519595
18972	0.001007723281
18973	0.0002266343792
18974	0.0008625761133
18975	0.01059762065
18976	0.001482991331
18977	0.0007678957572
18978	0.001602714884
18979	0.003039090815
18980	0.00172047903
18981	0.005609484717
18982	0.0005331727561
18983	0.0006998996834
18984	0.006365352963
18985	0.006662666218
18986	0.001619956772
18987	0.001075047165
18988	0.0004827238255
18989	0.0003060790027
18990	0.008049846538
18991	0.0007515838061
18992	0.0001373989319
18993	0.0004086493642
18994	0.01047575881
18995	0.0003620369387
18996	0.004945319363
18997	0.001253642516
18998	0.002135198513
18999	0.0003944395147
19000	0.0006298013895
19001	0.0003070267949
19002	0.001600839529
19003	0.002280361825
19004	0.007300726625
19005	0.004954148517
19006	0.00354741239
19007	0.0004166401571
19008	0.0008359690551
19009	9.987268731e-05
19010	0.001285901506
19011	0.0009924888844
19012	0.0009179320777
19013	0.01129241525
19014	0.001122862618
19015	0.0009902318305
19016	0.000505914205
19017	0.00245270128
19018	2.09179e-05
19019	0.0009397725109
19020	0.0007800741751
19021	0.02190031832
19022	0.0003143967479
19023	0.0005583657258
19024	0.002167816407
19025	0.0004350130244
19026	0.001998166474
19027	0.0003979857868
19028	0.001274356005
19029	0.00710328125
19030	0.0002445847045
19031	0.001643196606
19032	0.002085962308
19033	0.0003028343384
19034	0.0008904505915
19035	0.002373240226
19036	0.001451715029
19037	0.01209532015
19038	0.0002617445471
19039	0.0006725886669
19040	0.0001345823112
19041	0.01155205945
19042	0.009235005853
19043	0.003799473972
19044	0.00155239639
19045	0.0004817069052
19046	0.0001747877613
19047	0.003415493469
19048	0.01060905371
19049	0.000808777558
19050	0.004099031158
19051	0.004154481495
19052	0.00193394322
19053	0.0006628271266
19054	0.001334293683
19055	0.004477911735
19056	0.000635720417
19057	0.0009943093336
19058	0.002934653414
19059	0.01169815021
19060	0.006512301616
19061	0.001096648027
19062	0.0002142673749
19063	0.0001127566842
19064	0.01913865362
19065	0.02754147114
19066	0.001449941272
19067	0.002211485295
19068	0.0001861426592
19069	0.0006710829193
19070	0.0003517141388
19071	0.0001382972536
19072	0.00421177799
19073	0.003337396316
19074	0.0002166770594
19075	0.0002902734547
19076	0.0001333679043
19077	0.0007729406658
19078	0.0002110590086
19079	0.0008734355387
19080	0.001049519863
19081	0.0001201547405
19082	0.0003331014279
19083	0.0002819465167
19084	0.002228725017
19085	0.0005496111387
19086	0.001083764793
19087	0.0003230297645
19088	0.0002099655255
19089	0.001245552204
19090	0.0003606925232
19091	0.0002473619443
19092	0.0005817589222
19093	0.0006392859846
19094	0.0009816906397
19095	0.002955609149
19096	0.0009104668777
19097	0.0002638058764
19098	1.931669331e-05
19099	0.0004298542612
19100	0.0004422605835
19101	0.002228162028
19102	0.001053596635
19103	0.001017780869
19104	0.0004454657525
19105	3.367605021e-05
19106	0.003481840253
19107	1.164163971e-05
19108	0.0002711601618
19109	0.0004578898908
19110	0.003507386872
19111	0.0007022696144
19112	0.0001942517888
19113	9.891197467e-05
19114	0.006428420486
19115	0.002556503247
19116	0.0008568961145
19117	0.0002353078656
19118	0.0008866343166
19119	0.0195840933
19120	0.0001574882014
19121	0.0007033988162
19122	0.000277953565
19123	0.0002617621935
19124	0.01750079777
19125	0.001648833401
19126	0.0009846400197
19127	0.0004850613858
19128	0.007466834565
19129	0.0002879757017
19130	0.0005564844329
19131	0.007184289111
19132	0.0005357681331
19133	0.0001755795498
19134	0.002648788461
19135	0.004347624295
19136	0.003577208343
19137	0.0005108042763
19138	0.000128282892
19139	3.287321714e-05
19140	3.783530004e-05
19141	0.003357480591
19142	0.0001298870468
19143	0.001094630224
19144	0.0006351514374
19145	0.001202333647
19146	9.03786771e-07
19147	0.008228673159
19148	0.008841512604
19149	0.0003069292007
19150	0.0004459063224
19151	0.0007109168115
19152	0.001236007975
19153	0.004785804392
19154	0.006200593235
19155	0.01402777268
19156	0.00109747096
19157	0.0006673145729
19158	0.03278761389
19159	0.01323157841
19160	0.001068633407
19161	0.001248409603
19162	0.001305044771
19163	0.001216791574
19164	0.006096945211
19165	0.0005215033945
19166	0.007017038745
19167	0.002386356191
19168	0.008405410064
19169	0.001547342319
19170	0.001657477318
19171	0.0002188748584
19172	0.009069961407
19173	0.01104212545
19174	0.001733502589
19175	0.007912566253
19176	0.0003841234798
19177	0.007308459044
19178	0.001237834641
19179	0.0007053309095
19180	0.01551796691
19181	7.157764564e-05
19182	2.532559973e-06
19183	0.0004269067156
19184	0.0002525470979
19185	0.0001954312476
19186	0.0009411518862
19187	0.0003344934016
19188	0.000468121697
19189	0.01046108435
19190	0.0003701126546
19191	0.0009173889032
19192	0.001058614472
19193	0.0009536696098
19194	0.0004300565143
19195	0.00713396437
19196	0.0004296558973
19197	0.0004255761826
19198	0.01053242201
19199	0.001526507853
19200	0.0006289629641
19201	0.004576223739
19202	0.0003425746845
19203	0.006990265056
19204	0.001054902191
19205	0.001087429713
19206	0.003870580932
19207	0.0004825282319
19208	0.006363167376
19209	0.001086635081
19210	0.001294633005
19211	0.0004974223108
19212	0.002234687838
19213	0.002070130368
19214	0.000189794034
19215	0.007757558589
19216	0.003239619908
19217	0.01166331904
19218	0.001510404979
19219	0.0009626653274
19220	0.000115169946
19221	0.0001668179069
19222	0.005563176813
19223	0.001863431822
19224	2.71284579e-05
19225	0.001159132963
19226	0.002380916114
19227	0.01182585936
19228	0.0008111132941
19229	0.0007095535415
19230	0.0004421927228
19231	0.000497984995
19232	0.000556394284
19233	3.567054274e-05
19234	0.0014821026
19235	0.0006121262044
19236	0.003679760392
19237	0.001494404051
19238	0.0001196277551
19239	0.0001882413784
19240	0.002673706144
19241	0.002537925144
19242	0.001471573648
19243	7.383071345e-05
19244	0.0005227498614
19245	0.00898047751
19246	0.01021844175
19247	0.005735246265
19248	0.000682240814
19249	0.0004715149092
19250	0.002971998604
19251	0.006280298969
19252	0.005447467711
19253	0.01068873113
19254	0.0008324561345
19255	0.0002981505894
19256	0.004386337263
19257	0.007666570591
19258	0.003507059138
19259	0.0003241789408
19260	0.003986510379
19261	0.0008351166482
19262	0.009396515177
19263	0.006443416247
19264	1.436519121e-05
19265	0.0006575285245
19266	0.01245494188
19267	0.002922159581
19268	0.003427912144
19269	0.005021236878
19270	0.004989212204
19271	0.01200547026
19272	0.006236788872
19273	0.0004232510241
19274	0.00590719601
19275	0.0005891676465
19276	1.945143051e-05
19277	0.0003045897412
19278	0.001307765412
19279	0.0008393940115
19280	0.002700689832
19281	0.005799409942
19282	0.0002596854158
19283	0.00065810215
19284	0.001936244237
19285	0.0007833554023
19286	0.0004545700435
19287	2.539720178e-05
19288	0.006617241764
19289	0.004853102975
19290	0.002126367439
19291	0.001042493393
19292	0.001645680946
19293	0.0005448426597
19294	0.000445989503
19295	0.002818465934
19296	0.0002025544918
19297	0.0008301654487
19298	0.00339873584
19299	0.001463902245
19300	0.001667739408
19301	0.0006306485483
19302	0.0002271506614
19303	0.0006925058264
19304	0.001416433673
19305	0.000105536416
19306	0.001248926488
19307	0.001002782096
19308	0.001043700969
19309	0.0006217579951
19310	0.0004219653013
19311	0.0006252775226
19312	0.0008255076868
19313	0.0001751871855
19314	0.0007032686389
19315	0.0004364654571
19316	0.006387051543
19317	8.120460086e-06
19318	0.0003129618837
19319	0.0003909895695
19320	0.0002574137473
19321	0.00173380714
19322	4.593303833e-05
19323	0.0007588810121
19324	0.0006933015557
19325	0.0007334045395
19326	0.0004693413961
19327	0.0003810109327
19328	0.0008457555085
19329	0.00294317729
19330	0.0008383756069
19331	0.001174748243
19332	0.000592801513
19333	0.001070093078
19334	0.005421018251
19335	0.0004033256447
19336	0.001004539188
19337	0.0001397719357
19338	0.001629939576
19339	0.0009249999092
19340	2.109680944e-05
19341	0.01107120409
19342	0.000448341155
19343	0.003226827187
19344	0.001500890653
19345	0.001862384673
19346	0.0005723283808
19347	0.002915783462
19348	0.0001095673612
19349	0.001607888113
19350	0.0009410439392
19351	0.0005016811571
19352	0.0002331637688
19353	0.009105310856
19354	0.0005681273816
19355	0.000447889465
19356	0.007746696274
19357	0.0006343646338
19358	0.01610297156
19359	0.001626761054
19360	0.000892836109
19361	0.00212980075
19362	0.000287785381
19363	0.0002499137824
19364	0.003651595406
19365	0.001114597428
19366	0.0004352200823
19367	0.009160655966
19368	0.0008981059012
19369	0.00219746624
19370	0.003180520249
19371	0.0007434428593
19372	0.01247650379
19373	0.002912739521
19374	0.01008417162
19375	0.0009161665286
19376	0.0007759272379
19377	0.006780766482
19378	0.0007473510059
19379	0.0005824293593
19380	0.003400729155
19381	0.002059909563
19382	0.004823482115
19383	0.03573360065
19384	0.008113383812
19385	0.001557635472
19386	0.005669494741
19387	0.0007888140418
19388	0.005770249984
19389	0.002989886319
19390	0.00106573476
19391	0.004572923288
19392	0.0177399564
19393	0.0151717116
19394	0.0007577203478
19395	0.0008360284167
19396	0.0008192639072
19397	0.0008483930741
19398	0.0009523873264
19399	0.0008731091561
19400	0.0006614626351
19401	0.01200836829
19402	0.000323341674
19403	0.001181942803
19404	0.002160380281
19405	0.00251913335
19406	0.000184690038
19407	0.002263706364
19408	0.00680355184
19409	0.005173758696
19410	0.0002952871434
19411	0.0008354056499
19412	0.0001055841809
19413	0.000433677215
19414	0.001055993107
19415	0.005656223323
19416	0.002225052332
19417	0.003094731397
19418	0.0008710340117
19419	0.006337152468
19420	0.005375498662
19421	0.0002168853642
19422	0.001275172444
19423	0.0005231621283
19424	0.001688574823
19425	0.00112016947
19426	0.001179422345
19427	0.0110066957
19428	0.0006905825058
19429	0.002288772049
19430	0.001356155587
19431	0.0008763480616
19432	0.004883350521
19433	0.001066124014
19434	0.01474933263
19435	0.0008395434064
19436	0.005695379231
19437	0.0008846895472
19438	0.002688263942
19439	0.0006409185961
19440	0.0007783828506
19441	0.004792338018
19442	0.005766107893
19443	0.007358215349
19444	0.001208782271
19445	0.0005884265056
19446	0.000715105049
19447	0.0004383866334
19448	9.468794964e-05
19449	0.002901985392
19450	0.0006737626165
19451	0.005296622462
19452	0.000552831529
19453	0.00117444784
19454	0.0006101997771
19455	0.01057355953
19456	0.005959475426
19457	0.008927825596
19458	0.0006877469596
19459	0.002886139577
19460	0.0008052982253
19461	0.005254820747
19462	0.0002788466952
19463	0.0005199569028
19464	0.0004966149505
19465	0.0002189222055
19466	0.004690671338
19467	0.003408657435
19468	0.007068429357
19469	0.003281223233
19470	0.008412982709
19471	0.0009284619174
19472	9.071765336e-05
19473	0.0007996242151
19474	0.01348321404
19475	0.000305759028
19476	0.0003723313369
19477	0.001346388908
19478	0.0009522562094
19479	0.001293858004
19480	0.0006422586046
19481	0.003058000965
19482	0.003483839876
19483	0.0013979145
19484	0.0001802803127
19485	0.001315915246
19486	0.001160131194
19487	0.001246638693
19488	0.000192570523
19489	3.738069689e-05
19490	0.0003602994238
19491	0.0007844828185
19492	3.088642619e-05
19493	7.065343537e-05
19494	0.003225115336
19495	0.0002739864918
19496	0.0009470224036
19497	0.001007528776
19498	0.005412861054
19499	0.001842667466
19500	0.00253814444
19501	0.01348709773
19502	0.0002664730355
19503	0.002430158002
19504	0.006069333178
19505	0.001906196353
19506	0.001065995646
19507	0.0001642380965
19508	0.001259337609
19509	0.0009408642389
19510	0.00913893111
19511	0.0002287642674
19512	0.001552845284
19513	0.0003947715053
19514	0.001925547111
19515	0.0005848542753
19516	0.0002529339962
19517	0.01223949293
19518	0.0006147065806
19519	0.0118885077
19520	0.00234007123
19521	0.000473323
19522	0.01790367768
19523	0.0002224845202
19524	0.001608250204
19525	0.007118213155
19526	0.006300908875
19527	0.007538375233
19528	0.001068287764
19529	0.000258742046
19530	0.0006637145913
19531	0.004857406051
19532	0.0002556286836
19533	0.003022651267
19534	0.000546268734
19535	0.0004559536837
19536	0.000916646779
19537	0.003657164143
19538	0.001502264873
19539	0.001275896686
19540	0.01019304819
19541	0.0003173738983
19542	0.0002341313884
19543	0.01394770429
19544	0.0002864248198
19545	0.001326177789
19546	0.001369102215
19547	0.002787727538
19548	0.004354663882
19549	0.001653721666
19550	0.0008396164875
19551	0.001912770126
19552	0.006448706498
19553	0.002700311901
19554	0.0179078537
19555	0.001618268455
19556	0.0003803530615
19557	0.0005703615535
19558	0.01518129269
19559	0.0006963508574
19560	0.001203911182
19561	0.006133768997
19562	0.00175548396
19563	0.001422507561
19564	0.001094729173
19565	0.001661068456
19566	0.00143143321
19567	0.0004075189821
19568	0.003163608925
19569	0.003223055852
19570	0.004542862819
19571	0.0006255896998
19572	7.168005276e-05
19573	0.0005546546079
19574	0.007807290836
19575	0.0004071213485
19576	8.023397973e-05
19577	0.0005162270837
19578	0.005890551406
19579	0.00110402376
19580	0.0007373567473
19581	0.003392263232
19582	0.002719452199
19583	0.009191925956
19584	0.0001973456299
19585	0.001100193506
19586	0.003329684572
19587	0.001243616267
19588	0.0006627601812
19589	0.001101986445
19590	0.02193787752
19591	0.01525797099
19592	0.001469325334
19593	0.0009996073736
19594	0.0011797336
19595	0.0004735831833
19596	0.0001736100412
19597	0.0005305864943
19598	0.0005521833877
19599	0.01039323475
19600	0.001056061548
19601	0.009843621971
19602	0.001655352769
19603	0.0004169972501
19604	0.004882521683
19605	0.001303119052
19606	4.776575778e-05
19607	0.002527464199
19608	0.0003058183703
19609	0.001126483129
19610	6.918089798e-05
19611	0.006447310863
19612	0.003167719925
19613	0.01148647232
19614	0.0002195578455
19615	0.0007328401308
19616	0.0008559514023
19617	0.0008107116754
19618	0.0005553134578
19619	0.0006085638175
19620	0.0008966557959
19621	0.001159594023
19622	0.0001227973601
19623	0.0001563357505
19624	0.0002199117249
19625	0.001067119107
19626	0.002994119656
19627	4.431381094e-05
19628	0.00103130139
19629	5.092648918e-05
19630	0.01290393278
19631	0.009754957814
19632	0.0004792975924
19633	0.008524091422
19634	0.00030666616
19635	0.001251225463
19636	0.006848491069
19637	0.002664803551
19638	0.0003714165788
19639	0.0002652137479
19640	0.002259235656
19641	0.001441478966
19642	0.001108454633
19643	0.003768782563
19644	0.0003803014585
19645	0.01704968583
19646	0.007149634375
19647	0.01376483462
19648	0.001309073369
19649	0.0002707339386
19650	5.862614733e-05
19651	0.01883642323
19652	0.005597650009
19653	0.0003926385866
19654	0.002049300864
19655	0.004867220054
19656	0.002729338735
19657	0.0008585232769
19658	0.0001154310742
19659	0.006369586337
19660	0.005506929011
19661	0.00450436355
19662	0.001385252548
19663	0.002208589742
19664	0.006238744687
19665	0.01817250349
19666	0.003900580227
19667	0.003411898341
19668	0.0007136131483
19669	0.001338404174
19670	2.616924533e-07
19671	0.0006962180425
19672	0.0004010625925
19673	0.007897090847
19674	0.000146896712
19675	0.004943368724
19676	0.0006957684966
19677	0.007872859158
19678	0.0007105661114
19679	0.0009557795229
19680	0.0006094875894
19681	0.002052600875
19682	0.0008119602092
19683	0.0003100609287
19684	0.001846804272
19685	0.0007077304732
19686	0.002034783685
19687	2.948083727e-05
19688	0.0001665520598
19689	0.0005370899597
19690	0.0006874483537
19691	0.0004073794272
19692	0.00135513943
19693	0.00124707306
19694	0.0003571132782
19695	2.887986603e-05
19696	0.0003360747255
19697	0.001037052855
19698	0.001575494205
19699	0.001373272701
19700	0.001794620233
19701	0.00120240898
19702	0.0007787494384
19703	0.002196259827
19704	0.01116299205
19705	0.0007774852547
19706	7.830227074e-06
19707	0.005620083532
19708	0.0004689955594
19709	0.0001760031374
19710	0.0009492765489
19711	0.01279204872
19712	0.01085303138
19713	0.0005999803744
19714	0.002348761438
19715	0.005923993585
19716	0.0009093465723
19717	0.0004372471862
19718	0.002328857165
19719	0.002733758916
19720	0.004096295674
19721	0.01268784732
19722	0.001312199337
19723	0.002157947222
19724	0.001143274441
19725	0.005651054599
19726	0.001826093334
19727	0.004310642227
19728	0.001349539745
19729	0.0002829562838
19730	0.007071559759
19731	0.0003848623938
19732	0.0002491644499
19733	0.005512888853
19734	0.0003322785576
19735	7.214674881e-05
19736	0.009924946971
19737	0.0001307289237
19738	0.0102011784
19739	0.0002309943628
19740	0.001416273024
19741	0.001282647019
19742	3.234261465e-05
19743	0.0003395700002
19744	0.000105799298
19745	0.00136154069
19746	0.0003176072886
19747	0.003115777267
19748	0.0003833724964
19749	0.0007352202003
19750	0.003752464109
19751	0.0001368699903
19752	0.004785453206
19753	0.0006223809506
19754	2.22096595e-05
19755	9.729426184e-05
19756	0.0008376150555
19757	0.009988812928
19758	0.0008460006213
19759	0.001098601094
19760	0.006989620303
19761	0.0006419445038
19762	0.0005654139884
19763	0.002130677795
19764	0.0005146789469
19765	0.0004609083683
19766	0.02263465324
19767	0.0003861981547
19768	0.0001022056047
19769	0.000470502725
19770	0.0003986869332
19771	0.005486673563
19772	0.003759006735
19773	0.002270598693
19774	0.0002014756979
19775	0.01214297476
19776	0.0003003218816
19777	0.0008500373131
19778	0.001010586924
19779	0.00275467019
19780	0.0008251953787
19781	0.001636968221
19782	2.143650441e-05
19783	0.0005880603732
19784	0.009585000259
19785	0.0001560926912
19786	0.0008345518218
19787	0.001247125974
19788	0.00764223882
19789	0.0004792413182
19790	0.003929924798
19791	0.006538955809
19792	0.0001452513099
19793	0.0006409711551
19794	0.001099146384
19795	0.00152416554
19796	0.001196102529
19797	0.0009681552029
19798	0.005334653879
19799	0.001702063061
19800	0.0007345994648
19801	0.001058320426
19802	0.002946638174
19803	0.0008131502147
19804	0.01584621279
19805	0.000844588492
19806	0.01235347749
19807	0.0007053583335
19808	0.002144182625
19809	0.002215892393
19810	0.02524523983
19811	0.00537725021
19812	0.001778533222
19813	0.008728940541
19814	0.008853041426
19815	0.01521706435
19816	0.0001828111758
19817	2.301384562e-05
19818	0.0002949198081
19819	0.001896688376
19820	0.0002482656889
19821	0.00149856049
19822	0.00151699586
19823	0.000422001958
19824	0.0278954649
19825	0.001095743739
19826	0.002216952905
19827	0.01286360227
19828	0.008527926295
19829	0.00619950814
19830	0.001512608047
19831	0.002299152183
19832	0.006259524772
19833	0.0006727558008
19834	0.0009335922837
19835	0.001845316858
19836	0.007514471466
19837	0.0003854701633
19838	0.001281419835
19839	0.0003854834115
19840	0.02383576601
19841	0.001094859291
19842	0.008220315222
19843	0.006107917311
19844	0.006980651331
19845	0.003357958874
19846	0.006633004549
19847	0.0050410455
19848	0.01160006678
19849	0.0006535795799
19850	0.0004681360478
19851	0.001225402299
19852	0.001461777874
19853	0.002124238565
19854	0.006616317124
19855	0.0007984785351
19856	0.0008898296061
19857	0.001325329749
19858	0.0005890993555
19859	0.0007727847055
19860	0.001137289253
19861	0.0006404472892
19862	0.0009892631299
19863	0.0002335983439
19864	0.0003728406119
19865	0.001056793846
19866	0.007481102273
19867	0.001392838264
19868	0.0001998088868
19869	0.00173895138
19870	0.004809824448
19871	0.002409419951
19872	0.0003642314471
19873	0.000434786199
19874	0.005417619945
19875	0.001313311877
19876	0.005533169407
19877	0.0004990607649
19878	0.001093777929
19879	0.001268728352
19880	0.01047200222
19881	0.0003978696344
19882	0.01159382394
19883	0.0001975007446
19884	0.0005617446127
19885	0.0008344167161
19886	0.004544321456
19887	0.0009582356283
19888	0.0003645944706
19889	0.0009366825181
19890	0.0006214683948
19891	0
19892	0.0001527840518
19893	0.004595334753
19894	0.005901403438
19895	0.0004335499878
19896	0.001104712362
19897	0.0001914925165
19898	0.001528029349
19899	0.003883772266
19900	0.0003227941037
19901	0.01165707931
19902	0.003419670724
19903	0.002169688898
19904	0.0006083602437
19905	0.0005524028501
19906	0.00157295624
19907	0.002457152326
19908	0.0009255301549
19909	0.0003110862435
19910	0.001498422841
19911	0.0008400093813
19912	0.001772631824
19913	0.002281249429
19914	0.01063045114
19915	0.005200554837
19916	0.002358532972
19917	0.0006286389975
19918	0.001456031641
19919	0.003240933379
19920	0.001542575665
19921	0.001822644535
19922	0.006564781618
19923	0.0007161236262
19924	0.001500447062
19925	0.0002919402028
19926	0.003488858231
19927	0.011319489
19928	0.0002753290728
19929	0.0005354163769
19930	0.005986802094
19931	0.00100733716
19932	0.004950182372
19933	0.001057304446
19934	0.008458558344
19935	0.001868205597
19936	0.005935640929
19937	9.243038778e-05
19938	0.0004236719967
19939	0.0004614192109
19940	0.0003850479127
19941	0.005397149535
19942	0.004320713567
19943	0.002628933152
19944	0.001005125137
19945	0.0008240472045
19946	0.0108649105
19947	0.005537946231
19948	0.000239357458
19949	0.02337854914
19950	0.007528064929
19951	0.001444861485
19952	0.0109462874
19953	0.001440253576
19954	0.0004399980025
19955	0.0009283614179
19956	0.002859190094
19957	0.001168317697
19958	0.00128757662
19959	0.005617124998
19960	0.00108885371
19961	0.0006443680866
19962	0.002660982021
19963	0.006544767941
19964	0.002892132686
19965	0.003209119142
19966	0.002784902766
19967	0.0006164984419
19968	0.001536809795
19969	0.0006703187037
19970	0.006353690287
19971	0.001157889428
19972	6.99390524e-05
19973	0.006285390017
19974	0.0003653484424
19975	0.001232412639
19976	0.001892798343
19977	0.005228656024
19978	0.0006318533089
19979	0.0006941518362
19980	0.006261551823
19981	0.001585912785
19982	0.002088776195
19983	0.001770619857
19984	0.0004304055433
19985	0.0006630363347
19986	0.00036794916
19987	0.0001307673055
19988	0.0009054372045
19989	0.002948850567
19990	0.001438229803
19991	0.00131404576
19992	0.003524255157
19993	0.002845194145
19994	0.001924404687
19995	0.0005796400635
19996	0.0005687213361
19997	0.000339930064
19998	0.0001571532515
19999	0.002294518952
20000	0.01540507644
20001	0.0004792780261
20002	0.0004756137133
20003	0.001731602911
20004	0.006086048272
20005	0.001048599124
20006	0.001869336333
20007	0.01868438381
20008	0.001555155435
20009	0.0002184146183
20010	0.0003418480624
20011	0.02014407441
20012	0.0004444009597
20013	0.01649550127
20014	0.001950020113
20015	0.01294712576
20016	0.0005452796347
20017	0.005398484171
20018	0.001086286342
20019	0.004447466949
20020	0.000667578902
20021	0.0001963360066
20022	0.0001198470118
20023	0.005103056462
20024	0.003612965446
20025	0.004977830748
20026	0.005003342261
20027	0.001559496811
20028	0.0001469299108
20029	0.0195651472
20030	0.0002331428661
20031	0.0008950025087
20032	0.0004895454032
20033	0.001956378702
20034	0.001060345001
20035	0.0009311447179
20036	0.0004689878922
20037	0.0004320873102
20038	0.008283594291
20039	0.002311249576
20040	0.02030447497
20041	0.001386416268
20042	7.269833323e-05
20043	0.0007269814373
20044	0.0006391887457
20045	0.0001631980976
20046	0.004234759569
20047	0.0005992599314
20048	5.47940149e-05
20049	7.87718498e-05
20050	0.0002075161627
20051	0.0006132060913
20052	0.0005534600377
20053	0.000664420147
20054	0.000971650268
20055	0.0006709902397
20056	0.001466818906
20057	0.008249592066
20058	0.002741228006
20059	0.005805105398
20060	0.001463214111
20061	0.0002198685237
20062	0.0005613667693
20063	0.0004922536492
20064	0.00913475503
20065	0.01503240962
20066	0.0001575515911
20067	0.0005028100514
20068	0.0006841659276
20069	0.0001698617928
20070	0.001341242806
20071	0.01436800366
20072	0.005975580452
20073	0.001308339743
20074	0.001724999131
20075	0.0006773552143
20076	0.0004794083001
20077	0.0005327999955
20078	0.01681308942
20079	4.343896847e-05
20080	0.01354978627
20081	3.514453032e-06
20082	0.0006841261266
20083	0.0001255391265
20084	0.00576863301
20085	0.001513434312
20086	0.0005382606903
20087	0.0101567484
20088	0.01067201218
20089	0.007045998832
20090	0.00926623617
20091	0.0004466820457
20092	0.0005184143385
20093	0.0002083931691
20094	0.01311546581
20095	0.006813646347
20096	0.0002690562675
20097	0.0007477554463
20098	0.002317264752
20099	0.004099983034
20100	0.0160512885
20101	0.0001792975046
20102	0.01013320788
20103	0.01871566401
20104	0.0005566701367
20105	0.001406850099
20106	0.000822510724
20107	0.0003142952141
20108	0.0007312987352
20109	0.0008036419689
20110	0.003751466729
20111	0.0002117145902
20112	0.0002108090372
20113	7.200734815e-05
20114	0.001292683243
20115	0.002211252821
20116	0.001172978668
20117	0.0118782809
20118	0.0004016909266
20119	0.003755005605
20120	0.0004460350164
20121	0.0009616725475
20122	0.001384716205
20123	0.001457381437
20124	0.001089038563
20125	0.0008542460043
20126	0.001307165022
20127	0.0001472325169
20128	0.0002714204255
20129	3.007495534e-05
20130	0.001098841627
20131	0.0004053329102
20132	0.000682675499
20133	0.0003105902043
20134	0.0002791672467
20135	0.001583909929
20136	0.0006528871747
20137	0.007917893657
20138	0.0004259297225
20139	0.001382091563
20140	0.0003755963927
20141	0.0007567332063
20142	0.0007301460928
20143	0.0005678990762
20144	0.02246819453
20145	0.001637770411
20146	0.0001839483596
20147	0.006733008403
20148	0.001344880008
20149	0.004500621687
20150	0.0003200668533
20151	0.001337124927
20152	0.008925224024
20153	0.001339190002
20154	0.00266472152
20155	0.0002514562482
20156	0.01458452917
20157	0.0005339903917
20158	0.0005069799329
20159	0.0008189564158
20160	0.0001924295987
20161	0.0006513398712
20162	0.0002149362227
20163	0.0007123270058
20164	0.0002879814402
20165	0.004054898097
20166	0.0004747690977
20167	0.02029517651
20168	5.317689518e-05
20169	0.001259961633
20170	0.00439353486
20171	0.0004135327671
20172	4.805836813e-05
20173	0.009768459843
20174	0.0006610040258
20175	0.001871802045
20176	0.002114941854
20177	0.0043455917
20178	0.002102455497
20179	0.002216202434
20180	7.697758008e-05
20181	0.0007063203255
20182	0.001050048665
20183	0.0001409244842
20184	0.001004249596
20185	0.0005693045539
20186	0.01557608346
20187	0.0014432446
20188	0.0007426344342
20189	0.0001939726244
20190	0.001120026931
20191	0.0003579545056
20192	0.007057827562
20193	0.0007062864403
20194	0.0003825229255
20195	0.001303014005
20196	0.0007573175024
20197	0.002854380559
20198	1.846183998e-05
20199	0.0007701465975
20200	6.983626856e-05
20201	0.002163643073
20202	0.0001219025528
20203	2.887797792e-05
20204	0.0004969338784
20205	0.0007510756449
20206	0.0240219146
20207	0.001081660796
20208	7.098535873e-05
20209	0.003149221468
20210	0.001890225672
20211	0.002006676412
20212	0.00273632105
20213	0.0003553293412
20214	0.0002839392026
20215	0.00126383049
20216	0.001472039309
20217	0.0002825369225
20218	0.001241379346
20219	0.00329362403
20220	0.0003287725041
20221	0.007477277908
20222	0.003524431748
20223	0.004928024974
20224	0.0002197883058
20225	0.003079427605
20226	0.0003433234998
20227	9.809746042e-05
20228	0.0002791870551
20229	0.002493374429
20230	0.001550452436
20231	0.001705391397
20232	0.0003872862645
20233	0.0005918255624
20234	0.0007674183521
20235	0.001347256672
20236	0.005727586135
20237	8.157039175e-05
20238	0.0006721017468
20239	0.00297726489
20240	0.008613686981
20241	0.0001414445016
20242	0.005956270479
20243	0.02018398651
20244	0.003527019893
20245	2.26523118e-05
20246	0.002310993259
20247	0.002476119089
20248	0.00766569868
20249	0.006169339261
20250	0.01076064496
20251	0.0002474534996
20252	0.0002082637996
20253	0.002919869969
20254	0.0002205289989
20255	0.001007037754
20256	0.002710738502
20257	0.0001137555859
20258	0.003456939045
20259	0.001047516473
20260	0.0007513804582
20261	0.001832596181
20262	3.415568603e-06
20263	0.001353573899
20264	0.00195813751
20265	0.0008930896189
20266	8.57166091e-05
20267	0.001008859383
20268	0.0006685179155
20269	0.001595665244
20270	0.0003696759005
20271	0.0009308144014
20272	0.001423627427
20273	0.0003097757512
20274	3.841473562e-05
20275	0.002051086971
20276	0.0007203302544
20277	0.0005349776565
20278	0.0002231853891
20279	0.0004345936296
20280	8.990459897e-06
20281	8.324005416e-05
20282	0.0006149672466
20283	0.0003581937553
20284	0.001062767756
20285	0.001109965737
20286	0.0005552534708
20287	3.316658775e-06
20288	0.003510103594
20289	0.001052858012
20290	0.0008913296395
20291	0.007734899251
20292	0.002152911737
20293	0.004699592173
20294	0.005724017995
20295	0.0009014808415
20296	0.005443172318
20297	0.000651986375
20298	0.0005621204713
20299	0.001033737993
20300	0.006165109281
20301	0.0008465410673
20302	0.0001646308528
20303	0.0009782051695
20304	0.00117814121
20305	0.003231235872
20306	0.002229661511
20307	0.001570813048
20308	0.001893724771
20309	0.001851629254
20310	0.001169744835
20311	0.0002691142134
20312	0.001282747402
20313	0.00366297735
20314	0.009847746379
20315	0.000923312981
20316	0.009609724309
20317	0.009015904879
20318	0.001846990117
20319	0.0001945982102
20320	0.0002892064087
20321	0.002219508367
20322	0.0009852749703
20323	0.0003405999973
20324	0.0005068757777
20325	0.01120115621
20326	0.0005704636195
20327	0.0005344039102
20328	0.001550772578
20329	0.001439677934
20330	0.0005835384937
20331	0.002775925777
20332	0.0002067650952
20333	0.01267835164
20334	0.0003146210596
20335	0.0009442892384
20336	0.002752492861
20337	0.01375889752
20338	0.00577250388
20339	0.001295544718
20340	0.01825603793
20341	0.002056201783
20342	0.006342727393
20343	0.0009032668018
20344	0.0009219689507
20345	0.0102888051
20346	0.0001121636906
20347	0.0002454446163
20348	0.0002414620179
20349	0.001695698213
20350	0.001780741383
20351	0.002168993943
20352	0.006103042863
20353	0.006707545615
20354	0.002057798578
20355	0.0004524460654
20356	0.0007950847461
20357	0.0001857468542
20358	0.005348412934
20359	0.007192511184
20360	0.001940532262
20361	0.006372985592
20362	0.0001643791094
20363	0.00721289578
20364	0.01061858104
20365	0.001109386955
20366	0.0005035771087
20367	0.000230945835
20368	0.0007361429494
20369	0.0003889717295
20370	0.0003886411662
20371	0.006336636322
20372	0.005844341495
20373	0.001244475049
20374	0.00171154814
20375	0.0004073315585
20376	0.001016170147
20377	0.0004516873574
20378	0.0001021697754
20379	0.002979389258
20380	0.0008481285227
20381	0.001775485415
20382	0.001445011985
20383	0.0005440567563
20384	0.0005109325752
20385	0.0002029390837
20386	0.000253586235
20387	0.003414883296
20388	0.0007759489491
20389	0.001742068512
20390	0.001967635593
20391	0.001254883354
20392	5.056744877e-06
20393	0.0005013832119
20394	0.003637423016
20395	0.0005603828923
20396	0.00437882357
20397	0.001043048903
20398	0.001674446256
20399	0.00125482267
20400	0.0005134497767
20401	0.002827993701
20402	0.005452156771
20403	0.01890411924
20404	0.0001528631059
20405	0.001834134777
20406	0.0003614927396
20407	0.001512591962
20408	0.01230654128
20409	0.0001608059675
20410	0.004626953028
20411	0.006399984601
20412	0.0116863832
20413	0.0006561793547
20414	0.0143591981
20415	0.01242908726
20416	0.0004477376087
20417	0.001446353556
20418	0.0009694661534
20419	0.01137832152
20420	0.0007011479105
20421	1.194014633e-05
20422	0.0004738898017
20423	0.0004988886083
20424	0.001784394119
20425	0.0004722378034
20426	0.008550896065
20427	0.0003066373286
20428	0.008685614994
20429	0.001974630021
20430	0.008399539823
20431	0.004082614952
20432	0.02387475895
20433	0.01047563252
20434	0.0001988734954
20435	0.01820039422
20436	0.0006793792532
20437	0.001071957893
20438	0.006939497258
20439	0.002248342977
20440	0.0002033882117
20441	0.0020188642
20442	0.000251735024
20443	0.007188059967
20444	0.005244359195
20445	0.0001146362944
20446	0.0005729471245
20447	0.005923027513
20448	0.001840105911
20449	0.00319296693
20450	0.0002613364011
20451	0.006049480977
20452	0.01138421473
20453	0.001729393374
20454	0.0002017006641
20455	0.001296974286
20456	0.0006525068295
20457	0.000624661243
20458	0.005527165111
20459	0.008052923197
20460	0.0002522609199
20461	0.0005661661828
20462	0.003325368833
20463	0.0008379314314
20464	0.006187433987
20465	0.01662203664
20466	9.077726362e-05
20467	0.001483944981
20468	0.002414649451
20469	0.004059053192
20470	0.0006914728692
20471	0.001381470113
20472	0.005074339682
20473	0.006465387915
20474	0.008049166597
20475	0.01021049436
20476	0.001026547829
20477	0.0009827050962
20478	0.0009251232965
20479	0.0009491602666
20480	0.0008130560296
20481	0.002645468544
20482	0.00492744198
20483	0.001379799516
20484	0.001419746589
20485	0.00517163676
20486	0.002570204904
20487	2.291035884e-05
20488	0.0107976896
20489	0.002796378889
20490	0.001436508184
20491	0.001523331967
20492	0.0007399474579
20493	0.0002727037053
20494	0.0007401521373
20495	0.004875509242
20496	0.002214463842
20497	0.003507095437
20498	0.000734596901
20499	0.005566793763
20500	0.01020574957
20501	0.0002292435434
20502	0.001581250623
20503	0.0007994588382
20504	0.0002968709107
20505	0.006891016282
20506	0.005703102233
20507	0.00082410666
20508	0.005052323653
20509	0.0006145937299
20510	0.0003348872406
20511	0.0005557496936
20512	0.0001867234572
20513	0.004088506398
20514	0.0006510240377
20515	0.004918782111
20516	0.003539343531
20517	0.0001047924787
20518	0.0002475048599
20519	0.004258028719
20520	0.0002784504116
20521	9.530439013e-05
20522	0.0016434868
20523	0.00698868706
20524	0.0008281833671
20525	0.001072539263
20526	0.00648637363
20527	0.0008575184593
20528	0.0002294275146
20529	0.008459805755
20530	3.977497831e-05
20531	4.427776813e-05
20532	0.0001047374241
20533	0.0001124944859
20534	0.0006220183114
20535	0.00224867229
20536	0.0005209785301
20537	0.0003192729864
20538	0.000779231764
20539	0.002430100166
20540	0.0009353433988
20541	0.001571817562
20542	0.0002352686747
20543	0.0003735922935
20544	0.002181472043
20545	3.545936188e-05
20546	4.666197165e-05
20547	0.0002807758882
20548	0.0003716164737
20549	0.0007834785971
20550	0.001058104803
20551	0.0006533955354
20552	0.0007688077441
20553	0.0004963590624
20554	0.0007091721396
20555	0.0004658452035
20556	0.0002617630805
20557	0.0009840839295
20558	0.0002956905975
20559	0.002301183737
20560	9.904168e-05
20561	0.000943204524
20562	0.005260570711
20563	0.00255331771
20564	0.00043832463
20565	0.004322965261
20566	7.796974138e-05
20567	0.002620166481
20568	0.0006648547161
20569	0.0006777554092
20570	0.0003099360537
20571	0.007083158481
20572	0.001261235087
20573	0.003862477928
20574	0.0006401357673
20575	0.004578925235
20576	0.0001258681416
20577	0.009022055991
20578	0.0009149256153
20579	0.003753123387
20580	0.001718906709
20581	0.0003472163147
20582	0.006591330104
20583	0.008668275208
20584	0.003623373671
20585	0.0001946376586
20586	0.001452595807
20587	0.003393981892
20588	0.0002209390463
20589	0.0005147788816
20590	0.000662232928
20591	1.144673794e-05
20592	0.002349918133
20593	0.01124444631
20594	0.001010627008
20595	0.0009696653463
20596	0.001295055115
20597	0.005724740088
20598	0.0002469752614
20599	0.0001513199582
20600	0.000530010519
20601	0.001355582576
20602	0.0006851438992
20603	0.0002110054465
20604	0.0008827982281
20605	0.007546663298
20606	0.0004150129891
20607	0.0135834461
20608	0.0009900742365
20609	3.792032877e-05
20610	0.006459382721
20611	0.006714241293
20612	0.003575379116
20613	0.0008304153227
20614	0.0006298401997
20615	0.0001445663403
20616	0.003998349534
20617	0.01284536264
20618	0.0004100709915
20619	0.0007516179816
20620	0.004559296106
20621	3.715411905e-05
20622	0.01030411989
20623	0.0001368851035
20624	0.001641055917
20625	0.001975000229
20626	0.00155491234
20627	0.0002669202562
20628	0.001033485016
20629	0.001181896011
20630	0.007895199369
20631	0.001189293579
20632	0.0002703741648
20633	0.003709108229
20634	0.0004012016313
20635	0.006638833512
20636	0.02192078912
20637	0.0003615263001
20638	0.001382258
20639	0.01050350865
20640	0.0004118804083
20641	0.0003822730659
20642	0.00226116245
20643	0.01524207264
20644	0.0006563682987
20645	0.009392526728
20646	0.01012948316
20647	0.0001325789093
20648	0.02072729288
20649	0.009468915298
20650	0.0006258794838
20651	0.0003068440844
20652	0.001955934908
20653	0.0002098413967
20654	0.0003996727655
20655	0.01353064673
20656	0.006988070929
20657	0.0003916059254
20658	0.004854191007
20659	0.001307097917
20660	0.001083510438
20661	0.0009341800236
20662	0.001205155024
20663	0.0007583882143
20664	0.001148062128
20665	0.0002135867684
20666	0.0003470998103
20667	0.01638301218
20668	0.007506857801
20669	0.008760961614
20670	0.007047226417
20671	0.01039311186
20672	0.01504298841
20673	0.001520903187
20674	0.000217712069
20675	0.001012818334
20676	0.0003665423534
20677	0.007767558709
20678	0.003005238788
20679	0.0001582067194
20680	0.0006599650205
20681	0.001437487815
20682	0.001829336235
20683	0.0002804515858
20684	0.0003745218345
20685	0.01819552612
20686	0.00141273352
20687	0.005287816566
20688	0.0003753908604
20689	0.0004527711712
20690	0.001447949882
20691	0.009025381604
20692	4.72765708e-05
20693	6.622896854e-05
20694	0.001282863545
20695	0.00467592294
20696	0.003099545976
20697	0.0003513177761
20698	0.01674877831
20699	0.0006993270511
20700	0.0004865918792
20701	0.005489277073
20702	0.004724667694
20703	0.001713543558
20704	0.003824002705
20705	0.007465715688
20706	0.009516236405
20707	0.00137610588
20708	0.008531260785
20709	0.0006964340271
20710	0.002766667835
20711	0.0002430836665
20712	0.001099209498
20713	0.009295835032
20714	0.00330491567
20715	0.01805230913
20716	0.0001904458895
20717	0.01410268514
20718	2.832156461e-05
20719	0.001532810722
20720	0.006889389444
20721	0.0046154427
20722	0.01422173534
20723	0.001433896162
20724	0.000370065616
20725	0.0001329984136
20726	6.563931263e-05
20727	0.01287962382
20728	0.004438885115
20729	0.002908398004
20730	0.001137284242
20731	0.005890837374
20732	0.0005535009541
20733	0.01242436412
20734	0.0008403244253
20735	0.000421870668
20736	0.00293659778
20737	0.0001445654723
20738	0.0007653461613
20739	0.00312424028
20740	0.00601972264
20741	0.0001004889896
20742	0.0002600389238
20743	0.001405406534
20744	0.002466120593
20745	0.0002428113027
20746	0.006783262715
20747	0.000969142137
20748	0.001184479333
20749	0.0001098957136
20750	0.002958525792
20751	0.0004849622362
20752	0.00524556359
20753	0.0004964392962
20754	0.0005797564313
20755	0.0003954275356
20756	0.001195546963
20757	0.0008499845998
20758	0.001392108289
20759	0.009338125973
20760	0.0001510704504
20761	0.0002256070871
20762	0.01201189335
20763	0.004573793042
20764	0.004890732901
20765	0.002965368588
20766	0.0005031451346
20767	0.01772356468
20768	0.01692549116
20769	0.0004890220713
20770	0.002785886357
20771	0.001663411543
20772	0.001332147621
20773	0.003906290524
20774	0.009921345865
20775	0.0007039252237
20776	0.0006712074213
20777	0.0006528201672
20778	0.002541263715
20779	0.001134449253
20780	5.308768849e-05
20781	0.0001017391344
20782	0.001679382896
20783	0.0005241701682
20784	0.001998216148
20785	0.001254948911
20786	0.0003435014091
20787	0.0004895568599
20788	0.005297030385
20789	0.003854524974
20790	0.003399064097
20791	0.001310673966
20792	0.0004376031855
20793	0.0002647840113
20794	0.002343326608
20795	0.01119777572
20796	0.0004742686906
20797	0.0003637702944
20798	0.0009902703888
20799	0.0005754080357
20800	0.0002951524085
20801	0.0006471879623
20802	0.001150765906
20803	0.002370961978
20804	0.0004937581253
20805	0.00799611607
20806	0.0006008940293
20807	0.0009725028668
20808	0.0008746660537
20809	0.0003941748657
20810	0.0007322506557
20811	0.002233101283
20812	0.0004573801527
20813	0.003375871625
20814	0.001071952284
20815	0.001258959116
20816	0.0008025633443
20817	0.0008688383341
20818	0.001251368704
20819	0.0005544944786
20820	0.003167746832
20821	0.0004622650739
20822	0.0002485276398
20823	0.0008010171702
20824	0.001205735535
20825	0.0007821940161
20826	0.01318827688
20827	0.0006277501047
20828	0.001192634238
20829	0.0009096123511
20830	0.0003980419802
20831	7.562060257e-06
20832	0.0006379098471
20833	5.63588835e-05
20834	0.0008852158904
20835	0.0008680075489
20836	0.0023381567
20837	0.0006764000726
20838	0.0001510243602
20839	0.0008550817875
20840	0.001023909145
20841	0.009468689742
20842	0.0002694568149
20843	3.537815584e-05
20844	0.0001262489375
20845	4.389868035e-05
20846	0.0003238887431
20847	0.0004221508193
20848	0.0003007353106
20849	0.007867697471
20850	0.0001848663295
20851	0.001608168923
20852	0.01395009952
20853	0.001808369709
20854	0.006754017467
20855	0.000101421262
20856	0.000977498429
20857	0.000214089724
20858	0.0004340230992
20859	0.001954663512
20860	0.0006908895773
20861	0.0004800201325
20862	0.0001877286622
20863	0.005695601025
20864	0.001295620373
20865	0.007356568231
20866	0.0002465418046
20867	0.002795991003
20868	0.000178113225
20869	0.001363213957
20870	0.01042400336
20871	2.043342202e-05
20872	0.001409551386
20873	0.0006681264507
20874	0.007843645102
20875	0.0007513790697
20876	0.005158744153
20877	0.001285628791
20878	0.0004905597961
20879	0.000641471812
20880	0.0005895740947
20881	0.0007437287059
20882	0.0009810233874
20883	1.042112306e-05
20884	0.0001629120311
20885	0.0003783526341
20886	0.0001932515033
20887	7.289235095e-05
20888	0.01114597631
20889	0.005926048707
20890	0.004042667061
20891	0.006419230188
20892	2.317508462e-05
20893	0.01447563132
20894	0.001399703019
20895	0.001370787741
20896	0.0009443910356
20897	0.000387769289
20898	0.0005995330642
20899	0.0006882273146
20900	0.0009280422051
20901	0.0008849162285
20902	0.0002444983798
20903	0.006473269271
20904	0.006486899722
20905	0.0008189640094
20906	3.851222053e-06
20907	0.0009997631895
20908	0.0007011714983
20909	0.0006905171786
20910	0.005591155121
20911	0.001436850853
20912	0.007926334055
20913	0.0004428432099
20914	0.00746682824
20915	0.0004442299868
20916	1.655685101e-05
20917	0.001539612684
20918	0.0007551259713
20919	0.0003344942046
20920	0.009624222163
20921	0.001688650604
20922	0.0004654850538
20923	0.0009853121282
20924	0.001854687902
20925	0.0004181443457
20926	0.004970309485
20927	0.0006019882037
20928	0.0001224906913
20929	0.00224288905
20930	0.0004112169002
20931	0.01430626645
20932	0.004949649723
20933	0.003589157455
20934	0.000358312367
20935	0.0003761545033
20936	0.001899444838
20937	0.003450772013
20938	0.0005223684751
20939	0.004034767852
20940	0.000501022918
20941	0.008140502301
20942	0.00330491269
20943	0.003577089874
20944	0.01412707329
20945	0.0002652099213
20946	0.004267494124
20947	0.0005387439794
20948	0.0004171937145
20949	0.003245369177
20950	0.002342747825
20951	0.000446397767
20952	0.001258657452
20953	0.0002720566493
20954	0.0002199388196
20955	0.0002223714921
20956	0.0008919657515
20957	0.002026642741
20958	0.00128127656
20959	0.0003544265585
20960	0.004461843537
20961	0.001235448516
20962	0.004390792507
20963	0.001000597539
20964	0.0003416392475
20965	0.01276499993
20966	0.0001381235293
20967	0.005100523523
20968	0.02212919446
20969	0.0001195249323
20970	0.0008257267351
20971	0.006393013791
20972	0.0008021197882
20973	0.0001437834351
20974	0.0004599937845
20975	0.002143638336
20976	0.001044689577
20977	0.0005220236374
20978	0.004760443961
20979	0.00104538873
20980	0.0004628789436
20981	0.002336853783
20982	0.002711147606
20983	0.0002396963247
20984	0.0001654451646
20985	0.0005691849367
20986	0.0002751377416
20987	0.005791792322
20988	0.002539264592
20989	0.001002759794
20990	0.0001676460566
20991	0.001678258441
20992	0.0008804165847
20993	1.997842331e-05
20994	0.0007939578741
20995	0.0005792658038
20996	0.009941374042
20997	0.0002922105862
20998	0.003823927013
20999	0.0021325416
21000	0.01818635942
21001	0.001096048393
21002	0.0005622190438
21003	0.001072270668
21004	0.003024944591
21005	0.0004494673527
21006	0.001834441015
21007	0.001640546652
21008	0.00132289753
21009	0.0009876898704
21010	0.0007239054733
21011	0.001486612518
21012	5.69233743e-05
21013	0.0001414823455
21014	0.0005335516429
21015	0.002609859525
21016	8.055610949e-05
21017	0.0003828239892
21018	0.002760147311
21019	0.0006757176681
21020	0.0004072844042
21021	0.0006187348131
21022	0.001108816489
21023	0.009633061081
21024	0.001652440256
21025	0.005473723578
21026	0.000610379986
21027	0.0002800313146
21028	0.01074482659
21029	0.001333502607
21030	0.0004670313592
21031	0.000122507364
21032	0.000769974646
21033	0.0002052439108
21034	0.0002828947163
21035	0.0001887439758
21036	0.0008346205082
21037	0.001053897323
21038	0.0002541699586
21039	0.0005854344338
21040	0.01581792397
21041	0.0006130496243
21042	0.003091408262
21043	0.001106815217
21044	0.001922056917
21045	6.602919192e-05
21046	0.001579293372
21047	8.485845156e-05
21048	0.0006006560364
21049	0.002755138927
21050	0.002878043295
21051	0.008251255119
21052	0.001489298275
21053	0.001414520529
21054	0.00353112234
21055	0.007847440258
21056	0.0001950419723
21057	0.001981528343
21058	0.0003328112625
21059	0.0005070357535
21060	0.008526476384
21061	0.001486217979
21062	0.001203448689
21063	0.01288392334
21064	0.0001101390111
21065	0.0005632469404
21066	8.638530941e-05
21067	0.001933592579
21068	0.009069615758
21069	0.002317417346
21070	0.00633601583
21071	5.133943616e-05
21072	0.0003928911334
21073	0.003542087343
21074	6.054046697e-05
21075	0.0005608493032
21076	0.0003521304879
21077	1.182008002e-05
21078	0.0005128611171
21079	9.977014219e-05
21080	0.0003159789086
21081	0.004719278463
21082	0.000515862946
21083	0.0007250163271
21084	0
21085	0.0003713331135
21086	0.0002552145433
21087	0.006234877828
21088	0.00606077448
21089	0.004613622529
21090	0.001554260016
21091	0.0003226787582
21092	0.002120289516
21093	0.004750604802
21094	0.001880468568
21095	0.001713674124
21096	0.001181685715
21097	0.000548168022
21098	0.007703689166
21099	0.009219929721
21100	0.0008424858267
21101	7.576876383e-05
21102	0.0005875893272
21103	0.0003071818611
21104	0.006820200949
21105	0.007694305726
21106	0.001078527488
21107	0.001020130806
21108	0.0006198580078
21109	0.004740487328
21110	0.00362378896
21111	0.0008040962944
21112	0.008223276129
21113	0.01579683673
21114	0.0005337471507
21115	0.001346505876
21116	0.0002768028072
21117	3.593971949e-05
21118	0.00100067437
21119	0.0004428722337
21120	0.0004995202155
21121	0.001004727899
21122	0.000261239051
21123	0.009077915671
21124	0.007903840557
21125	0.000689438177
21126	0.001368396183
21127	0.007039608284
21128	0.002778045774
21129	0.0005056410701
21130	0.003135702343
21131	0.001462101055
21132	0.0005798527376
21133	0.0009057079638
21134	0.0004976580442
21135	0.002133235806
21136	0.001323218746
21137	0.0004997581266
21138	0.0005809626141
21139	0.005514916065
21140	0.001700997928
21141	0.001967848587
21142	8.839181034e-05
21143	0.0006254833902
21144	0.001600758924
21145	0.000596613948
21146	0.0002277610835
21147	0.001456071915
21148	0.00520925918
21149	0.001519353028
21150	0.0007507519843
21151	0.0005895755818
21152	0.000732125528
21153	8.142361472e-05
21154	0.01266563537
21155	0.005782504577
21156	0.0003025284915
21157	0.0003325577489
21158	0.008220205209
21159	0.002058492597
21160	0.0003693636387
21161	0.0022638174
21162	0.001629478711
21163	0.001933196454
21164	0.0008052265959
21165	2.967625209e-05
21166	0.0002462812793
21167	0.001259201799
21168	0.008889993258
21169	0.0009665553979
21170	0.001636571511
21171	0.001978097918
21172	0.001096140919
21173	0.001387737518
21174	0.0006790786225
21175	0.0004313653538
21176	0.006702991877
21177	0.0001593049269
21178	0.00304532712
21179	0.01531326943
21180	0.001869302469
21181	0.001897770734
21182	0.000494953313
21183	0.0003721294867
21184	0.004433266644
21185	0.008673847487
21186	0.009066002
21187	0.001624185567
21188	0.002315863131
21189	0.001152495761
21190	0.0005937273151
21191	0.003515872966
21192	0.001192281138
21193	0.009124018176
21194	0.0005551503538
21195	0.0004811510316
21196	0.001220765039
21197	0.0008416898478
21198	0.0002872603117
21199	0.001477032861
21200	0.00293116556
21201	0.00214101725
21202	0.000943431744
21203	0.001969077941
21204	0.0006705891068
21205	0.00460206744
21206	0.0009215615246
21207	0.003341204899
21208	0.01569525976
21209	8.821287039e-06
21210	0.0006467416109
21211	0.01171697405
21212	0.002618123127
21213	0.001813106532
21214	0.02600558309
21215	0.002731959104
21216	0.0003897394629
21217	0.0003190411045
21218	0.004878502202
21219	0.0002709711188
21220	0.0008096668949
21221	0.001129886427
21222	0.006401036749
21223	0.003883105564
21224	0.0007898484903
21225	0.000649476377
21226	0.0003590806775
21227	0.001782116896
21228	0.005034968303
21229	0.01122822212
21230	0.01260233367
21231	0.00267955746
21232	0.0001908877843
21233	0.005388292628
21234	0.0001792220224
21235	0.0007711567145
21236	0.0013398347
21237	0.0002887427209
21238	0.004377850496
21239	0.009974950144
21240	0.006735353554
21241	0.0007930513328
21242	0.006055098052
21243	0.003788373969
21244	0.01818760098
21245	0.002824459789
21246	0.002277957766
21247	0.0007575478435
21248	0.000366977228
21249	0.0007519588292
21250	0.00262814365
21251	0.008574752064
21252	0.0009053564825
21253	0.006845588852
21254	0.001248627036
21255	0.007097229384
21256	0.001370099022
21257	0.01907540065
21258	0.0006774387174
21259	0.001044693167
21260	0.0005181781704
21261	0.002904553677
21262	0.0001410507916
21263	0.0008060158891
21264	0.007494622998
21265	0.0006187593642
21266	0.002208877152
21267	0.02023023642
21268	0.004134141764
21269	0.0003572711168
21270	0.01231478338
21271	0.002681739678
21272	0.000695462416
21273	0.001290679951
21274	0.0004810892181
21275	0.005310883564
21276	0.001104322671
21277	0.01124634075
21278	0.00321866819
21279	8.673961157e-05
21280	0.0003384990848
21281	0.01197377277
21282	0.000801286083
21283	0.0009584514113
21284	0.00055889099
21285	0.005489345337
21286	0.004525140451
21287	0.0007728342863
21288	0.001353868149
21289	0.01791309454
21290	0.002832675844
21291	0.0009069918121
21292	0.003881271909
21293	0.0005672529996
21294	0.001764927555
21295	0.0005862391444
21296	0.001006334476
21297	0.0001396983159
21298	0.002746026462
21299	0.0001966208744
21300	0.0007698512797
21301	0.0125805853
21302	0.00118550546
21303	0.003782311217
21304	0.003593074016
21305	0.008933649451
21306	0.0004097781711
21307	2.107749094e-05
21308	0.01348557551
21309	0.01942310241
21310	0.002638344164
21311	0.003083996321
21312	0.008768454945
21313	0.02048062839
21314	0.0001671502225
21315	0.002406314342
21316	0.001907327018
21317	0.0005228979675
21318	0.001095196322
21319	0.007096934457
21320	0.001199083353
21321	0.001825622432
21322	0.01298615641
21323	0.001351612091
21324	0.00130915707
21325	0.005845384394
21326	0.000588664401
21327	0.004255385301
21328	0.00702315609
21329	0.001627478263
21330	0.001894076899
21331	0.0001741054735
21332	0.0002782396003
21333	0.01727304349
21334	0.00815920814
21335	0.0005661908652
21336	0.0005142801731
21337	0.006116986411
21338	0.0004098634903
21339	0.0002912219815
21340	0.001054458557
21341	0.001369550133
21342	0.007609936446
21343	0.0006755663357
21344	0.0004094130808
21345	0.0005667037489
21346	0.008221179532
21347	0.001367428991
21348	0.0004943647961
21349	0.0008824076075
21350	0.0004610836244
21351	0.01835493455
21352	0.0002009709868
21353	0.01432662158
21354	0.001676747549
21355	0.0002893019059
21356	0.00131262196
21357	0.001153235475
21358	0.0001150558654
21359	0.001805307222
21360	0.007071665635
21361	0.006627825885
21362	0.002081122585
21363	0.002838533953
21364	0.000387308856
21365	0.0117726698
21366	2.578474025e-05
21367	0.0006871295852
21368	0.001610806811
21369	0.002473962738
21370	0.0004100323808
21371	0.001257780129
21372	0.0006524155018
21373	0.0006948396459
21374	0.0004403352982
21375	0.0003286756605
21376	0.001295678699
21377	0.0003904861984
21378	0.004784636586
21379	0.001195793436
21380	0.0009078879023
21381	0.001247801213
21382	0.0001927520179
21383	0.002047960473
21384	0.02395789735
21385	0.003507644404
21386	0.0004077335331
21387	0.001479704203
21388	0.02315834146
21389	0.0002921150253
21390	0.0008359893838
21391	0.0002310806671
21392	0.0001560530216
21393	0.005644701532
21394	0.0007456298068
21395	0.001567579612
21396	0.003680917564
21397	0.001381772909
21398	0.001604657534
21399	0.0006898949102
21400	0.000656638986
21401	0.002292774159
21402	0.0007838106508
21403	0.004557685917
21404	0.0005176248325
21405	0.0005348563496
21406	0.01265992839
21407	0.001498053836
21408	0.003908290608
21409	0.0006444157244
21410	0.01157869762
21411	0.000424985229
21412	0.01296155858
21413	5.782745196e-06
21414	0.001902244829
21415	7.735112786e-05
21416	0.001010798151
21417	0.00376852232
21418	0.0001954019045
21419	0.0109568476
21420	0.008221284894
21421	0.004334675928
21422	0.0004333282006
21423	0.001651453851
21424	0.02792804574
21425	0.002727484343
21426	0.0006721584492
21427	0.000483601478
21428	0.000791940802
21429	0.007430219275
21430	0.001150064992
21431	0.0004748459662
21432	9.446264972e-05
21433	0.002101957024
21434	0.0008613342992
21435	0.0009153476669
21436	0.0122974559
21437	0.002103782048
21438	0.0005759824785
21439	0.005821970673
21440	6.608379805e-05
21441	0.0005307384129
21442	0.00881571936
21443	0.002210645535
21444	0.002677004726
21445	0.0008461098437
21446	0.000782164171
21447	0.000147727259
21448	0.0006173142915
21449	0.001136404778
21450	0.0001085344084
21451	0.01910905356
21452	0.001035152248
21453	0.0002264701442
21454	0.001564083423
21455	0.0008162079015
21456	0.0005960862608
21457	8.326114219e-05
21458	0.001414234115
21459	0.0005015811024
21460	0.002046167188
21461	0.02366104525
21462	0.00273114311
21463	0.009062028548
21464	0.00588418638
21465	0.003540928246
21466	0.0004661943547
21467	0.009498961136
21468	0.002405099567
21469	0.0004295079875
21470	0.0003628342662
21471	0.006989239718
21472	0.007456142882
21473	0.002979924035
21474	0.001058521604
21475	0.005225926573
21476	0.005064470339
21477	0.0007628927903
21478	0.0177042999
21479	0.0002187389269
21480	0.001585664094
21481	0.005133221174
21482	0.00119652892
21483	0.0002368631141
21484	0.0006975564592
21485	0.003446591991
21486	0.01085428155
21487	0.001064666019
21488	0.0001902523553
21489	7.547146417e-05
21490	0.0004292660217
21491	0.0008797174605
21492	0.01288997669
21493	0.002253365715
21494	0.002000707389
21495	0.004879832296
21496	0.0006258660666
21497	0.006690390492
21498	0.00204427175
21499	0.001262000796
21500	9.112784677e-05
21501	0.001255237717
21502	0.001197055202
21503	0.0006727470834
21504	0.002107087487
21505	0.0004509326318
21506	0.000860527639
21507	0.007862028366
21508	0.0006696321422
21509	0.0004758675835
21510	0.002047942786
21511	7.765848039e-05
21512	0.0006134910128
21513	0.01019909965
21514	0.005545690934
21515	0.001792975982
21516	0.01002092926
21517	0.0005360846593
21518	0.003683443338
21519	0.0001493940676
21520	0.002004519959
21521	0.01968488476
21522	0.01339325242
21523	0.0006472420042
21524	0.007166609897
21525	0.0004223485853
21526	0.0003669759544
21527	0.0004854323023
21528	0.001318924581
21529	0.003476212828
21530	0.001799104555
21531	0.01470781023
21532	0.003627692315
21533	0.0001184549024
21534	9.340617388e-05
21535	0.0008027044772
21536	0.007669897194
21537	0.0005734049825
21538	0.01062182853
21539	0.001092461518
21540	8.810328163e-05
21541	0.0003159068075
21542	0.0002539762799
21543	0.0007468298998
21544	0.001308136627
21545	0.0008703943516
21546	0.01236806663
21547	0.0001225991115
21548	0.0008377909495
21549	0.008479184361
21550	0.002548623616
21551	9.909548135e-05
21552	0.0007310339993
21553	0.009484419461
21554	0.0004736406895
21555	0.0003167741777
21556	0.001668257638
21557	0.0009794975381
21558	0.003729939748
21559	0.006247882975
21560	0.005896008325
21561	8.391177211e-06
21562	0.0096166764
21563	0.0006128000241
21564	0.006723441552
21565	0.0006709552407
21566	0.002504833813
21567	6.984796008e-05
21568	0.001975670065
21569	0.005361952121
21570	0.001245377177
21571	0.00198161586
21572	0.0003175760287
21573	0.005190897185
21574	0.0004343660936
21575	0.0003509829455
21576	0.0006758071847
21577	0.006213057568
21578	0.002232027307
21579	0.001206079065
21580	0.0009168306738
21581	0.001380175444
21582	0.00280933607
21583	0.005438727872
21584	0.006334461393
21585	0.0002559586294
21586	0.002407863144
21587	0.008335064323
21588	0.0006690397645
21589	0.0008474103186
21590	0.0004141462349
21591	0.0006809610225
21592	8.211160001e-05
21593	0.0006241869644
21594	0.001347258699
21595	0.009778024696
21596	0.0007896353541
21597	0.007668413625
21598	0.001240827119
21599	0.003407383451
21600	0.0005793821045
21601	5.531625974e-05
21602	0.000110956611
21603	0.01168015623
21604	0.005723142394
21605	0.001449855904
21606	0.0005790004412
21607	0.0002131515193
21608	0.0008076775917
21609	0.004478668579
21610	0.005969327379
21611	0.001382117134
21612	0.01049096391
21613	0.0006593700947
21614	0.007851158929
21615	0.001166729947
21616	0.004294254958
21617	0.002314695635
21618	0.0008847617955
21619	0.002048292649
21620	0.0009805282179
21621	0.01816769238
21622	0.005809827599
21623	0.00907590042
21624	0.003806229839
21625	0.002562256457
21626	0.007445659861
21627	0.002371475795
21628	0.001082437184
21629	0.0003597329163
21630	0.007039725532
21631	0.01045019523
21632	0.0007125138609
21633	0.0008570885164
21634	0.004610823085
21635	0.001075423095
21636	9.431655708e-05
21637	0.001168123192
21638	0.0004525957046
21639	0.000383771275
21640	0.001703428741
21641	0.01187249367
21642	0.0006412896915
21643	0.0009653440339
21644	0.001246699763
21645	0.0004527051546
21646	0.0007318749185
21647	0.008432169672
21648	0.006344599385
21649	0.003546377404
21650	0.005232816187
21651	0.0002382890817
21652	0.006957331995
21653	0.0001672654209
21654	0.0123958684
21655	9.70234833e-05
21656	2.140281931e-05
21657	0.01365017568
21658	1.839023416e-05
21659	0.002951143614
21660	0.002380285207
21661	0.01406595276
21662	0.0004177756578
21663	0.00359226235
21664	0.001738857941
21665	0.01612120445
21666	0.0001720364874
21667	0.0002291972848
21668	0.002046520324
21669	0.001124589293
21670	0.006713152136
21671	0.000376453628
21672	0.0007895185978
21673	0.01327231771
21674	0.007841134928
21675	0.001576977137
21676	0.002808547459
21677	0.006532062084
21678	0.001435196824
21679	0.00148976962
21680	0.001000755722
21681	0.004455959212
21682	0.0001060234398
21683	0.0001192255765
21684	0.01108789479
21685	0.01620137216
21686	0.005787188544
21687	0.001493029149
21688	0.001320839764
21689	0.000165320958
21690	0.01805732561
21691	9.898733196e-05
21692	0.001972040401
21693	0.0002646841448
21694	0.01103756813
21695	0.0005011819581
21696	0.0005163612385
21697	0.0008984980037
21698	0.0004084332403
21699	0.008926840589
21700	0.004823128286
21701	0.0007213667557
21702	0.0008295576754
21703	0.004892502982
21704	0.0002990348054
21705	0.000682706816
21706	0.0009380041183
21707	0.0006734362218
21708	0.000602278024
21709	0.00644203846
21710	0.0003576842135
21711	0.000336647069
21712	9.828947753e-05
21713	2.946762511e-05
21714	0.01082506984
21715	3.098713735e-05
21716	0.005718205527
21717	0.001570939783
21718	0.001849783004
21719	0.0002934593173
21720	0.01075566238
21721	0.0007044674592
21722	7.604289483e-05
21723	0.0009814341073
21724	0.003104034382
21725	0.0001319683287
21726	0.0048847229
21727	0.007027348089
21728	0.007617978243
21729	0.0011694793
21730	0.000682233625
21731	0.001063236313
21732	0.001926452004
21733	0.01445264058
21734	0.008311993039
21735	0.007493778137
21736	0.001045979304
21737	0.002697952268
21738	4.165566108e-05
21739	0.002130582884
21740	0.0004553214388
21741	0.0004535611068
21742	0.01001501028
21743	0.008121843541
21744	0.000313997876
21745	0.01136542796
21746	0.001519903128
21747	0.009849091647
21748	0.000643907547
21749	0.0001947372758
21750	0.000701580854
21751	0.001662307915
21752	0.003328291373
21753	0.0009530919279
21754	0.0006980573586
21755	0.01061299758
21756	0.002040894471
21757	0.001948621967
21758	0.0001002242655
21759	0.002127904804
21760	0.01845380488
21761	0.0001899980934
21762	0.001140321379
21763	0.0008437017849
21764	0.009406987148
21765	0.0002608754325
21766	0.004953140786
21767	0.001986183825
21768	9.338941953e-05
21769	0.0003720063349
21770	0.004843294326
21771	0.00182615781
21772	0.001516207345
21773	0.001298499642
21774	0.002675830351
21775	0.0001889922612
21776	0.0009800434865
21777	0.002522538608
21778	0.001157796236
21779	0.0008868924705
21780	0.00072634763
21781	0.002438344745
21782	0.002789484687
21783	0.003217952884
21784	0.0009910754266
21785	0.0002541599288
21786	0.0007166081426
21787	0.0004379786313
21788	0.0003145930835
21789	0.006716734168
21790	2.404122933e-05
21791	0.001670880484
21792	0.008563533986
21793	0.0004294358675
21794	0.003187884172
21795	0.002078808449
21796	0.0008735096943
21797	0.000510270441
21798	0.000293370898
21799	0.002697520575
21800	0.0003021766141
21801	0.0007034665465
21802	0.003117152213
21803	0.0009742153251
21804	0.001717343886
21805	0.0009163172699
21806	0.009805424568
21807	1.277912586e-05
21808	0.002444137535
21809	0.004114036746
21810	0.002430324726
21811	0.00383910667
21812	0.0001507911024
21813	0.001084635611
21814	0.002699350733
21815	0.0001482030976
21816	0.0007772848262
21817	0.0009803288945
21818	0.001016635858
21819	0.0007992239389
21820	1.081059919e-05
21821	0.004520889198
21822	0.01667446068
21823	0.01081707604
21824	0.001504431591
21825	0.002126577638
21826	0.0009501437446
21827	0.000919863161
21828	0.003982632425
21829	0.0004580655314
21830	0.02641829048
21831	0.0002118666822
21832	0.004763359529
21833	0.01209486527
21834	0.0029888738
21835	0.00119535371
21836	0.0001903188804
21837	0.006358497179
21838	0.0007480344509
21839	0.0001914504755
21840	0.001651948122
21841	0.0004278709644
21842	0.001682249584
21843	0.002510396658
21844	0.0004291055275
21845	0.001753396044
21846	0.00172659594
21847	0.001887571592
21848	0.001594196715
21849	0.002019568385
21850	0.0006813902192
21851	0.0003698686676
21852	0.0002305175623
21853	0.001776272709
21854	5.578197476e-05
21855	0.002150723948
21856	0.002094101259
21857	0.0006123546044
21858	0.001478881151
21859	0.001546608702
21860	0.0001550189735
21861	0.0001664566467
21862	0.001224806738
21863	0.002327672768
21864	0.001000052571
21865	0.0001746654626
21866	0.0007361123722
21867	0.0005648207714
21868	0.0009665872748
21869	0.001189854171
21870	0.002371028096
21871	0.002539147652
21872	0.0001371159579
21873	0.002093013437
21874	0.01008296354
21875	0.0001903714057
21876	6.896005484e-05
21877	0.00089214463
21878	0.001117940027
21879	0.007907040519
21880	0.0004108434562
21881	0.0008931069965
21882	0.000568837692
21883	0.006000208061
21884	0.0004382393687
21885	0.00243731127
21886	0.0002739678896
21887	0.0005950963325
21888	0.000738685442
21889	0.000436459399
21890	0.0005696021381
21891	9.687520344e-05
21892	0.0001546156763
21893	0.0005165249061
21894	0.0007057510799
21895	0.001951910911
21896	0.001551527538
21897	0.001218226054
21898	0.0004723342538
21899	0.001158738264
21900	7.023502109e-05
21901	0.0002948445147
21902	0.0002269583058
21903	0.0008647157226
21904	0.00670648184
21905	0.0007121560594
21906	0.0001584329434
21907	0.01611521946
21908	0.01320418624
21909	0.0009352723795
21910	0.0001787577837
21911	0.003991028492
21912	0.0002686088042
21913	0.003253566153
21914	0.001596958408
21915	0.0009125820901
21916	0.0001847924828
21917	0.003174444455
21918	0.02525505688
21919	0.003706475564
21920	0.001959854102
21921	0.01435897683
21922	0.003523716878
21923	6.419737919e-05
21924	0.002511094489
21925	0.007269527715
21926	0.0001233717411
21927	0.001653473083
21928	0.003976222883
21929	0.0007492560515
21930	0.001944463979
21931	0.001353303612
21932	0.001084099575
21933	0.008965835374
21934	0.0003649598053
21935	0.01109617121
21936	0.0008444137205
21937	0.0002575363142
21938	0.01984337235
21939	0.01623547215
21940	0.0003286298939
21941	0.005504645921
21942	0.001036428395
21943	0.001140859841
21944	0.0001936460593
21945	0.00340222693
21946	0.004876249416
21947	8.059813072e-06
21948	0.002161197951
21949	0.001121670893
21950	0.01995057309
21951	0.01008929238
21952	0.0008652627069
21953	0.0005865744678
21954	0.0006865134894
21955	0.00581604897
21956	0.0001761310012
21957	0.009501758786
21958	0.0009263263003
21959	0.0003224689271
21960	0.0001206553656
21961	0.005096918022
21962	0.003943785385
21963	0.002646296739
21964	0.0004414259958
21965	0.005066921084
21966	0.009805551195
21967	0.0004718754185
21968	0.001807353772
21969	0.00349598138
21970	0.0002338130927
21971	0.01228941114
21972	0.0001435559536
21973	0.001049966033
21974	0.0005502877092
21975	0.004241563927
21976	0.0002578961515
21977	0.00492088386
21978	0.003349541478
21979	0.0001865761923
21980	0.0002624297439
21981	0.0007411123149
21982	0.003162111671
21983	0.002428855268
21984	0.000118702864
21985	0.0001902939937
21986	0.000800107099
21987	0.001370021829
21988	0.003631010672
21989	0.0008896745292
21990	0.01488148781
21991	0.001386199632
21992	0.00380185708
21993	0.0003793783594
21994	0.006415510437
21995	0.01122360096
21996	0.01368067162
21997	0.001526079744
21998	0.003773411948
21999	0.007072389107
22000	0.002166469584
22001	0.00532004894
22002	0.0008372796211
22003	0.008132405013
22004	0.001305343609
22005	0.007859797927
22006	0.002816895057
22007	6.670443797e-07
22008	0.005535908473
22009	0.0003075706342
22010	0.001649475574
22011	0.0007519105961
22012	0.0009346225025
22013	0.00128505728
22014	0.0005724616753
22015	0.0006943685064
22016	4.040666398e-05
22017	0.004088581688
22018	0.009800954313
22019	0.02231173659
22020	0.02184199376
22021	0.0005710580895
22022	0.01364680669
22023	0.0001494934919
22024	0.000664814554
22025	0.00120729471
22026	0.0007591378337
22027	0.0003719122541
22028	0.000641286942
22029	0.0118486457
22030	0.00328957589
22031	0.003878261969
22032	0.000504813657
22033	0.0003500155409
22034	0.0008601732776
22035	0.0006668283583
22036	0.000187471476
22037	0.0001985686064
22038	0.0009226846828
22039	0.0005492596096
22040	0.01021113795
22041	0.0139846319
22042	0.01006296985
22043	0.00278940941
22044	0.005389783354
22045	7.715773641e-05
22046	0.0001002553393
22047	0.001675408496
22048	0.009497643803
22049	0.005255174303
22050	0.0006458712024
22051	0.0001446483002
22052	0.0009546292319
22053	0.0009799762862
22054	4.215843349e-05
22055	0.003382528435
22056	0.00519124952
22057	0.009507016154
22058	0.00171436536
22059	0.006320196507
22060	0.0006396570782
22061	0.0003944549485
22062	0.00112011707
22063	0.0001222173748
22064	0.00323809315
22065	0.001970385112
22066	0.007195492532
22067	0.01050802086
22068	4.393167e-05
22069	3.760113902e-05
22070	0.003210561155
22071	0.02028507351
22072	0.001961961097
22073	0.01727953874
22074	0.0005807473199
22075	0.001399705384
22076	1.185309652e-05
22077	3.411335561e-05
22078	0.0003376841569
22079	0.000514415251
22080	0.01831652298
22081	6.85221606e-05
22082	0.0004097779423
22083	0.003779096225
22084	0.0004946233857
22085	0.009311975358
22086	0.00500983669
22087	0.0003176139977
22088	0.001757142819
22089	0.0009505788766
22090	0.001191525957
22091	0.0002029635092
22092	0.0002074099678
22093	0.003050901802
22094	0.0004130386505
22095	0.0002533680083
22096	0.001623426742
22097	0.001182029571
22098	0.004845929505
22099	0.002879509286
22100	0.0117951956
22101	0.0008833677867
22102	0.0005204671628
22103	0.002069237963
22104	5.79260923e-06
22105	0.0003950663984
22106	0.0005695353212
22107	0.0008693933789
22108	0.0003510524587
22109	0.001460007043
22110	0.005281195469
22111	0.001161667602
22112	0.0002830331102
22113	5.896338903e-05
22114	0.001110530862
22115	0.001860787164
22116	0.004913221236
22117	0.006603002248
22118	0.001763739654
22119	0.0001915560605
22120	0.0006700261509
22121	0.0009462425704
22122	0.01396396704
22123	8.600924461e-05
22124	0.0005475227963
22125	0.0006664682593
22126	2.127289407e-05
22127	0.008918872644
22128	0.0004190369602
22129	7.760964655e-05
22130	0.0013387822
22131	0.004812806988
22132	0.0002278054162
22133	0.01305007087
22134	0.000388575218
22135	0.0004591727075
22136	8.677386691e-05
22137	0.0001146800028
22138	0.002206204697
22139	0.0006292908387
22140	0.002739378834
22141	0.0004378500998
22142	0.008796367291
22143	0.002864466784
22144	0.002241971297
22145	0.009018838468
22146	0.003300264727
22147	0.01023533816
22148	0.00262558045
22149	0.001208311218
22150	0.005139101685
22151	0.009327117891
22152	0.001360749603
22153	0.0002357709929
22154	0.001769390819
22155	0.007492260326
22156	0.01220009949
22157	0.009934460787
22158	0.0007641194406
22159	0.00322852978
22160	0.00428253224
22161	0.003953027105
22162	0.0001619989381
22163	0.0002423374985
22164	0.000689458743
22165	0.0003067953423
22166	0.0007520711574
22167	0.003480151364
22168	0.0009266693713
22169	0.0004705428035
22170	0.0009328684024
22171	0.0004406157966
22172	0.01558913211
22173	0.001729847028
22174	0.0004422616859
22175	0.0177323496
22176	0.001271213711
22177	0.001831926558
22178	0.0003109560076
22179	0.007214585007
22180	0.002369287531
22181	0.0003461170863
22182	0.01090972187
22183	0.0002274474431
22184	0.0007200232939
22185	0.0005401016319
22186	0.002499403491
22187	0.005078034358
22188	0.001178838883
22189	0.005318593496
22190	0.0004235695914
22191	0.009038076562
22192	0.001088850018
22193	0.0001435949378
22194	0.01287238399
22195	0.01052266346
22196	0.0003582271273
22197	0.01227997712
22198	0.01707348813
22199	0.00455683554
22200	0.0004961827564
22201	0.01368795919
22202	0.0001455902268
22203	0.01107248326
22204	0.001705406272
22205	0.000154031456
22206	0.01434621534
22207	0.001548282678
22208	0.007445222338
22209	0.0004625733085
22210	0.0005467945155
22211	0.0007697026426
22212	0.0002498258568
22213	0.01460192624
22214	0.004421314181
22215	0.0001628848019
22216	0.0005433778474
22217	0.005389123913
22218	0.001377453063
22219	0.001694841295
22220	0.005522034392
22221	0.0003643591969
22222	0.000161469349
22223	0.0001684606553
22224	0.001593959491
22225	0.01779118297
22226	0.001991688629
22227	1.646094192e-05
22228	0.0002457851685
22229	0.001825626897
22230	0.005600669333
22231	0.006708486966
22232	0.006966938228
22233	0.0006597729225
22234	0.003294229456
22235	0.001479940708
22236	0.0003445488906
22237	0.005283553974
22238	0.002577377829
22239	0.002802880891
22240	0.0001532038012
22241	0.0007443171497
22242	0.01409837756
22243	0.001145322078
22244	0.001941890602
22245	0.001671342147
22246	0.006422183587
22247	0.004680180859
22248	0.001860469977
22249	0.0004534517021
22250	0.0001806871531
22251	0.0024477402
22252	6.478892456e-05
22253	0.0003538607004
22254	0.001393283677
22255	0.0006820193836
22256	0.001571050159
22257	0.0007391523409
22258	0.006753886651
22259	0.004453800556
22260	0.0192100096
22261	0.0009363526623
22262	0.0005735095309
22263	0.005424928703
22264	0.0001177436928
22265	0.001644706681
22266	0.0008477843819
22267	0.0002844142372
22268	0.002581469838
22269	0.002945000263
22270	0.005956043583
22271	0.01185224085
22272	0.0046837173
22273	0.003760251924
22274	0.0004443960771
22275	0.0009945073512
22276	0.002893546999
22277	0.001432113193
22278	0.0005668817059
22279	0.01001018837
22280	0.0005598257289
22281	0.002150981555
22282	0.000793637269
22283	0.003143407064
22284	0.001064704655
22285	0.001363933758
22286	4.43396194e-05
22287	0.00139480536
22288	0.000618830597
22289	0.0004014510373
22290	0.0004840226399
22291	0.0003161675589
22292	0.002613372845
22293	0.0001147350798
22294	0.002073286247
22295	2.797086056e-05
22296	0.0008513786682
22297	0.004350636254
22298	0.02517412738
22299	0.0003196873082
22300	0.004761669229
22301	0.01180196019
22302	0.0003672887887
22303	0.001661836639
22304	0.002345581329
22305	0.001453644327
22306	0.01003479516
22307	0.001154126611
22308	0.0002580390305
22309	1.192146974e-05
22310	0.00727806011
22311	0.0007552978621
22312	6.07710982e-05
22313	0.0005359062985
22314	0.001173458837
22315	0.00096063134
22316	0.001257839118
22317	0.0005367259725
22318	0.01432120973
22319	0.005855485997
22320	0.001704067035
22321	0.002705172553
22322	0.000356692186
22323	0.0001193352614
22324	0.007266250183
22325	0.000221772231
22326	0.007251802982
22327	8.128693253e-05
22328	0.001042799913
22329	0.0009995256847
22330	0.01174947186
22331	7.446895918e-05
22332	0.0002412579407
22333	0.0004010184091
22334	0.0053155671
22335	0.001182827911
22336	0.000434873838
22337	8.772216353e-05
22338	0.0009820461871
22339	0.0003044470222
22340	5.909900039e-05
22341	0.001771360316
22342	0.0009571563319
22343	0.0003310675568
22344	0.003335057266
22345	0.00162371176
22346	5.591320521e-05
22347	0.007444341734
22348	0.0003723775097
22349	0.0002193521745
22350	0.003139243127
22351	0.001954909501
22352	0.001345163813
22353	0.001465972296
22354	0.0003851070855
22355	0.004065008724
22356	0.0004595076387
22357	3.048529971e-05
22358	0.001090367242
22359	0.002377501718
22360	0.0002041384194
22361	0.002269476135
22362	0.001337574315
22363	0.002042270578
22364	0.004975975748
22365	0.0003367158605
22366	0.0002258114784
22367	0.001028917992
22368	0.002012486797
22369	0.0203906322
22370	0.0006161658045
22371	0.0002998573355
22372	0.00091497034
22373	0.0005950705123
22374	0.001135617261
22375	0.004665597111
22376	0.008427769735
22377	0.002294456378
22378	0.007226862531
22379	3.565046549e-05
22380	2.437089795e-05
22381	0.0009699119789
22382	0.003202828022
22383	0.002990048323
22384	0.005553417859
22385	0.001197727321
22386	0.001268346167
22387	0.001632849996
22388	0.01116673348
22389	0.002240604501
22390	0.002338330482
22391	0.002827712178
22392	0.0006029110833
22393	0.0002163644015
22394	0.0004029506801
22395	0.01643560913
22396	0.001912057175
22397	0.001078909424
22398	0.0008961811353
22399	0.001109842148
22400	0.00133815658
22401	0.002224304586
22402	0.00698122579
22403	0.0021825039
22404	7.949136425e-05
22405	0.0135101379
22406	0.006845357009
22407	0.01445057181
22408	0.001089824004
22409	0.0004307578628
22410	0.002501376985
22411	0.01230436128
22412	0.0003872958438
22413	0.00785751345
22414	0.0001202116126
22415	0.001595477823
22416	0.0003134511702
22417	0.0003955893472
22418	0.0005366157921
22419	5.043260214e-05
22420	0.004894579822
22421	0.00275137106
22422	0.002310167113
22423	0.003842126962
22424	0.001724152113
22425	0.00100842935
22426	0.0004877595554
22427	0.01151098573
22428	0.00748793296
22429	0.0002277714691
22430	0.0002679519774
22431	0.000607811516
22432	0.00440049757
22433	0.0009581770247
22434	0.01519214639
22435	0.0179366322
22436	0.001159184902
22437	0.00122681599
22438	0.0003827887149
22439	0.003317137916
22440	0.01257587009
22441	0.005765669372
22442	0.001316680427
22443	0.001610844843
22444	0.0006945052665
22445	0.0001691593312
22446	0.004081339445
22447	0.0008139214991
22448	0.0001234439129
22449	0.0004267180171
22450	0.0005934415454
22451	0.000205374125
22452	0.0294573526
22453	0.0006712819336
22454	0.00164337004
22455	0.006354214846
22456	0.0005319539549
22457	0.009198333379
22458	0.0008891214283
22459	0.0003870659378
22460	0.000701250422
22461	0.0004819154504
22462	5.337339868e-05
22463	0.001242198129
22464	0.000380349912
22465	0.01376304573
22466	0.0002827126854
22467	0.0008113338016
22468	0.03120055608
22469	0.005612313472
22470	0.01403944689
22471	0.00199484638
22472	0.01179835358
22473	0.0003667464279
22474	0.01805816687
22475	0.000805533037
22476	0.0002135052279
22477	0.005130975692
22478	0.0004957670252
22479	0.001218060424
22480	0.003518473639
22481	0.0004253380294
22482	0.01330707645
22483	0.002371682944
22484	0.00174441252
22485	0.006726804364
22486	8.363860663e-05
22487	0.001737402358
22488	0.008513925368
22489	0.0002151736285
22490	0.0005374981178
22491	9.332913887e-05
22492	0.0009825543584
22493	0.0006671889093
22494	0.001041938637
22495	0.0006159101336
22496	0.000150952956
22497	0.0002395400321
22498	0.001087857257
22499	0.001545126684
22500	0.001397467698
22501	0.0003708857131
22502	0.003724387274
22503	0.003975202505
22504	0.001057297554
22505	0.0004013240549
22506	0.0005109135027
22507	0.002230021629
22508	0.00323304405
22509	0.0002351519975
22510	0.0004421461908
22511	0.0006655658025
22512	0.00213645071
22513	1.925600634e-05
22514	0.005859066567
22515	0.0002076134009
22516	0.001125791307
22517	0.001413672249
22518	0.0006681367796
22519	1.092467563e-05
22520	0.006415914022
22521	0.006428718604
22522	0.0008385698353
22523	0.007178235137
22524	0.003266487461
22525	0.008124638932
22526	0.0003718344685
22527	0.0001249371797
22528	0.0004976637319
22529	0.007471127523
22530	0.004367315603
22531	0.005187620379
22532	0.001721522232
22533	0.0001896221954
22534	0.0005062731784
22535	0.00106196589
22536	0.0005326586557
22537	0.001393428622
22538	0.007158106612
22539	0.005006592898
22540	0.001547145267
22541	0.0005833622721
22542	3.745035444e-05
22543	0.0007989059745
22544	0.0005648531711
22545	0.0002582619689
22546	0.002721283248
22547	0.0007772961517
22548	0.009738973391
22549	0.0001063549428
22550	0.02345063514
22551	0.008878565662
22552	0.004058166882
22553	0.0003664158506
22554	0.0002820905695
22555	0.0009458708571
22556	0.003030479923
22557	3.302398563e-05
22558	0.008020102935
22559	0.0007117019175
22560	0.001970557066
22561	0.001710884897
22562	0.0007493867376
22563	0.0003114236332
22564	0.001960044346
22565	0.000489795554
22566	0.004205189064
22567	0.000632307585
22568	0.001190655962
22569	0.01184028317
22570	0.0007505537885
22571	0.0001545619331
22572	0.0004919394726
22573	0.0003186231981
22574	0.001358895591
22575	0.0002945155208
22576	3.710652552e-05
22577	0.0002513249064
22578	0.00329870456
22579	0.001958471178
22580	0.003228163388
22581	0.01505472856
22582	0.007735012213
22583	0.0009046343153
22584	0.000860110719
22585	0.01312170897
22586	0.001093588198
22587	0.0009741993702
22588	0.000433090811
22589	0.00305873902
22590	0.0004835631055
22591	0.01066989198
22592	0.01635013957
22593	0.0007290682398
22594	0.0001620932168
22595	0.006752772372
22596	0.00733337414
22597	0.002267775835
22598	0.0004686608643
22599	0.0001739942912
22600	6.69084109e-05
22601	0.001009695121
22602	0.001124790313
22603	0.002319234707
22604	0.001393987462
22605	0.001563602829
22606	0.0001457749592
22607	0.003905101007
22608	0.001170459199
22609	0.0003153554381
22610	0.000108110646
22611	0.001782974266
22612	0.0004795380584
22613	0.0008644403375
22614	0.001852673586
22615	0.002137136496
22616	6.734162622e-05
22617	0.00014993982
22618	0.006609758353
22619	0.0003637630181
22620	0.0001134949219
22621	0.0006984968921
22622	0.0009221512413
22623	0.0004709392576
22624	0.0003432359885
22625	0.001707175179
22626	0.00955374458
22627	0.001183003992
22628	0.007357025281
22629	0.001949719391
22630	0.01166142546
22631	0.0005200312757
22632	0.001038350959
22633	0.001355765684
22634	0.001816891598
22635	0.00714677185
22636	0.01076969585
22637	0.002242118237
22638	0.01534273262
22639	0.0008963498806
22640	0.0002013818988
22641	0.0006188770752
22642	0.002612279136
22643	0.01215279044
22644	0.01238845524
22645	0.006995191878
22646	0.001145674362
22647	0.000732715238
22648	0.001778101174
22649	0.003516348648
22650	0.000311148793
22651	0.0004821939946
22652	0.0001173539129
22653	0.01729650686
22654	0.0003688267506
22655	0.0004719205873
22656	0.002565644092
22657	0.01012918519
22658	0.0005886105232
22659	0.002736529502
22660	0.009504927964
22661	0.0007755723011
22662	0.002513804577
22663	0.02665704548
22664	0.0003553180032
22665	1.368184658e-05
22666	1.844429695e-06
22667	0.0001458453316
22668	0.004692642732
22669	0.0005146894112
22670	0.000156471487
22671	0.01055538772
22672	0.000222751554
22673	0.0002896825619
22674	0.002324065494
22675	0.003412078605
22676	0.0008782723898
22677	0.004195001171
22678	0.0005866158246
22679	0.003891604788
22680	0.0009082521706
22681	0.006252252648
22682	0.0007503843697
22683	0.007180941448
22684	0.001159114483
22685	0.0003965860692
22686	0.006341122034
22687	0.00787110296
22688	0.008954688316
22689	0.01065467808
22690	0.001389197184
22691	4.266837087e-05
22692	0.0004498673559
22693	0.003381773039
22694	0.0004741807836
22695	0.001897347594
22696	0.01111372491
22697	0.005851576396
22698	0.000584511847
22699	8.566327517e-05
22700	0.0006463016414
22701	0.003281187545
22702	0.0001880332001
22703	0.006659455856
22704	0.005892323629
22705	0.001139591784
22706	0.0002416958308
22707	0.001788058262
22708	0.003120526667
22709	0.009226876102
22710	2.468775241e-06
22711	0.0007273140947
22712	0.02251821987
22713	0.007052894526
22714	0.0004839234201
22715	0.01191539067
22716	0.0001843387907
22717	0.000353678358
22718	0.005917426181
22719	0.0005337972849
22720	0.003405255179
22721	0.001001470984
22722	0.0004093565285
22723	3.599893838e-05
22724	0.01812993359
22725	0.01061322404
22726	0.0001785378687
22727	0.006081075229
22728	0.005692760585
22729	0.00126046424
22730	0.003518501467
22731	0.000716084863
22732	0.0004105272813
22733	0.002316856824
22734	0.0006257315447
22735	0.006453597656
22736	0.02116819992
22737	0.003568022606
22738	0.0002073745931
22739	0.0002717308838
22740	0.001989734351
22741	0.0006712989724
22742	0.01724740866
22743	0.005095858026
22744	0.001393047084
22745	9.906876589e-06
22746	0.003444076395
22747	0.00118438434
22748	0.005039191518
22749	0.007978480731
22750	0.0001902002744
22751	0.0002606441379
22752	0.0007670321766
22753	0.0126251159
22754	0.004178544031
22755	0.01993329558
22756	0.003993636901
22757	0.01909353446
22758	0.000424874935
22759	0.0006330399391
22760	0.001364832163
22761	0.0001237239195
22762	0.0008537684216
22763	0.002027372807
22764	0.001002509775
22765	0.001527636801
22766	0.006456404863
22767	0.00148285825
22768	0.002640744893
22769	0.01239793771
22770	0.003880219447
22771	0.002059582115
22772	0.008842978017
22773	0.0007830911184
22774	0.009578500994
22775	0.004582763513
22776	0.0002997570215
22777	0.001079495918
22778	0.001189629218
22779	1.579410496e-05
22780	0.0009596472235
22781	0.000454818406
22782	0.002472264908
22783	0.003367130543
22784	0.00489742882
22785	0.0005226872851
22786	0.009162852814
22787	0.002261525994
22788	0.0002840033793
22789	0.01055973628
22790	0.004010201599
22791	0.001060053863
22792	0.001986102336
22793	0.001691379851
22794	0.0008979842066
22795	0.002189331761
22796	0.004841636531
22797	0.008385881377
22798	0.0008207498026
22799	0.0001788172771
22800	0.0004008657356
22801	0.00071264734
22802	0.004568254602
22803	0.0002279060533
22804	0.0153030758
22805	0.01617932771
22806	0.0007834542906
22807	0.0006912479277
22808	0.0009488591399
22809	0.001053819422
22810	0.007334410289
22811	0.0005930015069
22812	0.0007621655194
22813	0.0111710519
22814	0.0006853529723
22815	0.000705373124
22816	0.0007204882718
22817	0.001080779253
22818	0.001221441522
22819	0.003986221802
22820	0.001361189144
22821	0.002674560772
22822	0.0045165851
22823	0.001005212889
22824	0.002025918928
22825	0.004722361589
22826	0.0007085545288
22827	0.0005786474848
22828	0.0004770487634
22829	0.0004212625533
22830	0.007239175139
22831	0.001489299865
22832	0.0009801034262
22833	0.01165915425
22834	0.0008587690759
22835	0.001388169114
22836	0.00392230514
22837	0.0005047164053
22838	0.0006432973517
22839	0.004120210006
22840	0.0004650307519
22841	0.003864410689
22842	0.000247134498
22843	0.0003200569456
22844	5.21409178e-05
22845	0.001921136051
22846	0.01234920057
22847	0.0009271998095
22848	0.001698236225
22849	0.0108462955
22850	0.0003419466383
22851	0.01491363528
22852	0.0008244411108
22853	0.00106814763
22854	0.0002739479799
22855	0.00107395417
22856	0.002008388814
22857	0.0002044395098
22858	0.0006729919433
22859	0.0005559568366
22860	0.004188651379
22861	0.000244988163
22862	0.0002729927822
22863	0.01240987838
22864	0.0001171536877
22865	0.0007527076897
22866	0.009370976575
22867	0.0001934837062
22868	0.002356972381
22869	0.008010573496
22870	5.511668672e-05
22871	0.001864050751
22872	0.0007243562474
22873	0.009411729966
22874	0.005397382483
22875	0.0003331895474
22876	2.549072417e-05
22877	0.0002514279553
22878	0.005705667629
22879	0.01356236433
22880	0.005408487611
22881	0.007290798678
22882	8.214838516e-05
22883	0.0005847666416
22884	0.005654604891
22885	0.0007141448589
22886	0.0002834199225
22887	0.0005412096715
22888	0.0007784291593
22889	0.000203499961
22890	0.01658240018
22891	0.002655789444
22892	0.0006446404907
22893	0.02483979382
22894	0.01495725118
22895	0.0005612953886
22896	0.001166176657
22897	0.001398807852
22898	0.0003440470152
22899	0.00198221844
22900	0.0004095406425
22901	0.0009609002394
22902	0.007576583816
22903	0.0003907188243
22904	0.00663704333
22905	0.0003207976451
22906	0.009483275373
22907	4.701909628e-05
22908	0.006591599986
22909	0.007856254064
22910	0.006873072267
22911	8.329058626e-05
22912	0.001823108861
22913	0.008470830444
22914	0.0003331070752
22915	0.002712094847
22916	0.01033920641
22917	0.005218068974
22918	0.004485771374
22919	0.0004463782697
22920	0.004309354527
22921	0.0008102315809
22922	0.0008656405832
22923	0.0001844916201
22924	0.00622963041
22925	0.003795119994
22926	0.0001571744997
22927	0.002974567646
22928	0.003524308966
22929	0.004463967803
22930	0.00288217868
22931	0.006441242483
22932	0.006069491126
22933	0.004096566755
22934	0.002970320197
22935	0.002893712395
22936	0.0005415451428
22937	0.001346233347
22938	8.206914093e-05
22939	0.005862092108
22940	0.004696523495
22941	0.0009704786786
22942	0.003311985765
22943	0.0006439440403
22944	0.0002514066546
22945	0.001647398877
22946	6.590750981e-05
22947	0.0007001459428
22948	0.001125718607
22949	4.788820865e-05
22950	0.00981131586
22951	0.0001241434661
22952	0.0007980345612
22953	0.00118129878
22954	0.004242832739
22955	0.00113378065
22956	0.007804706971
22957	0.004234752578
22958	0.00483568807
22959	0.0002887191617
22960	0.002713195628
22961	0.0002545731382
22962	0.001940495686
22963	0.002298971761
22964	0.005474984609
22965	0.003543275334
22966	0.002426226002
22967	0.002048184399
22968	0.001731719347
22969	0.0003520358756
22970	0.004253956177
22971	0.0002673488122
22972	0.001553634613
22973	0.003529026433
22974	0.0007158358758
22975	0.0003805453143
22976	0.0007539615828
22977	0.0008069608336
22978	0.001569655697
22979	8.956882519e-05
22980	0.003560760742
22981	0.01861916363
22982	0.0004599803803
22983	0.001450672924
22984	0.0008251832547
22985	0.01071639474
22986	0.004591665028
22987	0.01432086019
22988	9.070039677e-05
22989	0.000729910478
22990	0.00886289308
22991	0.001894835863
22992	0.0001436633003
22993	0.0006665946108
22994	0.0002737008254
22995	0.001348356874
22996	0.000638891214
22997	0.0007972453164
22998	0.007478191647
22999	0.001818287253
23000	0.001224770036
23001	0.0002072745764
23002	8.843300147e-05
23003	0.02265479188
23004	0.01719694042
23005	0.005156069349
23006	0.001896947988
23007	0.0003606583348
23008	0.0009763091444
23009	0.001894944563
23010	0.006549430321
23011	0.01109962247
23012	0.006112131333
23013	0.01167671279
23014	0.01469185899
23015	0.01108812692
23016	0.03365444548
23017	0.01019459036
23018	6.165313401e-06
23019	0.0005620562041
23020	0.0003855717825
23021	0.004599348233
23022	0.001739998525
23023	0.0003433217926
23024	0.0002529630284
23025	0.001026260078
23026	0.001590336897
23027	0.007860219492
23028	0.003405112221
23029	0.007707602459
23030	0.000475964579
23031	0.006325702456
23032	0.001700666944
23033	0.0006209493243
23034	0.0004374546548
23035	0.000125310544
23036	0.001001114901
23037	0.000755025914
23038	0.001988612229
23039	0.0001433680757
23040	0.0001076927115
23041	0.0008736751164
23042	0.001249127161
23043	0.001312128542
23044	0.0009485702933
23045	0.00069740851
23046	0.0009830616603
23047	0.00137475715
23048	0.005165060018
23049	0.0132372948
23050	0.01118529544
23051	0.001537030398
23052	0.000288981241
23053	0.003186740161
23054	0.001066703623
23055	0.0001923924888
23056	0.002320062383
23057	0.001327199263
23058	8.209429271e-05
23059	0.008286781851
23060	0.002640390122
23061	0.002741645073
23062	0.0077271538
23063	0.0003522672042
23064	0.001918463928
23065	0.0009172211785
23066	0.002620097656
23067	0.0005757954833
23068	0.02006807826
23069	0.00113058451
23070	0.0002849448182
23071	0.0004758837261
23072	0.000523039804
23073	0.005954559085
23074	0.0004582988871
23075	0.0001795300315
23076	0.0005302181423
23077	0.001341846853
23078	0.000404484904
23079	0.0004700734185
23080	0.001617735849
23081	0.001944620615
23082	0.00350308936
23083	0.001158523156
23084	0.01358631734
23085	0.0004468621871
23086	0.009048629686
23087	0.0006886454838
23088	0.001446133067
23089	0.0006069169709
23090	0.006752934442
23091	1.325992839e-05
23092	0.006195767074
23093	0.001760773474
23094	0.002820348828
23095	0.005070178566
23096	0.01064942552
23097	0.001288294808
23098	1.210487129e-05
23099	0.009887180403
23100	0.001785025959
23101	0.004659099074
23102	0.002195055545
23103	0.00239182751
23104	0.00108799647
23105	0.00278635248
23106	0.002222196193
23107	0.007925881917
23108	0.0005790788693
23109	0.01536473272
23110	0.001383764766
23111	0.0005912556672
23112	0.0002754479767
23113	0.0006405685586
23114	0.001488111447
23115	5.058460818e-05
23116	0.0009423512631
23117	0.001414506577
23118	0.002140295164
23119	0.0003415693221
23120	0.0001542889573
23121	7.48607774e-05
23122	2.632130869e-05
23123	0.0007001726802
23124	0.01295424626
23125	0.001277987768
23126	0.001088159409
23127	0.002488013851
23128	0.00532474727
23129	0.0008512300211
23130	0.0005906800454
23131	0.00682637481
23132	0.01047362534
23133	0.001247502877
23134	0.01002584272
23135	0.009956803441
23136	0.0004906669179
23137	0.0001907126941
23138	8.096839222e-05
23139	0.0009044402852
23140	0.005001734305
23141	0.0005477390865
23142	0.0007696453138
23143	0.0005766213266
23144	0.001934266067
23145	0.001150969119
23146	0.0005529690079
23147	0.005199230886
23148	8.625290287e-05
23149	0.0008499360809
23150	0.000607834926
23151	0.02663329641
23152	0.0002233662687
23153	0.000106435103
23154	0.0005174462997
23155	0.0006235917784
23156	0.006697332759
23157	0.0008618662642
23158	0.0008270577203
23159	0.0006935132652
23160	0.001446002386
23161	0.002668272412
23162	0.0005549896244
23163	0.004077412986
23164	0.001131597153
23165	0.0004089444459
23166	0.0008120258857
23167	0.0003953817475
23168	0.02018241625
23169	0.0003403556985
23170	0.002989088671
23171	0.01650696978
23172	0.002336226126
23173	0.0009339961344
23174	0.00726870937
23175	0.002342243575
23176	0.0002204746647
23177	0.02303471585
23178	0.003084325259
23179	0.002187840726
23180	0.000509551427
23181	0.01288642551
23182	0.0008520199348
23183	0.0001615110468
23184	0.005833028796
23185	0.0197414202
23186	0.0009885061756
23187	0.001605119805
23188	0.01129824432
23189	0.001712619376
23190	0.006393556169
23191	0.004706905489
23192	0.001272309141
23193	0.001109078333
23194	0.0007331703533
23195	0.00252203251
23196	0.001066621567
23197	0.001821685125
23198	0.008193966253
23199	0.0002933098896
23200	0.0004348913907
23201	0.001288708577
23202	0.0008139794286
23203	0.002602199852
23204	0.0001844783114
23205	0.01438116279
23206	0.002420276313
23207	0.0005652548741
23208	0.0002356041529
23209	0.004762655784
23210	0.0004104880419
23211	0.002182048679
23212	0.001096702001
23213	0.0002800604136
23214	0.001395370989
23215	0.001343810565
23216	0.00180099311
23217	0.00424111136
23218	0.001271439475
23219	0.00229588834
23220	0.001063432974
23221	0.007591560851
23222	0.001318371027
23223	0.001974774899
23224	0.0003815274378
23225	0.0006815224788
23226	2.597151939e-05
23227	0.005752957639
23228	0.007103030615
23229	0.003024523819
23230	0.003640115909
23231	0.00384083868
23232	0.003915436825
23233	0.003327068669
23234	0.001893831451
23235	0.0004144697518
23236	0.002092659408
23237	0.0008891502877
23238	0.0007650761497
23239	0.005311182924
23240	0.001060724247
23241	0.001233794692
23242	0.0006481825759
23243	0.01333527278
23244	0.001458410492
23245	0.01549354784
23246	0.00469655243
23247	3.323599904e-05
23248	0.0002415547949
23249	0.0005401603485
23250	0.003629753805
23251	0.0006317057403
23252	0.004628492144
23253	0.0009170280175
23254	0.001289105615
23255	0.01537699644
23256	0.007950915443
23257	0.0003766357109
23258	0.003868633964
23259	0.01489770211
23260	0.002668644456
23261	0.005736770524
23262	0.0106764794
23263	0.002312013851
23264	4.317637295e-05
23265	0.005759629246
23266	0.004231865705
23267	0.009937385408
23268	0.003881477464
23269	0.0002727430738
23270	3.06137432e-05
23271	0.0007099277439
23272	0.0003806775129
23273	0.003381499543
23274	0.002570662934
23275	0.0004328029956
23276	0.0008561391563
23277	0.0005224431797
23278	0.0009938873658
23279	0.001279870222
23280	7.7837724e-05
23281	0.009923399732
23282	0.0007902976283
23283	0.001859129261
23284	0.002056790214
23285	0.001154053802
23286	0.006397599212
23287	0.0007827434455
23288	7.977672426e-05
23289	0.0002861675646
23290	0.001326419493
23291	0.0008201191486
23292	0.02669225515
23293	0.001413067354
23294	0.0008803818175
23295	0.0001059161096
23296	0.0005452522996
23297	0.0003709311915
23298	0.0002911187338
23299	0.02248010992
23300	0.003238665843
23301	0.01044246748
23302	0.01264447673
23303	0.002191586183
23304	0
23305	0.001189780308
23306	0.007965344013
23307	6.446373888e-05
23308	0.0003945857744
23309	0.0006890603256
23310	0.002222067635
23311	0.001506884458
23312	0.0004436736788
23313	0.001574162726
23314	0.0004660138488
23315	0.02486078662
23316	0.0001852250295
23317	0.0002457452322
23318	0.003979142726
23319	0.000362993954
23320	0.002066874857
23321	0.0009632741362
23322	0.01108139244
23323	0.0004697559539
23324	0.001759245464
23325	0.001094779776
23326	0.0007100011888
23327	0.003834137859
23328	0.01742822992
23329	0.0008052720613
23330	0.02087541257
23331	0.005169510526
23332	0.0002560375741
23333	0.001294984193
23334	0.002274600742
23335	0.0002953821784
23336	0.01400723703
23337	0.001222824936
23338	0.0004270409022
23339	1.441969595e-05
23340	0.00345726817
23341	0.008763157181
23342	0.0002218094722
23343	0.0005825982211
23344	0.002082993686
23345	0.0003708699401
23346	0.0007627825577
23347	0.002087965361
23348	0.0001914314835
23349	0.001226091468
23350	0.002335230913
23351	0.0009132875165
23352	0.001674206793
23353	0.000535920638
23354	0.0002446139527
23355	0.0003288909245
23356	2.252512187e-05
23357	0.00605025719
23358	0.001175614295
23359	3.765854593e-05
23360	0.002352343188
23361	0.0002370626304
23362	0.0005646728857
23363	0.0001589306345
23364	0.0008338975714
23365	0.0005933615782
23366	4.470315729e-05
23367	0.0001871541544
23368	0.003571702328
23369	0.001021256468
23370	7.977989787e-05
23371	0.00776603273
23372	0.002615032569
23373	0.01348446119
23374	0.003285016009
23375	0.007108558128
23376	0.002211975694
23377	0.00240263798
23378	0.0007532488384
23379	0.005486804371
23380	0.001730988649
23381	0.000417006784
23382	0.0005531560544
23383	0.0007441653112
23384	0.0003000456585
23385	0.0008405648191
23386	0.002799811292
23387	0.0001314408358
23388	0.0001360709363
23389	0.0004855148621
23390	1.135629663e-05
23391	8.646488711e-05
23392	0.001740674713
23393	0.00106972208
23394	0.01332787969
23395	0.01416301785
23396	0.003548603879
23397	0.0002232105402
23398	0.005533749544
23399	0.0006132347639
23400	0.002890745863
23401	0.003847981624
23402	0
23403	0.005236205473
23404	0.0008187559461
23405	0.00535652928
23406	0.0002645043287
23407	0.005839462798
23408	0.0122746644
23409	0.0009064260136
23410	0.01123419568
23411	0.002519879637
23412	0.01254578051
23413	0.02068907235
23414	0.0007357042159
23415	0.004790681634
23416	0.001091891687
23417	3.179592324e-05
23418	0.004333078331
23419	0.00166303418
23420	0.007476398357
23421	0.001556678913
23422	0.0005726862533
23423	0.006009241108
23424	0.0002181517375
23425	0.0004946670357
23426	0.002187034664
23427	0.0007745176697
23428	0.0002874266372
23429	0.001131459942
23430	0.001351349479
23431	0.0004808553903
23432	0.002424008028
23433	0.003347053954
23434	0.001055218994
23435	0.002389909091
23436	6.916821734e-05
23437	0.001693589849
23438	0.0004734046707
23439	0.0002487498266
23440	0.00111950969
23441	0.01604515766
23442	0.001636981129
23443	0.003054286074
23444	0.0005185320015
23445	0.0002868688361
23446	0.001247438818
23447	0.00101115621
23448	0.0008801964796
23449	0.0003488650836
23450	0.01218104527
23451	6.943732249e-05
23452	0.001573289561
23453	0.006380982987
23454	0.001381886488
23455	0.005544943412
23456	0.02719200778
23457	7.893344854e-05
23458	0.0006751003903
23459	0.0001630615892
23460	0.02354487117
23461	0.0003934268849
23462	0.01789042436
23463	0.004957794509
23464	0.005229505897
23465	0.006271344182
23466	0.0004388015432
23467	0.008524720617
23468	0.01491993945
23469	0.001268578426
23470	0.0007743547724
23471	0.005623036129
23472	0.003087241296
23473	0.00097871136
23474	0.001095215728
23475	0.0006245856465
23476	0.002237394613
23477	0.001036204012
23478	0.01657552472
23479	0.002094757161
23480	0.001829502792
23481	0.01450017758
23482	0.008993882292
23483	0.00283529314
23484	0.02602280945
23485	0.001394405824
23486	0.0002287142938
23487	0.0005780604223
23488	0.0004949661542
23489	0.003875724503
23490	0.003055591221
23491	2.364141262e-05
23492	0.0007676335244
23493	9.837904665e-05
23494	0.00253666242
23495	0.0007465066036
23496	0.005104292662
23497	1.406922424e-05
23498	0.0005175555938
23499	0.0005538345537
23500	0.0007480385443
23501	0.002544966536
23502	0.0005989670831
23503	3.842916455e-05
23504	0.0007489313088
23505	0.001788946709
23506	0.002795554688
23507	0.0009312778892
23508	0.008021692288
23509	0.0008909675069
23510	0.01319684583
23511	0.0003613503177
23512	0.001258438215
23513	0.001287824964
23514	0.001700925865
23515	0.0003222806913
23516	0.000921930522
23517	4.358933502e-05
23518	0.001413255912
23519	0.0005232507658
23520	0.002156331802
23521	0.0004734759743
23522	0.00370140234
23523	0.00174192177
23524	0.008126150227
23525	0.0005013389165
23526	0.0107594099
23527	0.00083153615
23528	0.0005874188114
23529	0.0003485979115
23530	0.0007491599986
23531	0.006470410257
23532	0.000515971874
23533	0.004997537664
23534	0.001661535036
23535	0.0004875578898
23536	0.003964634662
23537	0.001009666985
23538	0.0009667889867
23539	0.0005252204709
23540	0.0001314677867
23541	0.004311199936
23542	0.01532183926
23543	0.01176915966
23544	0.000426139435
23545	0.001233201626
23546	0.001676071817
23547	0.001796056158
23548	0.0004120738187
23549	0.0001765945601
23550	0.006241883751
23551	0.008053040013
23552	0.000103617081
23553	0.001392505027
23554	0.00716564434
23555	0.001992036236
23556	0.0004770098233
23557	0.001022528999
23558	0.0006285719416
23559	0.002302641606
23560	0.005477955285
23561	0.0004184851614
23562	0.0001168368622
23563	0.0009420644375
23564	0.001659950285
23565	0.001628988495
23566	0.001897363037
23567	0.0042921932
23568	0.0002133772821
23569	0.0009771359896
23570	0.01666096175
23571	0.001437728795
23572	0.01897624868
23573	0.01480457523
23574	0.0003036819745
23575	0.002794838182
23576	1.473047127e-05
23577	0.01195264565
23578	0.000599300586
23579	0.0007375816927
23580	8.416508529e-05
23581	0.003086184395
23582	0.001462259897
23583	0.005604277519
23584	6.894151961e-05
23585	0.001952230975
23586	0.001050543676
23587	0.0007615574341
23588	0.00186893598
23589	0.001852270667
23590	0.0001719041517
23591	0.001572323387
23592	0.0005924844028
23593	0.0006143171806
23594	0.001214310053
23595	0.0006631119694
23596	0.003104475253
23597	0.001172890276
23598	0.005804057345
23599	0.006272848965
23600	0.0009959103867
23601	0.002994508049
23602	0.001578689047
23603	0.0008729383467
23604	0.001931064056
23605	0.0007243702056
23606	0.001542912972
23607	0.003474684448
23608	0.0003874566285
23609	4.233801903e-05
23610	0.004486843674
23611	0.0008816790815
23612	0.004172510342
23613	0.0008722040577
23614	0.0001609277362
23615	6.207378826e-06
23616	0.007203580568
23617	0.0002957348551
23618	0.001839967563
23619	0.0006409904694
23620	0.004877529821
23621	0.0005014735304
23622	0.001520279119
23623	0.006524261585
23624	0.0004411660013
23625	0.0003953532644
23626	0.007699737496
23627	0.008482817303
23628	0.002790844556
23629	0.02308700003
23630	0.001118297419
23631	0.0002099615837
23632	0.0003287694177
23633	0.00700282255
23634	0.0003716136031
23635	0.003634585677
23636	0.0005558823805
23637	0.001510009209
23638	0.0009916382144
23639	0.002848600841
23640	0.0001118201122
23641	0.0006070364508
23642	0.001452361783
23643	0.000211642076
23644	0.002410085479
23645	0.01029938132
23646	0.02380715836
23647	0.0003779869147
23648	0.006854823372
23649	0.01259514468
23650	0.001101889356
23651	0.0003685751731
23652	0.02410771095
23653	0.0005723795175
23654	0.0004486882163
23655	0.0001408362487
23656	0.000497877107
23657	0.002121624735
23658	0.007252058852
23659	0.003185597378
23660	0.003952628445
23661	0.005454974455
23662	0.003741046423
23663	0.006367774763
23664	0.0002678370858
23665	0.0005291014614
23666	0.0001288919232
23667	0.01752334704
23668	0.003478477122
23669	0.0002954536458
23670	0.000315410559
23671	0.01192987024
23672	0.001350653882
23673	0.0009228540419
23674	0.01776517773
23675	0.002333679839
23676	0.0002574010879
23677	0.007050310119
23678	0.002878492155
23679	0.003871863096
23680	0.0001546551563
23681	0.000789262474
23682	0.003928323273
23683	0.006848132045
23684	0.007529340628
23685	0.003898583462
23686	0.01372916179
23687	0.004428762013
23688	0.0006897875065
23689	0.01435752832
23690	0.002199617016
23691	0.002144733972
23692	0.001792549883
23693	0.01488968662
23694	0.001908751995
23695	0.007374316131
23696	0.0008904503134
23697	0.0012397679
23698	0.02945983719
23699	0.0002920614138
23700	0.0008692678907
23701	4.607190078e-05
23702	1.710566459e-05
23703	0.003323212181
23704	0.003489746325
23705	0.0003573012494
23706	0.001893011387
23707	0.0007537907488
23708	0.0007845991795
23709	0.008136388548
23710	0.002776166336
23711	0.0002744300676
23712	0.001966464939
23713	0.0003070506251
23714	0.002158470839
23715	0.004415696042
23716	0.01075497702
23717	0.00635265197
23718	0.001608689403
23719	0.000408858757
23720	0.001186103352
23721	0.008381835328
23722	0.002129897821
23723	0.008012895022
23724	0.0001503768441
23725	0.004210293985
23726	9.208158327e-05
23727	0.0002254552541
23728	0.0100461328
23729	0.0001144782097
23730	0.0002444020057
23731	0.001735304212
23732	0.001821389103
23733	9.234770462e-05
23734	0.004357239296
23735	0.007392976622
23736	0.003718768061
23737	0.0003184472965
23738	0.001449574805
23739	0.00106495955
23740	0.001386853194
23741	0.00198832762
23742	0.008809171389
23743	0.001690820782
23744	0.001652684876
23745	0.003157705332
23746	0.00235794388
23747	0.02205492143
23748	4.288196363e-05
23749	0.0001174130618
23750	0.002900585403
23751	0.01231799255
23752	0.006177748938
23753	0.004130500843
23754	0.00104339027
23755	0.001159112386
23756	0.01079695773
23757	0.002025538292
23758	0.003070477721
23759	0.0006989643489
23760	0.004136198566
23761	0.0002493444188
23762	0.0007033117055
23763	0.001506637233
23764	0.0002829884211
23765	0.001100717228
23766	0.0004992728211
23767	0.001017313468
23768	0.0002751829726
23769	0.00110204551
23770	0.008984961942
23771	0.004937121937
23772	0.002591984257
23773	0.002828158275
23774	0.0008516150564
23775	0.003102546213
23776	0.0009233212203
23777	0.001059808159
23778	0.008357525935
23779	0.002388039555
23780	0.0007678005042
23781	0.000788395658
23782	0.002188887595
23783	0.0005421640863
23784	0.0002319895955
23785	0.008324439879
23786	0.0006630045675
23787	0.0002238815145
23788	0.0001380359325
23789	0.004397356436
23790	0.002891338484
23791	0.001856336013
23792	0.0005309819337
23793	5.559577262e-05
23794	0.0005461542924
23795	0.001263841907
23796	0.002430566444
23797	0.002714465448
23798	0.007445753694
23799	0.0007249799736
23800	0.0001254280569
23801	0.0008077059901
23802	0.0001079683272
23803	0.0003821671821
23804	0.0007607239705
23805	0.001064406316
23806	0.0006013872041
23807	0.004936181226
23808	0.000806484375
23809	0.0004558412485
23810	0.001424741594
23811	0.0002826341955
23812	0.008276756819
23813	0.001603612611
23814	0.0004837617383
23815	0.007139900922
23816	0.005861767136
23817	0.004223324522
23818	0.0001297834561
23819	0.01128524475
23820	0.0008245769448
23821	0.0008511703483
23822	0.001070300206
23823	0.0004829912436
23824	0.002335573095
23825	0.001358249722
23826	0.0003554787869
23827	0.0003297249455
23828	0.0004907678154
23829	0.001081392688
23830	0.002743274193
23831	0.0004529808063
23832	0.0008924579151
23833	0.001445476471
23834	0.0001086005435
23835	0.001978010308
23836	0.001448170044
23837	0.0004333617345
23838	0.0003502741443
23839	0.0004752164244
23840	0.001028995646
23841	0.008538599313
23842	0.01488989492
23843	0.001130765323
23844	0.001007059198
23845	0.001071094947
23846	0.00326609827
23847	1.407448967e-05
23848	6.762781861e-05
23849	0.00676340268
23850	0.01160348334
23851	0.0008903150809
23852	0.00138189431
23853	0.0004428804604
23854	0.001525854283
23855	0.00275769628
23856	0.01795766598
23857	0.01161097673
23858	0.0003989812372
23859	0.0003149744078
23860	0.0006302627744
23861	0.001095865952
23862	0.004650203475
23863	0.005003404071
23864	0.0005038396049
23865	0.003097976915
23866	0.0006317642776
23867	0.006742328556
23868	0.006636653563
23869	0.0005859779141
23870	0.0002560671687
23871	0.01009366132
23872	0.004051100939
23873	0.001924370382
23874	0.002172359539
23875	0.0002457349219
23876	0.0001796007288
23877	7.164017268e-05
23878	0.001025435697
23879	1.780225439e-05
23880	7.719960189e-05
23881	0.0008158645288
23882	0.0004405806433
23883	0.002194411672
23884	0.0002618683316
23885	0.01078562327
23886	0.003695624565
23887	0.0005362809214
23888	0.002249100854
23889	0.0007158000298
23890	0.001494872547
23891	0.001729427046
23892	0.007024357261
23893	0.009219563468
23894	0.0005444602259
23895	0.0005829861841
23896	0.002288248011
23897	0.00114213724
23898	0.002879107816
23899	0.006853415451
23900	0.005806156205
23901	0.009071408531
23902	0.0004489178524
23903	0.006213961061
23904	3.220759358e-05
23905	0.002510736169
23906	0.0118638295
23907	0.0009909005622
23908	0.0005189691793
23909	0.0003835695417
23910	0.00531694575
23911	0.009178377376
23912	0.02348655153
23913	0.0004829665667
23914	0.001562928969
23915	0.001062276287
23916	0.00125265916
23917	0.0004154910098
23918	0.009705079011
23919	0.0006432980411
23920	0.0004973578965
23921	0.003808932766
23922	0.0001018546427
23923	0.0005940369244
23924	0.00292607557
23925	0.003694996459
23926	0.005727719142
23927	0.002258426058
23928	0.0003499044608
23929	0.0006495810084
23930	5.071884741e-05
23931	0.007288220699
23932	0.0006230739258
23933	0.0001503859475
23934	0.001487461865
23935	0.0003816510688
23936	0.0007061842167
23937	0.001042310968
23938	0.0008646218115
23939	0.009401459686
23940	8.504663717e-05
23941	0.006838322763
23942	0.00261201182
23943	0.001421850986
23944	0.001798045785
23945	0.0009902749367
23946	0.01446655018
23947	0.0007760578333
23948	0.005505591725
23949	0.005051563291
23950	0.0007852278683
23951	0.00107204019
23952	0.000538857579
23953	0.000565600609
23954	0.0006744784926
23955	0.004384263893
23956	0.002162433762
23957	0.0006491938996
23958	0.0008556232021
23959	0.0004864430465
23960	0.01441202824
23961	0.0005150452055
23962	0.001157087192
23963	0.001064375498
23964	0.008310909157
23965	0.0006591843952
23966	0.001600670011
23967	0.003236469995
23968	9.948251534e-05
23969	0.0006052305504
23970	0.0003738618943
23971	0.001147329318
23972	0.01377276613
23973	0.0004564162015
23974	0.0008011325959
23975	0.0001548871778
23976	0.01834105576
23977	0.0003565394654
23978	0.001150583021
23979	0.0009838748178
23980	0.0003970654914
23981	0.01726914179
23982	0.0002467745307
23983	0.0001018757967
23984	0.006104825647
23985	0.01272797345
23986	0.001077053899
23987	0.000662942901
23988	0.0005187068133
23989	0.001220865741
23990	0.003553060953
23991	0.0003167296913
23992	0.0006374388711
23993	0.001262817645
23994	0.004159677139
23995	0.0008273576715
23996	0.00154115096
23997	0.0008257964077
23998	0.0008988858683
23999	0.003173879149
24000	0.001074456274
24001	4.901201743e-05
24002	0.02631604475
24003	0.0009390668232
24004	0.0005351337454
24005	0.001741464621
24006	0.003849811834
24007	0.02509443153
24008	0.007426963077
24009	0.02829201177
24010	0.001192606236
24011	0.001973243429
24012	0.0211324373
24013	0.002037103116
24014	0.01083432726
24015	0.004611462572
24016	0.0005120382305
24017	0.0006909608859
24018	0.02345014816
24019	0.001547011495
24020	0.007849136032
24021	0.006138601464
24022	0.001134577741
24023	0.0003581866106
24024	0.0005637481375
24025	0.004866890777
24026	0.0006165301752
24027	1.358725424e-05
24028	0.0006834468508
24029	0.0006544137902
24030	0.001088109309
24031	0.000603692535
24032	0.0005951936869
24033	0.001422960446
24034	0.0008886274038
24035	0.0007081024579
24036	0.003181199335
24037	0.001782161792
24038	0.001058622995
24039	0.0005773341542
24040	0.001367433216
24041	0.001199881416
24042	0.001117722395
24043	7.769342494e-05
24044	0.0002024876809
24045	0.0006263854148
24046	0.001161750749
24047	0.001981274188
24048	0.0004342359748
24049	0.01588957103
24050	0.0006655429079
24051	0.0003634046217
24052	0.01227590037
24053	0.0002629819638
24054	0.0008533052396
24055	0.003421745459
24056	0.0002957776977
24057	0.001131293945
24058	0.0002557770454
24059	0.00198866073
24060	0.004251604329
24061	0.009107894786
24062	0.0001452827688
24063	0.001034947917
24064	0.003171034794
24065	0.005404749633
24066	0.01709506899
24067	2.864128605e-06
24068	0.0001839998002
24069	0.01010308785
24070	0.0001161478534
24071	0.002670238274
24072	0.0003201776234
24073	0.0007337541478
24074	0.0006213417929
24075	0.01004126316
24076	0.001149488034
24077	0.006544883645
24078	0.002141974659
24079	0.004482325941
24080	0.00937765979
24081	0.001112293174
24082	0.0001191993498
24083	3.669630699e-05
24084	0.00526924705
24085	0.0006285351804
24086	0.00442972357
24087	0.0003385834446
24088	0.0008310318336
24089	0.0001631919652
24090	0.003432677986
24091	0.0004857371114
24092	0.0004164454077
24093	0.000794150963
24094	0.0002999672168
24095	0.0003985247389
24096	0.0009653597513
24097	0.0004547877889
24098	0.0006625079439
24099	0.00158958277
24100	0.01102448591
24101	0.01840296611
24102	0.00358867232
24103	0.0006392847968
24104	0.001565043225
24105	0.0002145657978
24106	0.0009186516641
24107	0.0005051730727
24108	0.003136593672
24109	0.001103340326
24110	0.02167931054
24111	5.543676759e-05
24112	0.0001151283627
24113	0.0004825109809
24114	0.0004509252031
24115	0.003285467499
24116	0.007474202615
24117	1.241732057e-05
24118	0.001141569752
24119	0.01086516525
24120	0.0008861927695
24121	0.0009030301242
24122	0.0001341987052
24123	0.001028085049
24124	0.0008693834756
24125	0.002292197838
24126	9.416386933e-05
24127	0.0003786819139
24128	0.002853761806
24129	0.01501537996
24130	0.006291281527
24131	0.0007786648389
24132	0.0001904610647
24133	0.008713056812
24134	0.001044408529
24135	0.002095190718
24136	0.002439677055
24137	0.007663205315
24138	0.001653476582
24139	0.002504642114
24140	0.0003343378394
24141	0.001610954185
24142	0.00475100625
24143	0.0009580666748
24144	0.002828736012
24145	0.001853614271
24146	0.004979916678
24147	0.0006356189027
24148	0.004978153844
24149	0.0008126014742
24150	0.006271765751
24151	0.002071711869
24152	0.0001649959833
24153	0.004527221819
24154	0.003750714005
24155	0.0007484703504
24156	0.008979174306
24157	0.0003316953202
24158	0.002840156967
24159	0.002896550364
24160	0.01002225431
24161	0.01001735952
24162	0.02092581259
24163	0.001712238013
24164	0.002518902442
24165	0.0002778314146
24166	0.0001257944557
24167	0.0081380658
24168	0.0001511964703
24169	0.002025761271
24170	0.00113131198
24171	0.006222108986
24172	0.001254526062
24173	0.0007844477559
24174	0.00447690989
24175	0.0001400428483
24176	0.000329961988
24177	0.0005271192154
24178	0.0002395808456
24179	0.0001669570641
24180	0.0001902592348
24181	0.006412090436
24182	0.009839602231
24183	0.008734859421
24184	0.00305223566
24185	0.001188086652
24186	0.003239305911
24187	7.661540108e-05
24188	0.001113663537
24189	0.001178162028
24190	0.0002772282173
24191	0.0005686595896
24192	0.001539081581
24193	0.005608408297
24194	0.01246190045
24195	0.002331579349
24196	0.0008423750702
24197	1.575905546e-05
24198	0.0001448950936
24199	0.008842434687
24200	0.000819562102
24201	0.007483537909
24202	0.0007648508952
24203	0.0001071234529
24204	0.001643520513
24205	0.00046117868
24206	0.0001247520111
24207	0.01044766717
24208	0.002559708847
24209	0.0007204012311
24210	0.001593092056
24211	0.01117966088
24212	0.0004878259167
24213	0.0007516911463
24214	0.0004335202797
24215	0.001672327526
24216	0.004203890699
24217	0.002399599571
24218	0.001427131948
24219	0.0001777458413
24220	0.0001765305612
24221	0.005965889092
24222	0.002841034873
24223	0.0007805423651
24224	0.0004260089592
24225	0.00374907591
24226	0.0003480303336
24227	0.001079710011
24228	0.008017810743
24229	0.009213532834
24230	0.0002127595769
24231	0.002522867692
24232	0.006659032162
24233	0.001214771492
24234	2.9635003e-05
24235	0.01396237411
24236	0.0007860981232
24237	0.002097733611
24238	0.0009279112907
24239	3.339089929e-05
24240	0.000828327875
24241	0.001050945626
24242	0.0004758509693
24243	0.002705353483
24244	0.001492737034
24245	0.0004896938507
24246	0.000903255325
24247	0.01488518048
24248	0.002926552121
24249	0.0003445375283
24250	0.0002174719708
24251	0.007948378711
24252	0.0002469463195
24253	0.001149874622
24254	0.007466470042
24255	0.004964915917
24256	0.0003436379703
24257	0.0003632649414
24258	0.0006702275768
24259	0.01129065
24260	0.004291124917
24261	0.006652508073
24262	0.0002695921216
24263	0.005107843407
24264	3.445908091e-05
24265	0.001009616983
24266	2.719532514e-05
24267	0.001662886635
24268	0.002040057403
24269	2.708985307e-06
24270	0.001306611325
24271	0.00085795641
24272	0.01098750321
24273	0.000625869375
24274	0.005740420721
24275	0.004145156747
24276	0.0003769683428
24277	3.538776734e-05
24278	0.0009153929088
24279	0.008423152394
24280	0.004768063412
24281	0.008185786095
24282	0.01295075562
24283	0.001463587863
24284	0.009282550866
24285	0.01351530064
24286	0.004760499643
24287	0.006625900792
24288	0.002543576181
24289	0.01896382927
24290	0.0004072607026
24291	0.002707526517
24292	0.0008352199361
24293	6.691427857e-06
24294	0.001915106464
24295	0.001153748694
24296	0.0005499305821
24297	0.005087465827
24298	0.01752097886
24299	0.002792587023
24300	0.005492700137
24301	0.0001088992047
24302	9.060594864e-06
24303	0.01093106346
24304	0.01383473874
24305	0.0003244546255
24306	0.0004901127053
24307	0.001946776545
24308	0.002501583978
24309	0.001814759906
24310	0.0002671928868
24311	0.0005549751793
24312	0.0003808112412
24313	0.001356129349
24314	0.005615626472
24315	0.001680810984
24316	0.00564741913
24317	0.00978901017
24318	0.01223961028
24319	0.002630850827
24320	0.0006681735235
24321	0.0005957546923
24322	0.001076840895
24323	0.006798606179
24324	0.001363662173
24325	0.004731914854
24326	0.001695071925
24327	0.0004273794125
24328	0.01568599607
24329	0.006340559137
24330	0.008321499326
24331	0.01195641816
24332	0.0003075813314
24333	0.0008053152062
24334	0.000922588506
24335	0.0007829832064
24336	0.001297509785
24337	2.819566208e-05
24338	0.00133438929
24339	0.0008647253702
24340	0.003876949007
24341	0.005922534454
24342	9.208300594e-05
24343	0.01162465867
24344	0.0003568593838
24345	0.0001474113291
24346	0.01449404602
24347	0.0006767002711
24348	0.005646716393
24349	0.0008314573155
24350	0.002333699731
24351	0.003498005813
24352	0.005600786781
24353	0.003641768856
24354	0.0004089045042
24355	0.0004294838633
24356	0.002781987944
24357	0.005099057506
24358	0.0002172211012
24359	0.000890631974
24360	0.0008713298995
24361	0.0003087131549
24362	0.0001689732241
24363	0.002379811709
24364	0.004889377704
24365	0.0004297166779
24366	0.004754669361
24367	0.0002884450109
24368	0.0004593497565
24369	0.0005983330089
24370	0.0119991598
24371	0.02027721125
24372	0.0003999764844
24373	0.001110328582
24374	0.0008399136871
24375	0.002161194654
24376	0.01052263889
24377	0.0003834793786
24378	0.02024298202
24379	0.0003246642917
24380	0.0007251060364
24381	0.01385858976
24382	0.001471903297
24383	0.0006180131966
24384	0.001545245106
24385	0.0003570400418
24386	0.00252541077
24387	0.0008658741263
24388	0.002605328555
24389	0.004390333548
24390	0.000486848776
24391	0.001604708921
24392	0.001350675409
24393	0.002665461361
24394	0.01333778637
24395	0.001315846515
24396	0.0007488375249
24397	0.007843536039
24398	0.001076471881
24399	0.008518977344
24400	0.003344061161
24401	0.002088861296
24402	0.005305980257
24403	0.0001851620365
24404	0.001384036321
24405	0.004300079773
24406	0.02046956126
24407	0.01654454359
24408	0.01782842494
24409	0.01420264351
24410	0.00115421372
24411	0.01262857253
24412	0.0007013391938
24413	0.0004536597528
24414	0.0002419738294
24415	0.0007937501773
24416	0.0006404550342
24417	0.000172886413
24418	0.0002716783998
24419	0.004629290686
24420	0.00142703138
24421	0.0008762781693
24422	0.0004838953674
24423	0.001363613188
24424	0.001757653501
24425	0.02144218772
24426	0.01761273925
24427	0.0006221502084
24428	0.0003170488877
24429	0.005949247154
24430	0.003083794655
24431	0.0009600499442
24432	0.008286263493
24433	0.004985831027
24434	0.000656013604
24435	0.007517588115
24436	0.007907705183
24437	0.0002166071434
24438	0.001785004261
24439	0.0008661188861
24440	0.001015788247
24441	4.155153429e-05
24442	0.0008433587808
24443	0.001309733117
24444	0.0005142040213
24445	0.002294226138
24446	0.002376188463
24447	0.007974106126
24448	0.0002382112593
24449	0.008262111658
24450	0.003693380144
24451	0.008456607964
24452	0.00211635695
24453	0.001273835203
24454	0.0001112734905
24455	0.004882650476
24456	1.773620352e-05
24457	0.01740450153
24458	0.01134755341
24459	0.0009108535216
24460	0.01252183574
24461	0.001339891612
24462	0.0007118889329
24463	7.42106439e-05
24464	2.839572044e-05
24465	0.004025484983
24466	0.008103848906
24467	0.001659225179
24468	0.01044020583
24469	0.004797018926
24470	0.002798123047
24471	0.001705847078
24472	0.01086776477
24473	0.002020375573
24474	0.0004582187308
24475	0.001690233932
24476	0.001009563789
24477	0.0006593236654
24478	0.000938232441
24479	9.038610715e-05
24480	0.0004111714881
24481	0.001709078
24482	0.002561867261
24483	0.0005964304262
24484	0.0008131865405
24485	0.0131115414
24486	0.000520522874
24487	0.001339773602
24488	0.0002454061041
24489	0.001940122598
24490	0.0001789768464
24491	0.00181049438
24492	0.001867846104
24493	0.0004617832825
24494	0.000814886171
24495	0.0004252155327
24496	0.0004552385742
24497	7.731253969e-05
24498	0.01575874881
24499	0.001678967857
24500	0.0004098474365
24501	0.0004714494588
24502	0.00100802893
24503	0.0002843137751
24504	0.0001123370086
24505	0.0007520298323
24506	0.0009966033986
24507	0.000367896699
24508	0.0009739304064
24509	0.004542778976
24510	0.001878561583
24511	0.004390382371
24512	0.0007406927139
24513	0.0004087558655
24514	0.0001110698321
24515	0.002756152893
24516	0.01637649279
24517	0.001795255933
24518	0.004662591152
24519	0.001883471934
24520	0.0007307231499
24521	0.0001461469743
24522	0.0006855836156
24523	0.0002662501901
24524	0.0005935042413
24525	0.0005159114968
24526	0.0004230662099
24527	0.0001750392042
24528	0.0009796634182
24529	0.0004414840055
24530	0.0009395232495
24531	0.0001422222391
24532	0.0005309537793
24533	0.0004693486514
24534	0.0006313410534
24535	3.980309667e-05
24536	0.002393045911
24537	0.00091203835
24538	0.0002047027204
24539	4.880058064e-05
24540	0.001525644409
24541	0.0008484584152
24542	0.002482259825
24543	0.0002761311666
24544	0.005365466242
24545	0.0006033470462
24546	0.007598647652
24547	0.01301374747
24548	0.01565394137
24549	0.0003976846363
24550	0.006880716729
24551	0.01768038463
24552	0.000867258642
24553	0.001389804654
24554	0.001030648207
24555	0.0007297310459
24556	0.0004677478552
24557	0.01024498059
24558	0.02044464375
24559	0.0005962836181
24560	0.002276077399
24561	0.001258724585
24562	6.193706955e-05
24563	0.001851582036
24564	7.780419987e-05
24565	0.0002272707129
24566	0.004334135847
24567	0.002043182994
24568	0.0006484957484
24569	0.002180391054
24570	0.0008840824273
24571	0.001226856394
24572	0.0004282786322
24573	0.0003959979142
24574	0.001015747776
24575	0.002803649832
24576	2.159034708e-05
24577	0.0006680399396
24578	0.00104868697
24579	0.0007775253623
24580	0.007818785189
24581	0.01120468609
24582	0.0003007670843
24583	0.00100604727
24584	0.0006343764005
24585	0.007569709776
24586	0.000480941951
24587	0.001744415672
24588	0.0004172676167
24589	0.001193624921
24590	0.0006871521089
24591	0.0002773909196
24592	0.01212067749
24593	0.001137428534
24594	0.002827324934
24595	1.317222019e-05
24596	0.002752368866
24597	0.0008409597166
24598	0.005020312642
24599	0.005317147035
24600	0.0003635864846
24601	0.007794349098
24602	0.0007948763889
24603	0.01405515796
24604	0.0005909783826
24605	0.001063568209
24606	0.0002087906424
24607	0.003918764492
24608	0.005098528568
24609	0.0009429946422
24610	0.001388411063
24611	1.213297426e-05
24612	0.003786292413
24613	0.0001564443058
24614	0.002336295214
24615	0.001106679136
24616	0.0003629145448
24617	0.002232783402
24618	0.001423257678
24619	0.001344891678
24620	0.002624314306
24621	0.005941638947
24622	0.00155390393
24623	0.0004730759506
24624	0.001002500807
24625	0.001101455036
24626	0.005360356488
24627	0.002202922798
24628	0.002001516431
24629	0.01152893789
24630	0.01964259248
24631	9.004947273e-05
24632	0.00362505558
24633	0.003272306784
24634	0.0329062371
24635	0.0004306251012
24636	0.0005386155148
24637	5.407512156e-05
24638	0.0004161827579
24639	0.007667693544
24640	0.009241851686
24641	0.0003910465102
24642	0.0008979385497
24643	0.0005624002611
24644	0.001299766431
24645	0.01128058111
24646	0.01433439766
24647	7.700173929e-05
24648	0.0004564153102
24649	0.004411338399
24650	9.006297954e-05
24651	0.008972016428
24652	0.005389251242
24653	0.0001461727719
24654	0.006044940774
24655	0.0009357907682
24656	0.0002748166749
24657	0.0008768668719
24658	0.000312608469
24659	0.003097818933
24660	0.0009500121624
24661	0.001410338561
24662	0.001395242368
24663	0.00114246865
24664	0.01000972673
24665	0.001914268566
24666	0.0146539362
24667	0.002946226725
24668	0.0002626477751
24669	0.0004587731085
24670	0.0007447774851
24671	0.0001714187533
24672	0.0004356832336
24673	0.006564280784
24674	0.005736954722
24675	0.0002089775555
24676	0.0004552229156
24677	0.004884334777
24678	0.004064396223
24679	0.01354020942
24680	0.004441724389
24681	0.00466564734
24682	0.004696035495
24683	0.0004190901311
24684	0.01261082051
24685	0.0004266228772
24686	0.01369348863
24687	7.506598034e-05
24688	0.0009107063298
24689	0.0001233670265
24690	0.0004140542408
24691	0.0006645251306
24692	0.0006869946643
24693	0.0002864572888
24694	0.00625393987
24695	0.000722418418
24696	0.0003654639193
24697	0.0009722060521
24698	0.03457200955
24699	3.20546237e-05
24700	0.0005075944966
24701	0.007172898149
24702	0.0006804472802
24703	0.01058488808
24704	0.003971264689
24705	0.000538729654
24706	0.0002444572945
24707	0.0002670250432
24708	0.0004190866071
24709	0.005597667663
24710	0.02402253335
24711	0.003023218209
24712	0.003258875427
24713	0.000300767352
24714	5.091788971e-05
24715	0.008794172223
24716	0.003393082452
24717	0.0002451601723
24718	0.006763252098
24719	0.0001941041525
24720	0.008232342594
24721	0.0147422562
24722	0.0001448763536
24723	0.0005948775489
24724	0.001313489454
24725	0.009159907738
24726	0.002614492143
24727	0.0005234710389
24728	0.005448893933
24729	0.001252263943
24730	0.01884224466
24731	0.001261854045
24732	0.0006884485121
24733	0.005342582505
24734	0.001327174388
24735	0.0007452832783
24736	0.0003071252426
24737	0.007142122241
24738	0.0006716642188
24739	0.00986963853
24740	0.001356348831
24741	0.001487243326
24742	0.0004277748466
24743	0.000661636998
24744	0.003785089245
24745	0.0003206244723
24746	0.007561181368
24747	0.01277146524
24748	0.001024413334
24749	0.02478732954
24750	0.009669805991
24751	0.0007349753684
24752	0.004102074195
24753	7.666034509e-05
24754	0.02121225694
24755	0.003377322593
24756	0.0006371048168
24757	1.904815112e-05
24758	0.0003187223743
24759	0.002716940985
24760	0.0004435708986
24761	0.01908924434
24762	0.001941992658
24763	9.164265595e-05
24764	0.01610429453
24765	0.0003786149006
24766	0.0001966059786
24767	0.001322610599
24768	0.001423536646
24769	2.38959921e-05
24770	0.0001187192852
24771	0.001974541781
24772	0.004929013774
24773	0.0003771397601
24774	0.00200741631
24775	0.0004924122514
24776	0.001676462984
24777	0.003560972022
24778	0.002350294001
24779	0.005396713045
24780	0.0006589865751
24781	0.0003830423764
24782	0.0006432539044
24783	0.0009055604035
24784	0.001175502569
24785	5.440818233e-05
24786	0.000123452188
24787	0.0002824689155
24788	0.005282514989
24789	0.001246826758
24790	0.001864961429
24791	0.001124076523
24792	0.0007887107163
24793	0.007630425851
24794	0.008053842829
24795	0.001366089006
24796	0.007201489542
24797	0.000767603445
24798	0.0006803194775
24799	0.0007547498762
24800	9.708058067e-05
24801	0.009485860828
24802	0.0009513586423
24803	0.004336622679
24804	0.01035423387
24805	0.01184377013
24806	0.001508480827
24807	0.0003795852052
24808	0.01144105152
24809	0.003624384447
24810	0.001099957417
24811	0.0007286016184
24812	0.001454781749
24813	0.0006942363865
24814	0.000645930929
24815	0.004453290539
24816	5.27818353e-05
24817	8.366780701e-05
24818	0.01148146307
24819	0.003617301044
24820	0.001725127743
24821	0.02807232484
24822	0.006208103306
24823	0.00603776689
24824	0.00101188965
24825	0.004089339192
24826	0.000949741563
24827	0.001481994786
24828	0.0004056962062
24829	0.001634988958
24830	0.0008858172325
24831	0.007481040082
24832	0.001192254949
24833	0.00366910122
24834	0.0001177989869
24835	0.0251502908
24836	0.0004805849906
24837	8.56120896e-05
24838	0.002642060621
24839	0.006083785353
24840	0.003256621197
24841	0.0004516139617
24842	0.006819390761
24843	0.006427221634
24844	0.009238869029
24845	0.002284294496
24846	0.000239554399
24847	0.01093489992
24848	0.01329217068
24849	0.0001794342265
24850	0.001464209936
24851	0.003515217088
24852	0.0003125716242
24853	0.001144074381
24854	0.004896223185
24855	0.0115127376
24856	0.000419561309
24857	0.008546737804
24858	0.002511049813
24859	0.008632698932
24860	0.009666995062
24861	0.003095719933
24862	0.00192622174
24863	0.0084146899
24864	0.0004984749071
24865	0.003585346415
24866	0.002157984308
24867	0.001132273464
24868	0.01890461293
24869	7.205442709e-05
24870	0.0007628980454
24871	0.008650228877
24872	0.0001301220527
24873	0.0008467792829
24874	0.002277956312
24875	5.37504076e-05
24876	0.0006795195868
24877	0.01120353882
24878	0.0008499585951
24879	0.003409449366
24880	0.006174199904
24881	0.0180089526
24882	0.0003016771207
24883	0.004969711171
24884	0.000968327879
24885	0.00415953522
24886	0.002766369659
24887	0.002782287872
24888	0.002248130274
24889	0.01062512303
24890	0.001535108575
24891	5.323030069e-05
24892	0.0009864219338
24893	0.001987874748
24894	0.001793284383
24895	0.0162599636
24896	0.005913911936
24897	0.0006711039066
24898	0.01178299491
24899	0.008496219426
24900	0.003030551314
24901	0.003134307867
24902	0.001222774739
24903	0.0135162763
24904	0.001022601103
24905	0.001196290921
24906	0.0005538497325
24907	0.0007320894132
24908	0.003279141932
24909	0.0001924959631
24910	0.0001578839951
24911	0.003838793489
24912	0.001406234087
24913	0.004005362601
24914	0.002534229494
24915	0.001395863152
24916	8.723207384e-05
24917	0.000646730093
24918	0.001601540872
24919	5.438767055e-05
24920	0.000438829731
24921	0.0005614529168
24922	0.009676006168
24923	0.001847031198
24924	0.001739467156
24925	0.001037352044
24926	0.0003478858319
24927	0.002578511886
24928	0.0001500592904
24929	0.005187344876
24930	0.0001778932201
24931	0.004318843854
24932	0.005979151154
24933	0.0009691483567
24934	0.0006448781463
24935	0.001871655863
24936	0.006302669658
24937	0.002957645908
24938	0.007390857165
24939	5.782060852e-05
24940	0.001277928122
24941	0.009097422054
24942	0.0005253652201
24943	0.01209751776
24944	0.001683520052
24945	0.006040882058
24946	0.001193143018
24947	0.001565670076
24948	1.738947418e-05
24949	0.000432408304
24950	0.01632934578
24951	0.003327730941
24952	0.0008038044435
24953	0.001107352878
24954	0.0009481388989
24955	0.007125065933
24956	0.0007820621524
24957	0.0002445342602
24958	0.0003864590133
24959	0.00060504569
24960	0.007406235919
24961	0.0008026014248
24962	0.01460500497
24963	1.273078785e-05
24964	0.002606515734
24965	0.002033071662
24966	0.0001893760706
24967	0.008715029166
24968	0.0004147990581
24969	0.0005664537503
24970	0.007430532576
24971	0.01641230842
24972	0.0005462531333
24973	0.0005245591258
24974	0.001543174026
24975	0.0008557366873
24976	0.0008622904874
24977	0.003900639842
24978	0.001726155719
24979	0.001014207131
24980	0.0008873403665
24981	0.001072108021
24982	0.002937734131
24983	0.009094780521
24984	0.003761586632
24985	0.002850331245
24986	0.0007311395969
24987	0.0005760567054
24988	0.001367118388
24989	0.001071214868
24990	0.0003287277758
24991	0.001656997013
24992	0.003405189159
24993	0.003625147833
24994	0.004201753031
24995	0.01173411129
24996	0.002848020051
24997	0.006513821332
24998	0.006168154662
24999	0.001589643871
25000	0.004958779409
25001	0.001197065483
25002	6.723887267e-05
25003	0.003214149754
25004	0.0003167315863
25005	0.00358898408
25006	0.002523894071
25007	0.0009539012644
25008	1.486340406e-05
25009	0.000720151438
25010	0.000431766609
25011	0.000873235844
25012	0.0006965167699
25013	0.0003326725475
25014	0.005513660388
25015	0.0004692918852
25016	0.0003560414084
25017	0.003047087982
25018	0.002042379707
25019	0.02301808461
25020	0.0003624246283
25021	0.00105780973
25022	0.000197173135
25023	0.01674550531
25024	0.003582303679
25025	0.001041575154
25026	0.01105758265
25027	0.0001694722218
25028	0.0007933725736
25029	0.004150950129
25030	0.0003278369291
25031	0.0009738026981
25032	0.001057996675
25033	0.01611297231
25034	0.0001610718248
25035	0.007983306138
25036	0.002999592072
25037	0.007313678142
25038	0.008117557103
25039	0.0008198862996
25040	0.003898377502
25041	0.001911138837
25042	0.001573149216
25043	0.001255784684
25044	0.0007391419824
25045	0.001087813535
25046	0.001194851628
25047	0.0002138668236
25048	0.002796002365
25049	0.004645031558
25050	0.01112122729
25051	0.001543219087
25052	0.0003742123752
25053	0.0004754272866
25054	0.000442707942
25055	0.01951068819
25056	0.008736954765
25057	0.004468307477
25058	0.004134045573
25059	0.01144077345
25060	0.001963845178
25061	0.001737992015
25062	0.0003157167414
25063	0.007088432554
25064	0.005960885941
25065	0.0002948576034
25066	0.0004560991016
25067	0.004448769733
25068	0.01396454493
25069	0.0004676260267
25070	0.0003579128689
25071	0.0004727791817
25072	0.008188153304
25073	0.0003732923038
25074	0.0008199267806
25075	0.000459982955
25076	0.0165282239
25077	0.008072925636
25078	0.009789934732
25079	0.01207902822
25080	0.0001709594766
25081	0.001138214688
25082	0.002616503082
25083	0.004226563592
25084	0.008275292981
25085	0.003497958409
25086	0.004216030465
25087	0.001725240364
25088	0.005284555382
25089	0.0006036874034
25090	0.001653881537
25091	0.001460138552
25092	0.004022309795
25093	0.000526543857
25094	0.001441636496
25095	0.0007755270216
25096	0.001349702565
25097	0.01902714495
25098	5.307356627e-05
25099	0.0002102510161
25100	0.009975989111
25101	0.0002707232844
25102	0.001152763618
25103	0.006344761685
25104	0.000373622973
25105	0.003877671631
25106	0.0008730950438
25107	0.0004323640444
25108	0.001476248716
25109	0.001906497805
25110	0.001952439846
25111	0.0001714134352
25112	0.003897806853
25113	0.0002422732838
25114	0.004919699046
25115	0.0002461091391
25116	0.0002940279526
25117	0.001024526652
25118	0.00841603577
25119	0.001808004407
25120	0.001460832916
25121	0.001373889435
25122	0.004029402315
25123	0.008573682095
25124	0.001884962538
25125	0.0001585434761
25126	0.0001304751997
25127	0.001519675773
25128	0.0002904227967
25129	0.0002952819647
25130	0.0003464506272
25131	0.002671717349
25132	0.002468742042
25133	0.001932638316
25134	0.0005041331244
25135	0.008059914736
25136	0.006900886155
25137	0.005121881967
25138	0.009167379262
25139	0.0003075457144
25140	0.006838178793
25141	0.001651869738
25142	0.006415255715
25143	0.004440048722
25144	0.005095773552
25145	0.006008623277
25146	0.01916646886
25147	0.001399695525
25148	0.003983028483
25149	0.00115307959
25150	0.002919418593
25151	9.6566654e-05
25152	0.001135926935
25153	0.005902301254
25154	0.0005587722659
25155	0.008799059883
25156	0.0003678925433
25157	0.001497605338
25158	0.006797644337
25159	0.0009369262709
25160	0.001613099381
25161	0.000723675329
25162	0.0006048575477
25163	0.0005311224151
25164	0.003882793412
25165	0.005727031526
25166	0.0001654666898
25167	0.003911367835
25168	8.860567006e-05
25169	0.0004778038234
25170	0.003603154201
25171	0.002250372495
25172	0.002092442769
25173	0.001657734924
25174	0.00383440505
25175	0.01534220545
25176	0.001059989506
25177	0.004508901929
25178	0.005967966235
25179	0.000962065428
25180	0.0006496465115
25181	0.0124305265
25182	0.0006580362096
25183	5.339163594e-05
25184	0.0002112188757
25185	8.486904764e-05
25186	0.001974733508
25187	0.0004938194801
25188	0.004274457067
25189	0.001494277081
25190	0.001946116168
25191	0.0007913123649
25192	0.0001501799828
25193	0.002108356178
25194	0.00308617862
25195	0.01622956615
25196	0.001820227338
25197	0.0008284348482
25198	0.0009957674346
25199	0.003081830544
25200	0.0001439318207
25201	0.0008745288982
25202	0.0008729299786
25203	0.01617011139
25204	0.01076673412
25205	0.003946097998
25206	1.18931454e-05
25207	0.0009005409094
25208	0.00461559595
25209	0.002007082692
25210	0.0008758855878
25211	0.001257859639
25212	0.007630694913
25213	0.0008436728505
25214	0.0004910544375
25215	0.003295895111
25216	0.001966569228
25217	0.0008717771201
25218	0.0001295039343
25219	0.003804649929
25220	0.004159321327
25221	0.001081691463
25222	0.0007539911906
25223	0.001098251262
25224	0.001460279696
25225	0.003423016471
25226	3.182775319e-05
25227	0.004516130999
25228	0.0003645352922
25229	0.0005720809412
25230	8.038990423e-05
25231	0.0003385199058
25232	0.0002042206164
25233	0.001143188338
25234	0.006439759268
25235	0.001261739989
25236	0.002380863431
25237	0.001059741529
25238	0.003780107678
25239	0.0002941081489
25240	0.01053274869
25241	0.005824998688
25242	0.003370749459
25243	0.001029736392
25244	0.005222371278
25245	0.004790819258
25246	0.01246083031
25247	0.0008109552924
25248	3.192871586e-05
25249	0.001087599544
25250	0.002090498118
25251	0.0005176053782
25252	0.01169513901
25253	0.0001178526269
25254	0.0004055722132
25255	0.002322801872
25256	0.0004797886392
25257	0.00828361217
25258	0.001903703853
25259	0.009596449604
25260	0.001731372713
25261	0.0009568569935
25262	0.0004721480939
25263	0.001131148042
25264	4.407070782e-05
25265	0.005536178539
25266	0.006837069896
25267	0.001388312747
25268	0.001401766649
25269	0.00414245648
25270	0.0002512266329
25271	0.004109381913
25272	0.003689313926
25273	0.02704189539
25274	0.001359729416
25275	0.0002020587185
25276	0.001230288562
25277	5.390034499e-05
25278	2.662358373e-05
25279	0.01243612348
25280	0.0003754753869
25281	0.00226839477
25282	4.45128593e-06
25283	0.002513224478
25284	0.001045122859
25285	0.0003597663471
25286	0.004202709826
25287	0.007216058459
25288	0.0002200231132
25289	0.0004525029121
25290	0.004298173305
25291	0.007272768038
25292	0.0029796526
25293	2.321756995e-05
25294	0.0004197132697
25295	0.000694286784
25296	0.0002364582395
25297	0.004992273047
25298	0.001412155258
25299	0.0029445517
25300	0.01070000746
25301	0.006566665468
25302	0.004335807771
25303	0.01380497272
25304	0.00563514438
25305	0.003450985851
25306	0.001559609972
25307	0.0129784016
25308	0.0003293271558
25309	0.002157518229
25310	0.0003672032952
25311	0.003429149107
25312	0.001762302022
25313	0.0007143377611
25314	7.876561015e-05
25315	0.001110630252
25316	0.01190322485
25317	2.315049836e-05
25318	0.0007970010245
25319	0.00130728731
25320	0.004713649246
25321	0.00222502444
25322	0.003030164789
25323	0.005573054516
25324	0.009410422391
25325	0.0122165407
25326	0.006775051651
25327	0.005581425613
25328	0.0009437540404
25329	0.0016949676
25330	0.001306106758
25331	0.0004082778658
25332	0.003246927488
25333	0.003862250356
25334	0.03377755427
25335	0.0004500070687
25336	0.01838151984
25337	0.000857588677
25338	0.003737430268
25339	0.01597087147
25340	7.040614522e-05
25341	0.0005625487809
25342	0.002557246426
25343	0.0002636323105
25344	0.001053935198
25345	0.009098205793
25346	0.0119890524
25347	0.008863223566
25348	0.001348652309
25349	0.00202832337
25350	0.001256684707
25351	0.002355946777
25352	0.001104010502
25353	0.001093194463
25354	0.0001238519959
25355	0.0004997348214
25356	0.0007523306056
25357	0.00592853282
25358	9.531738823e-05
25359	0.0003604292331
25360	0.002709897975
25361	0.000180036931
25362	0.001034417224
25363	0.008186277635
25364	0.001289916795
25365	0.01858985057
25366	0.000492027439
25367	5.628952938e-05
25368	0.02504405439
25369	0.01642297963
25370	8.545130577e-05
25371	0.003106344937
25372	0.001261236575
25373	0.01105752961
25374	0.0003827407717
25375	0.001682789243
25376	0.000949982166
25377	0.000785808392
25378	0.001346786325
25379	0.01261338048
25380	0.005393691711
25381	0.001162382441
25382	0.007315691373
25383	0.001003066298
25384	0.0003340875067
25385	0.004187844124
25386	0.003544617974
25387	0.009525678346
25388	0.007867467361
25389	0.004506469695
25390	0.001482539906
25391	0.000772294023
25392	0.006068250101
25393	0.0009034951135
25394	0.005399756138
25395	0.0008894308578
25396	0.0001719079952
25397	0.01262765819
25398	0.01419531474
25399	0.001450779557
25400	0.001970628283
25401	0.006977711101
25402	4.741375383e-05
25403	0.0004477717504
25404	0.0008154368341
25405	0.0002553382498
25406	0.0005663665309
25407	0.0006719373983
25408	8.521773906e-05
25409	0.001028975653
25410	0.006970671977
25411	0.001540677033
25412	0.0001681682351
25413	0.0006535047678
25414	0.0003383815712
25415	0.0007409005825
25416	0.000536455904
25417	0.004684986725
25418	0.0007795319462
25419	0.001257611427
25420	0.00162077652
25421	0.005373951645
25422	5.407975595e-05
25423	8.368854378e-05
25424	0.002327051696
25425	0.0002665209514
25426	0.0007934162455
25427	0.004636843034
25428	0.01135974923
25429	0.003611328251
25430	0.002576859173
25431	0.001260209788
25432	0.001289925331
25433	0.001592903708
25434	0.005729471643
25435	0.002041331002
25436	0.001319860213
25437	0.0004630602389
25438	0.001209961094
25439	0.001678199669
25440	0.002660433486
25441	0.000888622856
25442	0.01223986079
25443	0.005932890936
25444	0.004738047296
25445	0.0003540799587
25446	0.001721460383
25447	0.003245730527
25448	0.006224518713
25449	0.002838510581
25450	0.001450268659
25451	0.008938705249
25452	0.0001325086255
25453	0.002019823894
25454	0.004440059694
25455	0.0008840362971
25456	0.0003874110423
25457	0.004332527302
25458	0.006118092319
25459	0.0005547760214
25460	0.0009402442599
25461	0.0007836193524
25462	0.002266347902
25463	0.0003505422354
25464	0.0006719067208
25465	0.0004598153362
25466	6.343820174e-05
25467	0.002888776944
25468	0.00369085587
25469	0.001291239621
25470	0.0007696419629
25471	0.0190025043
25472	0.0002845657509
25473	0.002575168621
25474	0.001230459088
25475	0.0004229928107
25476	0.0005042515954
25477	0.0003237403591
25478	0.0004128947718
25479	0.005525199692
25480	0.0009836114523
25481	0.001412385912
25482	0.001357492785
25483	0.0007683213684
25484	0.0007303787876
25485	0.00608636747
25486	0.007707886682
25487	0.0006267155625
25488	0.001071584883
25489	0.001089130768
25490	0.007009307674
25491	0.0003848381455
25492	0.001715083523
25493	0.004659617963
25494	0.001558385564
25495	0.0004555185599
25496	0.000989356506
25497	2.768493761e-05
25498	0.002861712527
25499	7.621846085e-05
25500	2.020759345e-05
25501	0.000252495442
25502	0.0003209362854
25503	0.010597871
25504	0.001245404141
25505	0.003079937366
25506	0.001163560556
25507	0.0005681092124
25508	0.0005834783314
25509	0.0006516459246
25510	0.00633523271
25511	0.0003535125972
25512	0.001884562882
25513	0.004167139967
25514	0.003581921799
25515	0.0176511221
25516	0.0002360746921
25517	0.0004296570258
25518	0.001502377786
25519	0.001150095264
25520	0.001405373585
25521	0.004077821683
25522	0.000118728628
25523	0.001430167751
25524	4.146507839e-05
25525	0.005367921406
25526	0.006685611139
25527	0.0005852364383
25528	0.002224800596
25529	0.0008161143368
25530	0.0006472259643
25531	0.001612954567
25532	0.00194542044
25533	0.0002587219814
25534	0.0003231762569
25535	0.001448753695
25536	0.0002803257137
25537	0.001423575276
25538	0.0007012711482
25539	0.01069521529
25540	0.001322521954
25541	0.001684577963
25542	0.004357928622
25543	0.0001981613991
25544	0.001818713806
25545	0.004893792754
25546	0.001133310461
25547	0.003594156798
25548	0.01010986073
25549	0.009564223994
25550	0.007544138151
25551	0.0004943665691
25552	0.001169908466
25553	0.0001244890623
25554	0.0004406609986
25555	0.006187851984
25556	0.00584980595
25557	0.001325477973
25558	0.001080223997
25559	0.0008752661217
25560	0.003428723721
25561	0.00059005678
25562	0.0008426928692
25563	0.0003797734171
25564	0.004165590182
25565	0.0103559653
25566	0.01162897547
25567	0.01483540547
25568	0.001392295413
25569	0.004931286586
25570	0.01260828016
25571	0.008338322183
25572	0.01043827608
25573	0.004574821864
25574	0.0001594899787
25575	0.0005102406934
25576	0.008547018435
25577	0.003911353501
25578	0.003135395684
25579	0.01683225861
25580	0.001398046464
25581	0.00916994401
25582	0.0001906287945
25583	0.0006600137887
25584	0.001041211878
25585	0.0008028932175
25586	0.005496213813
25587	0.006063053644
25588	0.0006922051022
25589	6.618332222e-05
25590	6.763061033e-05
25591	0.006113628939
25592	0.0007550500167
25593	0.003748314912
25594	0.01127052829
25595	0.001934274146
25596	0.002285732757
25597	0.0003534527358
25598	0.0004129571332
25599	0.000821360039
25600	0.0009384779486
25601	0.0003673848899
25602	0.002484526263
25603	0.01469179324
25604	0.0001198102855
25605	0.005903412669
25606	0.00238289173
25607	0.0007198424234
25608	0.005658985833
25609	0.007932133889
25610	0.01005358873
25611	0.000118249513
25612	0.0008044128856
25613	0.001907871431
25614	0.0008656747648
25615	0.001143874704
25616	0.00227858725
25617	0.005209973483
25618	0.0009486816556
25619	0.001902777915
25620	0.02096873794
25621	0.0007034567468
25622	0.0006683969476
25623	0.0006561308032
25624	0.001486128346
25625	0.0003975903819
25626	0.008620385102
25627	0.0001105742766
25628	0.007468249242
25629	0.0009399940202
25630	0.0006739375882
25631	0.02200288143
25632	0.0007314679719
25633	0.001763975383
25634	0.0005200994294
25635	0.001986194128
25636	0.009569690308
25637	0.0001658757756
25638	0.004251115162
25639	0.001612201339
25640	0.002997214753
25641	0.001659485168
25642	0.002214133378
25643	0.001439478656
25644	0.004188311748
25645	0.001144347442
25646	0.0006473272479
25647	0.0006632146785
25648	0.01354246003
25649	0.0009133705255
25650	0.004034502437
25651	0.001214993965
25652	0.0004248167539
25653	0.0009660095679
25654	0.0003850995644
25655	0.003985715672
25656	0.0004685986348
25657	0.001568459063
25658	0.002403034804
25659	0.001659191139
25660	0.001009900819
25661	0.0005857467718
25662	0.01060635746
25663	0.000770508671
25664	0.01744512816
25665	0.001462921859
25666	0.001209082127
25667	0.003448429858
25668	0.007104762065
25669	0.002120889588
25670	0.004890133614
25671	0.0004807020534
25672	6.873483642e-05
25673	0.0007491634331
25674	0.0001695547671
25675	0.0001074874243
25676	0.0007668756088
25677	0.0009837480778
25678	0.0005344002603
25679	0.001201627824
25680	0.001497910216
25681	0.0006311951635
25682	0.004129444387
25683	0.0004559456204
25684	0.0006500589561
25685	0.003542001747
25686	0.002864332744
25687	0.001193278397
25688	0.00057917277
25689	0.002533399279
25690	0.008193111624
25691	0.0006278425959
25692	9.265032124e-05
25693	0.0002896389749
25694	0.002663035197
25695	0.002953588321
25696	0.0009985784302
25697	0.0003310200941
25698	0.0003906007335
25699	0.01158963329
25700	0.001113442893
25701	0.01194547976
25702	0.002120975208
25703	0.004133017726
25704	0.00806423738
25705	0.00112899283
25706	0.0002607909865
25707	0.007785778675
25708	0.0003363680443
25709	0.02190501344
25710	0.001225307241
25711	0.00903249618
25712	0.005658385566
25713	0.001617262099
25714	0.001997714384
25715	0.0004264769021
25716	0.0002921289735
25717	0.0002930534881
25718	0.01349524632
25719	0.0005416013614
25720	0.001189842019
25721	0.0002638076526
25722	0.0102895703
25723	0.01116621426
25724	0.0196521658
25725	0.0003939581238
25726	0.001896821543
25727	0.001804956268
25728	0.000745289015
25729	0.01199239466
25730	6.689137934e-05
25731	0.00269140611
25732	0.003592827616
25733	0.001968767581
25734	0.0001839893851
25735	0.005801075828
25736	0.0008482638551
25737	0.0002841982606
25738	0.002388566694
25739	0.01655047421
25740	0.002714886769
25741	0.001380649847
25742	0.004269507923
25743	0.001480536585
25744	0.01263140874
25745	0.008687493884
25746	0.001289023724
25747	4.336499471e-05
25748	0.0005927417255
25749	0.0006605969493
25750	0.01408292711
25751	0.0005984339377
25752	8.06735987e-06
25753	0.003694942047
25754	0.0003785501788
25755	8.369031496e-05
25756	0.0003853319642
25757	0.005455107215
25758	0.00421215051
25759	0.01645663467
25760	0.002834671474
25761	0.001102552668
25762	0.0002157664837
25763	0.002267292842
25764	0.004416654817
25765	0.02125206645
25766	0.00104466223
25767	0.00285444051
25768	0.001332746124
25769	0.004897530574
25770	0.01732604432
25771	0.005329212596
25772	0.003090981695
25773	0.01260510157
25774	0.001060037463
25775	9.701599792e-06
25776	0.01132203031
25777	0.001435263836
25778	0.004432402225
25779	0.0007899699977
25780	0.0001240346413
25781	0.002139309349
25782	0.00495471457
25783	0.0002562912629
25784	0.004118975556
25785	0.0002272825049
25786	0.0008034609902
25787	0.0004761622398
25788	0.001082190959
25789	0.0004195001248
25790	0.001054052632
25791	0.001299740758
25792	0.005299118648
25793	0.002950674804
25794	0.003494166791
25795	0.00323979494
25796	0.001366760804
25797	0.006532516279
25798	0.003130352591
25799	0.006769170015
25800	0.001079862481
25801	2.949671785e-05
25802	0.00254441411
25803	0.00245317724
25804	0.0001493427476
25805	0.0002715663276
25806	0.01447743477
25807	0.0009305846132
25808	0.0001919757638
25809	0.0005355131877
25810	0.001505976938
25811	0.01290357056
25812	0.004290526107
25813	0.0009005851352
25814	0.0006774938963
25815	0.00137009342
25816	0.002207190919
25817	0.006901593918
25818	0.0003785135747
25819	0.003699302183
25820	2.392234286e-05
25821	0.0004171611198
25822	0.0004068460112
25823	0.002140028929
25824	0.001212847428
25825	0.001877277257
25826	0.003654699404
25827	0.004696183917
25828	0.0008936632196
25829	0.0002653589974
25830	0.0002482233519
25831	3.899370372e-05
25832	0.0005371692918
25833	0.001076662849
25834	5.630258997e-05
25835	0.001216700663
25836	0.004056931958
25837	0.0007056361269
25838	0.000783417611
25839	0.007140478799
25840	0.0002109418656
25841	4.983940555e-05
25842	0.004382388504
25843	0.001452708176
25844	0.0006778228106
25845	8.964950404e-05
25846	0.006405465796
25847	0.001814985069
25848	0.0008369555511
25849	0.0002984426492
25850	0.0009633409926
25851	0.0001606419516
25852	0.001585252271
25853	0.0002089154049
25854	0.0001517815136
25855	8.69139965e-05
25856	0.005445059294
25857	0.001455954147
25858	0.01362119805
25859	0.0009379557578
25860	0.0003237410129
25861	0.0128789407
25862	0.001290505545
25863	0.00184190245
25864	0.02074853529
25865	0.0248974934
25866	0.006747598147
25867	0.0001175172128
25868	0.001551861203
25869	0.000140225396
25870	0.0007342235732
25871	0.003302979248
25872	0.004014678924
25873	0.003821418728
25874	0.01012567091
25875	0.002548407982
25876	0.0001665509656
25877	0.0003295805064
25878	0.000513246579
25879	0.0003781502809
25880	0.01977272791
25881	0.001199357449
25882	0.001952192503
25883	0.0002839861471
25884	0.005373697661
25885	9.857814698e-05
25886	0.0001782608391
25887	0.002161932568
25888	0.00248979009
25889	0.004755779447
25890	0.002401181605
25891	0.0009194449977
25892	0.001573618051
25893	0.0005890371049
25894	0.001101000778
25895	0.0002529203596
25896	0.01309250211
25897	9.141844678e-05
25898	0.0003094891368
25899	0.002903311313
25900	0.0001487632165
25901	0.004938968794
25902	0.001030253226
25903	0.0001294293959
25904	9.347935424e-05
25905	0.0006371245488
25906	0.001329895209
25907	0.008828152187
25908	0.008262013073
25909	0.0001901884473
25910	0.0002812424097
25911	0.001299438172
25912	0.000964514934
25913	0.0007185601755
25914	0.002447961441
25915	0.0007598630656
25916	0.0008155412279
25917	0.009440922969
25918	0.008820701052
25919	0.005518399347
25920	0.0003606789835
25921	0.001412368437
25922	0.009300259355
25923	0.0003384325368
25924	0.0005944054752
25925	0.0003805265858
25926	0.002708263011
25927	0.0008828478055
25928	0.004473958165
25929	0.007634351054
25930	0.0004135103941
25931	8.493747156e-05
25932	0.00070227457
25933	3.975282649e-05
25934	0.01274065271
25935	0.0001233414425
25936	0.001092943686
25937	0.000303642745
25938	0.0004746185098
25939	0.01088971995
25940	0.0005597157919
25941	0.0006275735483
25942	0.0006483309664
25943	0.0008280254357
25944	0.00130375567
25945	0.0005829924767
25946	0.001436439243
25947	3.898488502e-05
25948	0.00420865953
25949	0.0003577058995
25950	0.001278913072
25951	0.002590297154
25952	0.001586560703
25953	0.0001363027938
25954	0.0009793375945
25955	1.613056824e-05
25956	0.004767731443
25957	0.00119412163
25958	0.0003402877335
25959	0.002345890045
25960	0.008865253965
25961	0.003500182621
25962	0.001027847096
25963	0.0003625259826
25964	0.0003165016866
25965	0.0008689673331
25966	0.002271982653
25967	0.01138287375
25968	0.0001635694058
25969	0.002730156041
25970	0.0004484068996
25971	0.0007095906154
25972	0.001041811522
25973	0.005643760168
25974	0.004193004477
25975	0.00426071219
25976	0.0001682325742
25977	0.000574779067
25978	0.0006387525463
25979	6.551486224e-05
25980	0.005849219293
25981	0.0003751912362
25982	0.002048207223
25983	0.001026074845
25984	0.001694254791
25985	0.004201826524
25986	0.0009604970102
25987	7.696981453e-05
25988	0.000247028638
25989	0.0006229028644
25990	0.001435092571
25991	0.0002219671633
25992	0.00224097753
25993	0.0004146580572
25994	0.00301192797
25995	0.0004978167255
25996	0.004757730873
25997	0.0009942599153
25998	0.001473083223
25999	0.0002967892011
26000	0.002475371156
26001	0.001597678013
26002	0.0005275390569
26003	0.0001361833056
26004	0.0009724829531
26005	0.0008860647515
26006	0.001291193323
26007	0.006936240527
26008	0.002821023672
26009	0.0001393080058
26010	0.0009808289453
26011	0.002967725647
26012	0.01272310856
26013	0.0007213610413
26014	0.002789613052
26015	0.0007019354406
26016	0.0009791898933
26017	0.001973597621
26018	0.0005633619431
26019	0.0008093070478
26020	0.001995038538
26021	0.001395820174
26022	0.0010333273
26023	0.0001688372491
26024	0.008851408118
26025	7.857604304e-05
26026	0.0003185191809
26027	0.004416662475
26028	0.001483820707
26029	0.001035980785
26030	0.001196893682
26031	0.0005155861461
26032	0.005900899216
26033	0.008614891779
26034	0.0005675902206
26035	5.451271066e-06
26036	0.0002603737418
26037	0.02407445736
26038	0.0005001045245
26039	0.0004496635167
26040	0.0008384327005
26041	2.856947412e-05
26042	0.000690085381
26043	0.01343342925
26044	0.0009178171779
26045	0.006819437238
26046	0.00190080607
26047	0.001384309047
26048	0.0005587659178
26049	0.0001042316169
26050	0.003996289567
26051	0.001213450387
26052	0.00138663848
26053	0.001672412597
26054	0.0009510615194
26055	0.002720557695
26056	0.001606804892
26057	0.0002827184177
26058	0.0009609655637
26059	0.0001661082727
26060	0.00462158009
26061	0.01647279992
26062	0.0003602240898
26063	0.005011944662
26064	0.0007602234732
26065	0.001225512491
26066	0.005849759525
26067	0.003979411814
26068	0.007911275144
26069	0.001058847989
26070	0.002373101754
26071	0.003669825765
26072	0.005134241958
26073	0.0001934644883
26074	0.0001303821958
26075	0.01643757605
26076	0.0009387744434
26077	0.0002873041289
26078	5.973507826e-05
26079	0.0001517138241
26080	0.007496442129
26081	0.004833783093
26082	0.006415308459
26083	0.000242874908
26084	0.01446607078
26085	0.0078538616
26086	0.000771310356
26087	0.01525127755
26088	4.418936361e-06
26089	0.0005604514121
26090	0.007566065677
26091	0.002523672909
26092	0.0001228748471
26093	0.004046281926
26094	0.0009499691898
26095	0.001184671857
26096	0.0005837140425
26097	0.004678060505
26098	0.003319303588
26099	0.001733619859
26100	0.004443315594
26101	0.0002964538726
26102	0.0005876654501
26103	0.001655654869
26104	0.002776902083
26105	0.01279332402
26106	0.01016362726
26107	0.001427348413
26108	0.001564898858
26109	0.004320631693
26110	0.0005914974166
26111	0.0004926192893
26112	0.004242515961
26113	0.003680386521
26114	0.008857067503
26115	0.001063570478
26116	0.0007442832956
26117	0.004684970569
26118	0.004749883224
26119	0.0004187073341
26120	0.001119917602
26121	0.001322747589
26122	0.003078578691
26123	0.01048079316
26124	0.0006530925875
26125	0.007068219041
26126	0.003355697065
26127	0.001498998005
26128	0.000552668387
26129	0.001353017794
26130	0.001402807146
26131	0.0001331058426
26132	0.01140193737
26133	0.0008487258543
26134	0.004111064721
26135	0.001812777349
26136	0.0006619820735
26137	0.0009098380326
26138	0.001633961728
26139	0.0005193368613
26140	0.003113765757
26141	0.0006153891903
26142	0.001925792571
26143	0.01170777717
26144	0.00230765312
26145	0.0004337354724
26146	0.000519134515
26147	0.005277608426
26148	0.0010460241
26149	0.00118926765
26150	9.997803449e-05
26151	0.0004766832767
26152	0.01105723334
26153	0.0004946053235
26154	0.0003890981472
26155	0.006419013939
26156	0.001008022829
26157	0.001874712491
26158	0.0003466900628
26159	0.003087005817
26160	0.006973220009
26161	0.0008966062292
26162	0.0007294501833
26163	0.01150765145
26164	0.0005169156354
26165	0.003067101381
26166	0.0008049400069
26167	0.001537342979
26168	0.003089407122
26169	0.001316131971
26170	0.008461188414
26171	0.0007055519169
26172	0.0006657350771
26173	0.0121547323
26174	0.005441964742
26175	0.0005418229875
26176	0.002613194283
26177	0.008868715847
26178	0.0006494673594
26179	0.002257952627
26180	0.004584375717
26181	0.01410970133
26182	0.00158992142
26183	0.01698756927
26184	0.0002394714788
26185	0.006707404934
26186	0.00189577088
26187	0.003842084481
26188	0.0006608698487
26189	0.0007962287059
26190	0.0003910372766
26191	0.001082798026
26192	0.001633681231
26193	0.0154709987
26194	0.008655894169
26195	0.003864916418
26196	0.002813059275
26197	0.002259541007
26198	0.0009744056512
26199	0.00198298881
26200	0.0002636263103
26201	0.0008036105411
26202	0.001314258945
26203	0.000980312052
26204	0.0001718223998
26205	0.01338442013
26206	0.01459829343
26207	0.001055294417
26208	0.0001424812811
26209	0.003705287495
26210	0.00209702464
26211	0.01116919076
26212	0.005449982687
26213	0.002177591025
26214	0.005984004071
26215	0.001019305886
26216	0.0007678400571
26217	0.01427458025
26218	0.009844004752
26219	0.0002616515783
26220	0.0002379238713
26221	0.004104791108
26222	0.0004683655755
26223	0.005828658106
26224	0.006714545458
26225	0.0009343708513
26226	0.0003414954081
26227	0.0007993522303
26228	0.004447520024
26229	0.01578863599
26230	0.003359411896
26231	0.00136600909
26232	5.38453042e-05
26233	0.0001699534272
26234	5.893484991e-05
26235	0.0006880754922
26236	0.004410850794
26237	0.001498514091
26238	0.003360665116
26239	0.0001477921933
26240	0.0009709795974
26241	0.006884936658
26242	0.002163144185
26243	0.001971262959
26244	0.001052103525
26245	0.003658724862
26246	0.00166739663
26247	0.00105214071
26248	0.008364810548
26249	3.13983533e-05
26250	0.002571633529
26251	0.0009892608197
26252	0.0004177699222
26253	0.006723472104
26254	0.001464576541
26255	0.00237196121
26256	0.0006968813538
26257	0.0001558831657
26258	0.0005267332993
26259	0.0006378285127
26260	0.00286686194
26261	0.0007007510796
26262	0.005080288572
26263	0.0006178199053
26264	0.00744976075
26265	0.0007698397968
26266	0.001782682825
26267	0.0003776593522
26268	0.0002984609647
26269	0.0002305560885
26270	0.0004688698322
26271	0.002117256014
26272	0.003091070607
26273	0.0001362607675
26274	0.006883455142
26275	0.008843623367
26276	0.001643602588
26277	0.008174382489
26278	0.0004630561928
26279	0.0009511351649
26280	0.003240275166
26281	0.02431146738
26282	0.000180540343
26283	0.002127528489
26284	0.0006550580472
26285	0.001596152264
26286	0.003071927416
26287	0.004452530285
26288	0.0004397774645
26289	0.0001664485822
26290	0.0001024095236
26291	0.0058481674
26292	0.0009023574471
26293	0.0006880203498
26294	0.0005219881955
26295	2.43694911e-05
26296	0.02043482563
26297	0.000246757198
26298	0.0009149701902
26299	0.002931809808
26300	0.004662601596
26301	0.0004833286806
26302	0.0009229016398
26303	0.0005008959449
26304	0.0002641734733
26305	0.0007311898137
26306	0.002720532502
26307	0.0007114785377
26308	0.004148857858
26309	0.0006321507943
26310	0.0002000033347
26311	0.001638893624
26312	0.001368410565
26313	0.0003454703747
26314	0.001043713028
26315	0.00114273791
26316	0.004368606138
26317	0.005239197866
26318	0.001252514458
26319	0.001465033812
26320	0.002371110964
26321	0.0003414140323
26322	0.01280601263
26323	0.0004731284382
26324	0.001364512031
26325	0.0040299513
26326	0.001510636267
26327	0.01769138741
26328	0.007342438896
26329	0.0009072563405
26330	0.001475023699
26331	0.0002551033453
26332	0.001690774061
26333	0.004535623627
26334	0.01605856159
26335	0.01673388014
26336	0.01417027785
26337	5.026978683e-05
26338	0.00024925832
26339	0.001298068843
26340	0.0002272266763
26341	0.0003330863776
26342	0.0001450322929
26343	0.001963174852
26344	0.0007883388481
26345	0.0007843083123
26346	0.003139239467
26347	0.004322915763
26348	9.257140859e-05
26349	0.002874244621
26350	0.0122119079
26351	0.0004962973351
26352	0.001445726912
26353	0.008549057672
26354	0.01300446401
26355	0.001548425148
26356	4.694124285e-05
26357	0.0003412466132
26358	0.0005067057998
26359	0.0006012984442
26360	0.0007642657054
26361	0.001710090718
26362	0.009871189741
26363	0.0001975506564
26364	0.0003471996179
26365	0.00127231506
26366	0.005039604884
26367	0.003348627182
26368	0.008270316314
26369	0.0006518745569
26370	0.004370084808
26371	0.008237135741
26372	0.0005348490574
26373	0.001178809806
26374	0.001797142036
26375	0.005071049899
26376	0.001272433973
26377	0.0002049935173
26378	0.001161851994
26379	0.01217643116
26380	0.0174340935
26381	0.0001981795887
26382	0.001618440457
26383	0
26384	8.848434388e-05
26385	0.00161702076
26386	0.004184777155
26387	0.002750044744
26388	0.00115849453
26389	0.003821477946
26390	0.001813127928
26391	0.003895119931
26392	0.008137197705
26393	0.006550393505
26394	0.001672848902
26395	0.001144263065
26396	0.000330837837
26397	0.0005355369185
26398	0.01152331148
26399	0.007148482598
26400	0.001550721064
26401	0.002677500188
26402	0.003539969223
26403	0.0008591456958
26404	0.00108420804
26405	0.001983502042
26406	0.01858808396
26407	0.005547237538
26408	0.001392212536
26409	0.0004038470099
26410	0.003036438577
26411	8.354343573e-05
26412	0.001094626118
26413	0.0002553112807
26414	0.0007127465724
26415	0.005179257101
26416	0.002267622019
26417	0.001305492923
26418	0.001363520926
26419	0.000147079754
26420	0.002542420353
26421	0.01604438691
26422	0.001051820984
26423	0.00873935386
26424	0.0003841123891
26425	0.01175417135
26426	0.0005954370251
26427	0.007381171839
26428	0.002294441724
26429	0.003223249909
26430	0.001417971958
26431	0.0003804252318
26432	0.008039993952
26433	0.001014659094
26434	0.005373479582
26435	0.0005377178638
26436	0.0002768529582
26437	0.0009575884771
26438	0.007961522375
26439	0.0002616852956
26440	0.0001457169252
26441	0.001059566056
26442	0.0003421254213
26443	0.003609633168
26444	7.454171862e-05
26445	0.0007598979401
26446	6.218841817e-05
26447	0.0004994974587
26448	0.001196529603
26449	8.375465565e-05
26450	0.003807455503
26451	0.003645452197
26452	0.0005129495245
26453	0.006162267875
26454	0.008863962278
26455	0.0008056246374
26456	0.01545526899
26457	0.008768326531
26458	0.0006217876697
26459	0.0006516772558
26460	0.0080251075
26461	0.003244604243
26462	0.0004665541047
26463	0.0003344393431
26464	0.005459427526
26465	1.833300689e-05
26466	0.02184161703
26467	0.001902564508
26468	0.001343231917
26469	0.002189699074
26470	0.008022969236
26471	0.00300364081
26472	0.0003677542178
26473	0.0008978241207
26474	0.0002226870295
26475	0.001068414988
26476	0.003096788214
26477	0.001266993498
26478	0.0003104116556
26479	0.004254283725
26480	0.002652343025
26481	0.01879957838
26482	6.667507256e-05
26483	0.01500250932
26484	0.002035212898
26485	0.01410802619
26486	0.01443547862
26487	0.0001371913323
26488	0.006840030755
26489	0.01590959368
26490	0.0002901171361
26491	0.0002543745789
26492	0.001072193925
26493	0.0015094404
26494	0.000181221775
26495	0.000519905261
26496	0.0004748622716
26497	0.0009343710274
26498	0.001467553771
26499	2.40370241e-05
26500	0.00909594326
26501	0.0006423509271
26502	0.0002692123374
26503	0.001030956352
26504	0.003213621128
26505	0.0001274063148
26506	0.001989240228
26507	0.001543910145
26508	0.0006095275828
26509	0.01811522671
26510	0.01141530372
26511	0.004960411967
26512	0.004625714571
26513	0.002108593708
26514	0.00034658917
26515	0.003371303985
26516	0.001495720205
26517	0.005669967597
26518	0.002654739783
26519	5.25819141e-05
26520	0.01230227103
26521	0.0003784382622
26522	0.001253238872
26523	0.001975316376
26524	0.0002181569767
26525	0.005422207997
26526	0.0001844497906
26527	0.0002496515055
26528	0.00230540615
26529	0.0125936094
26530	0.0003553339669
26531	0.01278032055
26532	0.005156096748
26533	0.003609224918
26534	0.000622136369
26535	0.00231683459
26536	0.002827022263
26537	0.0004857136243
26538	0.004206100687
26539	0.009074833133
26540	0.010370809
26541	0.001167295147
26542	0.02505231077
26543	0.000647649155
26544	0.008734665601
26545	0.001527456718
26546	0.0007437174118
26547	0.001524273541
26548	0.0008595226014
26549	0.007766019906
26550	0.002378097715
26551	0.001006579898
26552	0.0005987760244
26553	0.0005827958249
26554	0.000333698883
26555	0.002301838107
26556	3.788932869e-05
26557	0.005111616537
26558	0.007246093518
26559	0.0002899979721
26560	0.004003575984
26561	0.02107356262
26562	0.0008650531915
26563	0.0002820594949
26564	0.0001605486251
26565	0.001085655159
26566	0.001137004687
26567	0.0007180883354
26568	0.000600473198
26569	0.0002353934988
26570	0.0109314121
26571	0.01010718397
26572	0.003680118977
26573	0.005701403338
26574	0.01101673203
26575	0.001140285861
26576	0.006355144222
26577	0.01063542894
26578	0.002685307899
26579	0.001705834146
26580	0.002454507356
26581	0.001246291054
26582	0.006949528998
26583	0.001035398703
26584	0.004255686639
26585	0.002850159183
26586	0.001555149816
26587	0.002748940143
26588	0.005448352786
26589	0.01186442566
26590	0.01830526083
26591	0.0111837437
26592	5.247860287e-05
26593	0.001667688314
26594	0.0001610623216
26595	0.001138722179
26596	0.001307101503
26597	0.0007643176739
26598	0.001770021876
26599	0.0003507780848
26600	0.0002356763453
26601	0.0002795742648
26602	0.005431337238
26603	0.0002072054572
26604	0.001523188742
26605	6.606799924e-05
26606	0.002747878118
26607	0.000429677762
26608	0.001226880167
26609	0.001402567484
26610	0.0007416861012
26611	0.001777723213
26612	0.001056131801
26613	0.0190845497
26614	0.00303770548
26615	0.0004562550362
26616	0.01691056045
26617	0.004165704479
26618	0.001263927992
26619	0.0004757154122
26620	0.0008521506279
26621	2.49981577e-05
26622	0.002114279972
26623	0.001110227113
26624	0.001139561752
26625	0.003360125151
26626	5.356882584e-05
26627	0.002186199896
26628	0.01495037776
26629	0.003610836629
26630	0.0004940269297
26631	0.008058266584
26632	0.01304999702
26633	0.02446414318
26634	0.001609780338
26635	0.004714531038
26636	0.0002984390385
26637	0.01062174078
26638	0.003657637171
26639	0.004174105681
26640	0.009624057392
26641	0.001337064701
26642	0.006185380072
26643	0.004747930542
26644	0.0003604691468
26645	0.00154420044
26646	2.281244689e-05
26647	0.001813700759
26648	0.008552853135
26649	0.007189057825
26650	0.00383755876
26651	0.006012721708
26652	0.01223711597
26653	0.002017343802
26654	0.002740964891
26655	0.002877403051
26656	0.002944314181
26657	0.0004764590327
26658	0.0003345226275
26659	0.0009795243031
26660	0.0001150893372
26661	0.001535738382
26662	0.01293519912
26663	0.005564718529
26664	0.001023632428
26665	0.0001985878414
26666	0.003538914087
26667	0.0002636942663
26668	0.0003611279305
26669	0.01216061264
26670	0.0003592214343
26671	0.0006587270216
26672	0.000953373238
26673	0.000274794096
26674	0.000820851274
26675	0.002261630334
26676	0.00218064064
26677	0.0001663554916
26678	0.001128087526
26679	0.001047923581
26680	0.001143414413
26681	0.003143749829
26682	0.01048814122
26683	0.007627128918
26684	0.001457462613
26685	0.00149192216
26686	0.0008406675571
26687	0.002289635909
26688	0.01436267394
26689	0.001466213483
26690	0.000524938381
26691	0.01522468108
26692	0.001059280637
26693	0.002769020784
26694	0.0007313306312
26695	0.0004753608337
26696	0.007227611626
26697	0.003005248555
26698	0.006195202481
26699	0.003798019579
26700	0.001866937449
26701	0.001169650283
26702	0.001231342018
26703	0.00183947984
26704	0.003088124249
26705	0.0007365944127
26706	0.000805003752
26707	0.004099711448
26708	0.006415562764
26709	0.001183545714
26710	0.001071732211
26711	0.02064327363
26712	0.0002547843503
26713	0.00233885368
26714	0.001232609982
26715	0.0005622231127
26716	0.0007358557369
26717	0.002114858025
26718	0.001858483289
26719	0.009528915588
26720	0.007318483405
26721	0.001857300032
26722	0.0001104763439
26723	0.0158161645
26724	0.006807737847
26725	0.004116635462
26726	0.002641729515
26727	0.0006393856372
26728	0.004355716488
26729	0.0002668378256
26730	0.001234625812
26731	0.002938682181
26732	0.00101669823
26733	0.001186567979
26734	0.0005378423178
26735	0.002279150003
26736	0.003347332736
26737	0.0007290701079
26738	0.0035417668
26739	6.967334544e-05
26740	0.007801393208
26741	0.01571306118
26742	0.003189859269
26743	0.003688806829
26744	0.007053348177
26745	0.0003433148829
26746	0.01093535919
26747	0.01016041221
26748	0.00286805333
26749	0.00102774744
26750	0.0005412246684
26751	0.007873009235
26752	0.002457020588
26753	0.001849254404
26754	0.006054777092
26755	0.0003967897514
26756	0.007251594754
26757	5.100048884e-05
26758	0.003160713715
26759	0.004694771195
26760	0.00183141796
26761	0.0009413893796
26762	0.0005223695883
26763	0.0001393372474
26764	0.001976568853
26765	0.0186603683
26766	0.002788225144
26767	0.0003173812399
26768	0.000215927977
26769	0.0008217696346
26770	0.006614064334
26771	0.001185472318
26772	0.001774848574
26773	0.0004371108798
26774	0.01205607753
26775	1.362765376e-05
26776	0.0007853380564
26777	0.0006979985929
26778	0.006358031994
26779	0.001853355804
26780	0.005859664154
26781	0.0002529673218
26782	3.390515478e-05
26783	0.0008459207114
26784	1.973820056e-06
26785	0.003783789237
26786	0.0001892203445
26787	0.000676921978
26788	0.001026373165
26789	0.0005656868728
26790	0.002278119501
26791	0.002552211906
26792	0.001787765516
26793	0.0008072379351
26794	0.001313286973
26795	0.005482478382
26796	0.0001781351708
26797	0.0143050984
26798	0.001731867749
26799	0.0002745636266
26800	0.01071949075
26801	0.0005692807066
26802	0.0007346107294
26803	0.0003649176829
26804	0.01050971744
26805	0.0001139960194
26806	0.00259689655
26807	0.007810055267
26808	0.0008451905342
26809	0.000635437117
26810	0.0008631550388
26811	0.01246034359
26812	0.003872444309
26813	0.0007214171277
26814	0.001794158784
26815	0.00781626339
26816	0.001027346774
26817	0.0008399756941
26818	0.0006212790375
26819	7.303695148e-05
26820	0.00137192916
26821	0.006586068872
26822	0.0009310135027
26823	0.009636727604
26824	0.0001852837646
26825	0.004730112002
26826	0.00938426547
26827	0.002883402261
26828	0.0008815300877
26829	0.0004389194439
26830	0.005762485236
26831	0.004859096619
26832	0.0004023966966
26833	0.009738163216
26834	0.0008588809348
26835	0.003483214765
26836	0.0007658346824
26837	0.01027046391
26838	0.0004690541218
26839	0.000756823922
26840	0.0003798240826
26841	0.00131328766
26842	0.002853726601
26843	0.01687526429
26844	7.402849711e-05
26845	0.007469766654
26846	0.0002649397196
26847	0.0009111746659
26848	0.01319485041
26849	0.005456664465
26850	0.004174255378
26851	0.002313035032
26852	0.001602165027
26853	0.0003176410154
26854	0.00554631788
26855	0.001509874566
26856	2.661543859e-05
26857	0.01929565354
26858	0.0005282249923
26859	0.01145383679
26860	0.01357536099
26861	0.000422431665
26862	0.0007777301702
26863	0.02241867908
26864	0.004545341305
26865	0.001533661281
26866	0.0002313045961
26867	0.001440442437
26868	0.0003860225766
26869	0.001011348812
26870	0.003011737309
26871	0.004484095734
26872	0.008289517422
26873	0.0004290378541
26874	0.0001443212957
26875	0.01198700504
26876	8.357012514e-05
26877	0.008431889535
26878	0.0002490503279
26879	5.645792369e-05
26880	0.0003866984624
26881	8.259566145e-05
26882	0.006768486534
26883	3.219299151e-05
26884	0.003941227411
26885	0.003111016832
26886	0.001636021614
26887	0.0004027749837
26888	0.008271963078
26889	0.005588319025
26890	0.002846974786
26891	0.001707482904
26892	0.009229683266
26893	0.007070339355
26894	0.01481692497
26895	0.002179165234
26896	0.0001584189667
26897	0.0006566750621
26898	0.001313645788
26899	0.0160870983
26900	0.001619363081
26901	0.000799973171
26902	0.00016712707
26903	0.002329495987
26904	0.01347078602
26905	0.00737238581
26906	0.002093652388
26907	0.001568685286
26908	0.0005537240034
26909	0.01681972524
26910	0.0002930557846
26911	0.001482401598
26912	0.004121585174
26913	0.0002435037438
26914	0.007547249756
26915	0.002117402586
26916	0.006317050893
26917	0.004064089507
26918	0.001972758134
26919	5.091391642e-05
26920	0.0003808761195
26921	0.0004225104115
26922	0.003387863374
26923	0.001950375938
26924	0.01283064588
26925	7.807264631e-05
26926	0.001583524176
26927	0.000146645801
26928	0.0001507027993
26929	0.0005538817955
26930	0.0003331165983
26931	0.004591322836
26932	0.01191870958
26933	0.0007657602868
26934	0.0002393903482
26935	0.001234229837
26936	0.001003998092
26937	0.001867539409
26938	0.002452652248
26939	0.01734288415
26940	0.001804522404
26941	0.008939499222
26942	0.01368800353
26943	0.007126859646
26944	0.0009286948156
26945	0.0005424617888
26946	0.005837218431
26947	0.00564070526
26948	0.001433670573
26949	0.0163852153
26950	0.009777819178
26951	0.0108687582
26952	0.0009022022797
26953	0.02192861215
26954	0.0006961087191
26955	0.0003961342729
26956	0.0007436261606
26957	0.001545354049
26958	0.004592213156
26959	0.00465460842
26960	0.001050082033
26961	0.001025498308
26962	0.002028204982
26963	0.0009857339494
26964	0.004817470775
26965	0.0002736568676
26966	0.01051173971
26967	0.003084463045
26968	0.0007950720007
26969	0.005574948199
26970	0.009369201924
26971	0.01541108082
26972	0.001007176128
26973	0.001265412624
26974	0.005775576071
26975	0.0007789257242
26976	0.0008096391094
26977	0.0004265232745
26978	0.006946309458
26979	3.692018457e-05
26980	0.001781239302
26981	0.000427886761
26982	0.002054800193
26983	0.004371584431
26984	0.003646876409
26985	0.001262736881
26986	0.006531040111
26987	0.0003080999113
26988	0.002201242284
26989	0.001151808122
26990	0.01052654652
26991	0.001006291872
26992	0.002207398852
26993	0.001802860974
26994	0.002950676705
26995	0.01479005863
26996	0.0007941858886
26997	0.005607301267
26998	2.552867082e-05
26999	0.002204781727
27000	0.0009092192418
27001	0.002287117076
27002	0.003859273888
27003	0.01081734238
27004	8.949566393e-05
27005	0.02063289314
27006	0.0130867791
27007	0.0009298386128
27008	0.001286261817
27009	0.01016582188
27010	0.01166474038
27011	0.0002020181269
27012	0.0004069764416
27013	0.003321982236
27014	0.008436018425
27015	0.001170205641
27016	0.000916393527
27017	0.0057455759
27018	0.006243311386
27019	0.0002745603713
27020	0.002938386681
27021	0.01020275163
27022	0.006105855153
27023	0.01098121132
27024	0.001536152027
27025	0.003510617595
27026	0.00354974505
27027	0.008113483598
27028	0.01954946356
27029	0.002413711942
27030	0.002965441105
27031	0.001341013065
27032	0.000102456148
27033	9.470141347e-05
27034	0.01179795404
27035	0.001273752961
27036	0.006810373375
27037	5.143042679e-05
27038	0.007716972834
27039	0.001911766275
27040	0.0002692699827
27041	0.0002963599471
27042	0.001122164564
27043	0.0007085890069
27044	0.001148220961
27045	0.0002025753415
27046	0.008986360392
27047	0.003006427492
27048	0.003561537381
27049	0.007737038922
27050	0.0005758270768
27051	0.0116472185
27052	0.001428049346
27053	0.004200022654
27054	0.001033122102
27055	0.001341658424
27056	0.00115573105
27057	0.0003089023351
27058	0.0006315282478
27059	0.001950029685
27060	0.0006777751936
27061	0.00181999241
27062	0.0009086578499
27063	0.002873621244
27064	0.003684320755
27065	0.0007088553674
27066	0.01778371003
27067	0.001746624659
27068	0.001150521103
27069	0.001398418083
27070	6.087866736e-05
27071	0.0005266670929
27072	0.005553898641
27073	0.001671845823
27074	0.0009474304953
27075	0.001006238586
27076	0.001452033454
27077	0.0001089615799
27078	0.007718303488
27079	0.005378424165
27080	0.001267518015
27081	0.009907397824
27082	0.0006656168962
27083	0.002232290008
27084	0.01813164615
27085	0.007845736383
27086	0.002661309822
27087	0.0002382178302
27088	0.008297412019
27089	0.0008374993451
27090	0.0005807746349
27091	0.0009482120849
27092	0.001438132537
27093	0.0002322471488
27094	0.003186675719
27095	0.007948693228
27096	0.000615851008
27097	0.0005682309681
27098	0.00173580235
27099	0.00130347715
27100	0.000791008786
27101	0.001526649841
27102	0.0009265678678
27103	0.0004821876289
27104	0.001361970139
27105	0.008970595409
27106	0.003243166025
27107	0.0005355940149
27108	0.005563731549
27109	8.739256122e-05
27110	0.0002467063005
27111	0.00255496141
27112	0.0002912453899
27113	0.0005655613674
27114	0.00610585719
27115	0.002695528872
27116	0.002122638744
27117	0.008265746979
27118	0.003614428787
27119	0.0002086949621
27120	0.001230738213
27121	0.0001743278833
27122	0.008028099347
27123	0.002485887379
27124	0.001026146496
27125	0.0003495003039
27126	0.00178235996
27127	0.0001149269796
27128	0.007050653232
27129	0.001127599401
27130	0.0121961165
27131	0.004242649133
27132	0.009046875007
27133	1.079070274e-05
27134	0.000700367437
27135	0.004017369862
27136	0.0003288007028
27137	0.0006390378783
27138	0.0002534791913
27139	0.0005458527201
27140	0.001264251746
27141	0.002270808273
27142	0.0002869430234
27143	0.008711718048
27144	0.001408891138
27145	0.002492641434
27146	0.0001856119685
27147	0.001026958048
27148	0.007316532076
27149	0.003518557306
27150	0.01067850412
27151	0.001226209656
27152	0.001576057684
27153	0.004112708048
27154	0.007670598966
27155	0.001816536059
27156	0.00817559136
27157	0.004741887981
27158	0.002247590944
27159	0.003396071062
27160	0.019705538
27161	0.001481900424
27162	0.0009676807358
27163	7.52567078e-05
27164	0.001103239243
27165	0.002168896518
27166	0.009852378265
27167	0.004982247042
27168	0.01149170713
27169	0.0006611258361
27170	0.0003652377302
27171	0.000338175059
27172	6.234312105e-05
27173	0.0008993250592
27174	0.001799030238
27175	0.003964926192
27176	0.0001998746646
27177	0.006225796155
27178	0.001287356361
27179	0.002556284305
27180	0.0007188567207
27181	0.002447560406
27182	0.0003081980396
27183	0.0003091417851
27184	0.008423868701
27185	0.0005987676886
27186	0.000240837478
27187	0.0002229158026
27188	8.685113461e-05
27189	0.004455703359
27190	0.001459963167
27191	0.0002881180021
27192	0.002569855381
27193	0.0004709316104
27194	0.0005504046056
27195	0.0006938548185
27196	0.000278243075
27197	0.001138361297
27198	0.0002080927777
27199	0.001565668181
27200	0.002065268116
27201	0.002329532191
27202	0.0002703919082
27203	0.00458226621
27204	0.000221265467
27205	0.0008589242251
27206	0.009092354252
27207	0.002245171696
27208	0.005732782097
27209	0.005220528193
27210	0.001236475261
27211	0.008792930065
27212	0.01621130326
27213	0.001666217115
27214	0.0008057059167
27215	0.008663858117
27216	0.000284225202
27217	1.834439468e-05
27218	0.01346436606
27219	0.002808921823
27220	0.0014692173
27221	0.0004780505618
27222	0.001692199749
27223	0.0002310736931
27224	0.000672680474
27225	0.000849095882
27226	5.620315943e-05
27227	0.0186437713
27228	0.003521458108
27229	0.000217130295
27230	0.0003547078238
27231	0.0001191938315
27232	0.001102614254
27233	0.002101824803
27234	0.002360054662
27235	0.0005154553514
27236	0.01099892944
27237	0.0004914697749
27238	0.001494352748
27239	0.00174881042
27240	0.0008497559566
27241	0.001414309373
27242	0.00203247341
27243	0.003297517457
27244	0.0003617243061
27245	0.0003561106266
27246	0.003148713608
27247	0.0005427166109
27248	0.001062768653
27249	0.001915157357
27250	0.0005169387576
27251	0.0008922722231
27252	0.0004911750499
27253	0.0003777392404
27254	8.419697926e-05
27255	0.005028770029
27256	0.000412500553
27257	0.0003759950184
27258	0.007926645636
27259	0.0006242823362
27260	0.0003706579911
27261	0.006334533701
27262	0.0009292822503
27263	0.0002994904215
27264	0.0008450679261
27265	0.001265022539
27266	0.001500751658
27267	0.0006433618735
27268	0.0003228006231
27269	2.075240851e-05
27270	0.0009310995681
27271	0.0004037864542
27272	0.001129223429
27273	0.00493696224
27274	0.009748205594
27275	0.001170185868
27276	0.006157440162
27277	0.0004410682496
27278	0.0009295049344
27279	0.0004686294815
27280	0.0002267687694
27281	0.0005748546196
27282	0.0002085627095
27283	0.001050303478
27284	0.0001640010839
27285	0.01571768018
27286	0.0004023505748
27287	0.003089937576
27288	0.0005571921759
27289	0.01287103289
27290	0.002460411924
27291	0.0002448202379
27292	0.005120281236
27293	0.007669200686
27294	0.0009386772349
27295	0.002123424689
27296	0.0009042364863
27297	0.006884966553
27298	0.01532630675
27299	0.009981121867
27300	0.001194695317
27301	0.004152679181
27302	0.009028385675
27303	0.0009423743028
27304	0.0008947785232
27305	0.006435159925
27306	0.01065671542
27307	0.0006220195518
27308	0.005323729083
27309	0.0006825913631
27310	0.005526928985
27311	0.01746876335
27312	0.006799152519
27313	0.001670174687
27314	0.001027772303
27315	0.004194959302
27316	0.001858186769
27317	0.006372255517
27318	0.007438191452
27319	0.01135346611
27320	0.002197096608
27321	0.01584374526
27322	0.004185069445
27323	0.003545477426
27324	0.005243964911
27325	0.004019838359
27326	0.0007388093169
27327	0.004685199497
27328	0.003460126491
27329	0.002533757944
27330	0.0002102631709
27331	0.0003041776138
27332	0.002007253713
27333	0.01919088629
27334	0.003231588492
27335	0.0004399483208
27336	0.001754395803
27337	0.001067991755
27338	0.00109333968
27339	0.001889942454
27340	0.001282371346
27341	0.006492322278
27342	0.001511773864
27343	0.003814275357
27344	0.008363150108
27345	0.003352450708
27346	0.0005959687376
27347	0.0008801886343
27348	0.0004309774111
27349	0.0002192303622
27350	0.001883316929
27351	6.716392155e-05
27352	0.0006688631528
27353	0.0008738232794
27354	0.0007779131425
27355	0.01076818187
27356	0.0008449833991
27357	0.002515176523
27358	0.002311160512
27359	0.0007778424673
27360	0.002493410777
27361	0.0001249546926
27362	0.01286574573
27363	0.002359377743
27364	0.0002432357824
27365	0.0005410564276
27366	0.003673044609
27367	0.002932427233
27368	0.000100415225
27369	0.0008038616251
27370	0.009007486491
27371	0.002641920607
27372	0.0002863081801
27373	0.003491362193
27374	0.008832239209
27375	0.007115778494
27376	0.006725934442
27377	0.0001380080412
27378	0.0004134615013
27379	0.008246934772
27380	0.0001656634406
27381	0.002157182084
27382	0.01370857805
27383	0.006388950355
27384	0.005750372202
27385	0.0001957659716
27386	0.0003613991387
27387	0.00412347917
27388	0.00413437332
27389	0.001553726215
27390	0.000278866424
27391	0.001490094053
27392	0.0003105529073
27393	0.001107872682
27394	0.0008645181365
27395	0.0005454326071
27396	9.099839185e-05
27397	0.001253513238
27398	0.001953149979
27399	0.0003531296564
27400	0.0002803646216
27401	0.001676919958
27402	0.0001865769293
27403	0.01037630215
27404	0.0005348497281
27405	0.001678357258
27406	0.001114871502
27407	0.004672301655
27408	0.001694158878
27409	0.004112902476
27410	0.0001379683528
27411	0.001472601898
27412	0.008982322827
27413	0.002259590583
27414	0.01032645426
27415	0.0097354085
27416	2.836951179e-06
27417	0.0001605514692
27418	0.001922813328
27419	0.0005575019517
27420	0.008497441364
27421	0.000833151958
27422	0.0004004877212
27423	0.01505097235
27424	0.001297695173
27425	0.01752133662
27426	0.03081270233
27427	0.0002202720045
27428	0.009701584312
27429	0.0004736844233
27430	0.000242659037
27431	0.0005604212745
27432	0.0002241663924
27433	0.007626265124
27434	0.0009153892264
27435	0.0003981479614
27436	0.0241728904
27437	0.003320243372
27438	0.006429154843
27439	0.02187251619
27440	0.0002792080253
27441	0.0006177033363
27442	0.0002718928271
27443	0.0005980006489
27444	0.0004666263447
27445	0.0007239892429
27446	0.0006149927947
27447	0.006673320423
27448	0.001325649808
27449	0.005394690081
27450	0.02363722417
27451	1.756292632e-05
27452	0.0003894406479
27453	0.001288063046
27454	0.004916139425
27455	0.009794268328
27456	0.00280592382
27457	0.005984262661
27458	0.007063613039
27459	0.0008980473288
27460	0.003394999326
27461	0.0007896814172
27462	0.0007416342588
27463	0.0006511915759
27464	0.0005155153692
27465	0.0005230862114
27466	0.000112289357
27467	0.005271144055
27468	0.0002144048394
27469	7.934191058e-05
27470	0.01099050645
27471	0.005568176052
27472	0.007291271456
27473	0.003306786486
27474	0.0003009075569
27475	0.003669432982
27476	0.001630260641
27477	0.00223658094
27478	0.008667227358
27479	0.001153447961
27480	0.0009056116528
27481	0.002460712394
27482	0.005092260581
27483	0.001921617153
27484	0.0003498693538
27485	0.002255556885
27486	0.00425481829
27487	0.02407136022
27488	0.001187817473
27489	0.003997723301
27490	0.001634128002
27491	0.008388464564
27492	0.003247624903
27493	0.003903209222
27494	0.001563309513
27495	0.0008823560634
27496	0.009189479212
27497	0.0001111375628
27498	0.001207335201
27499	0.008402746942
27500	0.0006689362501
27501	4.428633415e-05
27502	0.003707500499
27503	0.0008737656832
27504	9.094908266e-05
27505	0.0008378007081
27506	0.004186954191
27507	0.0008338573682
27508	0.01094806566
27509	0.0005989016445
27510	0.007456331123
27511	0.0006917118838
27512	0.005961160632
27513	0.001855814486
27514	0.0006726170078
27515	0.000256756702
27516	0.000867222018
27517	0.0001857535712
27518	0.004561542143
27519	0.0005380982328
27520	0.0277294016
27521	0.0006897038117
27522	0.0008690650487
27523	0.0002534900714
27524	0.0007355402447
27525	0.0001660679099
27526	0.0007126431422
27527	0.0001510793338
27528	0.000987996271
27529	0.0001514286813
27530	0.000537973262
27531	0.001083271602
27532	0.004087018643
27533	0.000334239083
27534	0.0006360495016
27535	0.002112533874
27536	0.007520463115
27537	0.001783496988
27538	0.002946915037
27539	0.0007078524642
27540	0.0006190396052
27541	0.001036514414
27542	0.00182199692
27543	0.0007905043959
27544	0.0003360954815
27545	0.006639357765
27546	0.002776263342
27547	0.002892025173
27548	0.003291600623
27549	0.002573789232
27550	0.007240032531
27551	0.001658893682
27552	0.001549712289
27553	0.01087073151
27554	0.005967096246
27555	0.01431157221
27556	0.0005466516588
27557	0.006337017217
27558	0.001219576683
27559	0.003702589943
27560	0.0002637995682
27561	0.004893076161
27562	0.0002683970753
27563	0.000308477027
27564	0.007485404095
27565	0.0069534169
27566	0.0003190205776
27567	0.01514519078
27568	0.002387678385
27569	0.009903453109
27570	0.002203636982
27571	0.000413016558
27572	0.003442243113
27573	0.00233115118
27574	0.0008797768017
27575	0.006596355251
27576	0.002646129201
27577	0.01033522711
27578	0.01444152234
27579	0.004211898076
27580	0.01490821532
27581	0.001147480706
27582	7.005757177e-05
27583	0.01686132552
27584	0.0003002255285
27585	0.001251145722
27586	0.0003222742126
27587	0.01354120607
27588	0.001931620565
27589	0.006548421012
27590	0.00470655216
27591	0.002759338797
27592	0.004970834517
27593	0.01200519731
27594	0.007303870115
27595	0.004662063276
27596	0.001663099863
27597	0.0014761832
27598	0.001262180097
27599	0.03049488645
27600	0.005543633085
27601	0.005450651125
27602	0.00348540295
27603	0.005318387409
27604	0.003438991644
27605	0.003119432393
27606	0.003425726346
27607	0.01093186858
27608	5.5976023e-05
27609	0.001095237623
27610	0.01647024359
27611	0.007451362116
27612	0.01002422304
27613	0.00224648642
27614	0.01327571872
27615	0.003601572053
27616	0.008061170807
27617	0.001373119933
27618	0.004244272949
27619	0.002537305445
27620	0.001153801202
27621	0.0007439186774
27622	0.0003501904277
27623	0.0008609255078
27624	0.0004003061365
27625	0.0004125205566
27626	0.001721577742
27627	0.00030566677
27628	0.01077504073
27629	0.000615421718
27630	0.01408976752
27631	0.001396983984
27632	0.00230086055
27633	0.0007242799205
27634	0.001521292612
27635	0.008408058808
27636	0.003280841503
27637	0.0004623744177
27638	0.001224882242
27639	0.0003568689632
27640	0.00339405565
27641	0.0007899445696
27642	0.004343289093
27643	0.0002021624367
27644	0.006827275893
27645	0.004134525888
27646	0.002051408223
27647	0.0002505886742
27648	0.006420922349
27649	0.008129478835
27650	0.01641741724
27651	0.001174441026
27652	0.01205477375
27653	0.003071785553
27654	0.002032630992
27655	0.008269264352
27656	0.001616493073
27657	7.644720641e-06
27658	0.0009792411162
27659	0.0002264280459
27660	0.007178575776
27661	0.0005055855604
27662	1.975869221e-05
27663	0.007844603011
27664	0.001159588388
27665	0.000753418599
27666	0.0003000500322
27667	4.188185466e-05
27668	0.0006294513847
27669	0.002486205092
27670	0.01192624241
27671	0.01016272354
27672	0.001019728975
27673	0.0105853803
27674	0.005151881534
27675	0.0002781364373
27676	0.0005295057325
27677	0.0003822876024
27678	0.009864159929
27679	0.0005510892547
27680	0.0002889036486
27681	0.0006034378423
27682	0.007086423104
27683	0.001406786087
27684	0.005800393745
27685	0.003597692616
27686	0.002296368466
27687	0.0005062601636
27688	0.008904505304
27689	0.003657969595
27690	0.007062186368
27691	0.0004365166012
27692	0.001582599593
27693	0.001469566233
27694	0.002576743953
27695	0.01224700141
27696	0.000447422348
27697	0.0005318500243
27698	0.001485979507
27699	0.0008210946536
27700	0.007092174586
27701	0.0004851998207
27702	0.0001748978866
27703	0.0006463179987
27704	0.006512029702
27705	0.001207617477
27706	0.001126641126
27707	0.000887479449
27708	0.01120206987
27709	0.003736990396
27710	0.002117548846
27711	0.0002555533838
27712	0.0002591657781
27713	0.004725045106
27714	0.0004809698606
27715	0.003769462413
27716	0.01062725524
27717	0.000728184963
27718	0.002089615682
27719	0.0004628971684
27720	0.0007587962548
27721	0.001307989291
27722	0.0006104828714
27723	0.0002959292323
27724	0.0002499078603
27725	0.001590110464
27726	0.00817174446
27727	0.0005808436919
27728	0.001097987149
27729	0.0004567210144
27730	0.001328917496
27731	0.0003582825036
27732	0.0003641721706
27733	0.0004936247651
27734	0.004089457133
27735	0.001204144025
27736	0.0005314417336
27737	0.0001678792817
27738	0.008130132017
27739	7.997267457e-05
27740	0.006522928369
27741	0.0008438840676
27742	0.001682178267
27743	0.0004880449754
27744	0.0005438327854
27745	0.01114362891
27746	0.0004499085272
27747	0.001574166891
27748	0.008908472142
27749	0.0001637616544
27750	0.02323056964
27751	0.001381170314
27752	0.0005790997249
27753	0.000515410445
27754	0.0009323194131
27755	0.0006780161597
27756	0.0006379365346
27757	0.007987881077
27758	0.001209158739
27759	0.0002870452378
27760	0.0002012044989
27761	0.008597451994
27762	0.001378510537
27763	0.01067491608
27764	0.0003466868887
27765	0.001352932209
27766	0.004131855507
27767	0.00169184173
27768	0.002146705513
27769	0.00605261051
27770	0.004730095065
27771	0.004300029777
27772	0.0004319252885
27773	0.0001561690051
27774	0.0003278041513
27775	7.812791682e-05
27776	0.003180390934
27777	0.0001263228212
27778	0.01294334789
27779	0.01237163129
27780	0.005598934772
27781	0.001613451214
27782	0.01244319667
27783	0.006457746789
27784	0.004093636979
27785	0.003098203317
27786	0.001169757226
27787	0.000976169916
27788	0.004434815974
27789	0.00740707082
27790	0.0009105888601
27791	0.0004814374163
27792	0.002549718632
27793	0.006406847558
27794	0.0005399030863
27795	0.009614399964
27796	0.005399645917
27797	0.004765286484
27798	0.005998927699
27799	2.216038293e-05
27800	3.113357937e-05
27801	0.0006528827533
27802	0.0003064466866
27803	0.001584007262
27804	0.005488591603
27805	0.001013067336
27806	0.009786327245
27807	0.01570924331
27808	0.000505687207
27809	0.0004379792834
27810	7.713853786e-05
27811	0.000463644545
27812	0.004550380414
27813	0.0001842676081
27814	0.001390417724
27815	0.002974404326
27816	0.0008235776503
27817	0.002188940063
27818	4.661060454e-08
27819	0.0002095540474
27820	0.004256236567
27821	0.003325206239
27822	0.0006740691016
27823	0.003304388909
27824	0.001699261156
27825	0.0004243791395
27826	0.001092473553
27827	0.004118939903
27828	0.0005156551545
27829	0.02220941038
27830	0.0005279077029
27831	0.001690688335
27832	0.01392342321
27833	5.440315849e-05
27834	0.00694364784
27835	0.0003153911238
27836	0.0004009870493
27837	0.01870826367
27838	0.00280376441
27839	3.339081365e-05
27840	0.01003138194
27841	0.0001345580216
27842	0.002442803051
27843	0.0006249327261
27844	0.00219499827
27845	0.001043601126
27846	0.001309109077
27847	0.001403784079
27848	0.0109920246
27849	0.001599764315
27850	0.003257561284
27851	0.0004708241338
27852	0.00105763004
27853	0.000592889756
27854	0.01607189477
27855	0.0007544848874
27856	0.01662704531
27857	0.0003526793285
27858	0.001943339241
27859	0.01059465304
27860	0.0005242386176
27861	0.01733747016
27862	0.01180516561
27863	0.00260404742
27864	0.0005421716486
27865	0.01622348446
27866	0.001288063068
27867	0.007485162981
27868	0.008996779906
27869	0.008251916684
27870	1.04568125e-05
27871	0.003714602634
27872	0.003984932446
27873	0.0003751248123
27874	0.0009776243819
27875	0.0009332966926
27876	0.01019170826
27877	0.006572434725
27878	0.0006680162647
27879	0.0001942597705
27880	0.0005196112617
27881	0.003269582054
27882	0.0007203354139
27883	0.0006355121034
27884	0.001434703844
27885	0.0006074556657
27886	0.000545036913
27887	0.0007344717444
27888	0.0004686498608
27889	0.006451870813
27890	0.00204007007
27891	0.0108650238
27892	0.0009481834615
27893	0.0007350200267
27894	0.001112462302
27895	0.004788431393
27896	0.0004955912791
27897	0.02158632481
27898	0.003192407998
27899	0.0006614235151
27900	0.0004621427822
27901	0.000283979531
27902	0.009810716081
27903	0.0007625471548
27904	0.001216236963
27905	0.001179721951
27906	0.002720670794
27907	0.001453313755
27908	0.001386810807
27909	0.01163199636
27910	0.01269095642
27911	0.004712176035
27912	0.0004881983257
27913	0.01100261901
27914	0.0004763241136
27915	0.001678811149
27916	0.001516315193
27917	0.001079813341
27918	0.01829387777
27919	0.0005839501871
27920	8.664190892e-05
27921	0.003248219049
27922	0.01147739548
27923	0.0006359720418
27924	0.004808502721
27925	0.0002384972195
27926	0.007975493934
27927	0.00451530396
27928	0.002720851048
27929	0.0009008931994
27930	0.0005140618264
27931	0.000517176057
27932	0.0005365400969
27933	0.006986731001
27934	0.002352487037
27935	0.003848912366
27936	0.00117160449
27937	0.0003160850659
27938	0.001948946434
27939	0.001230395408
27940	0.01217840871
27941	2.831574496e-05
27942	0.01107981162
27943	0.00399420661
27944	0.008292874768
27945	0.0001642415618
27946	0.001027593459
27947	0.009924883148
27948	0.002572460441
27949	0.0008789393768
27950	0.002325826447
27951	0.0002350872499
27952	0.001073944033
27953	0.01178392736
27954	0.001008476003
27955	0.004387933723
27956	0.009782553761
27957	0.009217331255
27958	0.0001731354026
27959	0.001932234062
27960	0.002227165609
27961	0.001335997701
27962	0.0008147006338
27963	0.00236279613
27964	0.000937441275
27965	0.0001288805344
27966	0.008819400654
27967	0.002424329604
27968	0.001694696105
27969	0.004190917673
27970	4.844267043e-05
27971	0.01469836811
27972	0.006680735301
27973	0.0004738714326
27974	0.01229319234
27975	0.001769947002
27976	0.005177557312
27977	0.0008664037965
27978	0.0002356539898
27979	0.006595603818
27980	0.000786593123
27981	0.002491846319
27982	0.005744015133
27983	0.000237362258
27984	0.002985723937
27985	0.0004843135929
27986	0.002565996792
27987	0.002842315249
27988	0.01210364943
27989	0.0004089352626
27990	0.003778223476
27991	0.01807354104
27992	0.001279948268
27993	0.0006971318523
27994	0.01140639528
27995	0.01568687542
27996	0.004273093972
27997	0.0005161223074
27998	0.0220772699
27999	0.002418558582
28000	0.0005430635859
28001	0.0004620179252
28002	0.0005028256431
28003	0.01082830972
28004	0.003340384556
28005	0.0001003321166
28006	0.007826352134
28007	0.0003758927301
28008	0.01718894997
28009	0.007203844684
28010	0.02072308626
28011	0.0004481059284
28012	0.0032548733
28013	0.0001382212399
28014	0.003403771781
28015	0.003195094762
28016	0.002711864948
28017	0.0004389336598
28018	0.0005846130181
28019	0.0002003820173
28020	0.007095697453
28021	0.002148829846
28022	0.002906806696
28023	8.146087017e-05
28024	0.0005778772069
28025	0.0001602412232
28026	0.001739957606
28027	0.01175815776
28028	8.05142304e-05
28029	0.008658506018
28030	0.004687233848
28031	0.0005795189255
28032	0.001017565594
28033	0.0004393017845
28034	0.00438803186
28035	0.006080367879
28036	0.01072957615
28037	0.002559405037
28038	0.0004476525944
28039	0.001555398773
28040	8.381710934e-05
28041	0.01292302553
28042	0.003465783341
28043	0.005011728497
28044	0.004996342518
28045	0.003006451352
28046	0.002814612005
28047	0.001189033446
28048	0.000312341812
28049	5.504691946e-05
28050	0.0002711262514
28051	0.002440703095
28052	0.0002856446143
28053	0.005524416475
28054	0.002185299339
28055	0.005358786999
28056	8.29411411e-05
28057	0.003178676369
28058	0.001615430154
28059	0.01670196754
28060	1.726484263e-05
28061	0.001236821368
28062	0.003704174337
28063	0.0004268924702
28064	0.004432175851
28065	0.01425280994
28066	0.004572498195
28067	0.00353603363
28068	0.001228074403
28069	0.002338061309
28070	0.01100992893
28071	0.0003505943453
28072	0.01062855979
28073	0.0004753405621
28074	0.001336221524
28075	0.0007474959032
28076	0.004304048548
28077	0.0003712294723
28078	0.005421950106
28079	0.007320829264
28080	0.0009542911669
28081	0.0002498474274
28082	0.0002762715415
28083	0.01046465561
28084	0.0006329537039
28085	0.003705990073
28086	0.0005264624165
28087	0.0006810498133
28088	0.005133226044
28089	0.0001807975721
28090	0.001879167413
28091	0.0006678625822
28092	0.001269543149
28093	0.001066135574
28094	0.0005385957101
28095	0.005794365418
28096	0.0002877015842
28097	0.0004809794904
28098	0.0006733298381
28099	0.01180422883
28100	2.325556654e-06
28101	6.085327639e-05
28102	0.004781223816
28103	0.003704864614
28104	0.001565792173
28105	0.003562131609
28106	0.0003069112321
28107	0.007500926211
28108	0.002457575498
28109	0.002861085758
28110	0.006702725913
28111	0.001142106765
28112	0.0005539977397
28113	0.01038347661
28114	0.001505483725
28115	0.01090563462
28116	0.001414497376
28117	0.002991924247
28118	0.007021124884
28119	0.01047419982
28120	0.007479057156
28121	0.0009512749452
28122	0.01111509977
28123	0.006078078976
28124	0.0004323974887
28125	0.000666132311
28126	0.001634664606
28127	0.004131237906
28128	0.006111794859
28129	0.005974906195
28130	0.002212632194
28131	0.0007518196138
28132	0.003305473053
28133	0.0007006306497
28134	0.001038608672
28135	0.004554920889
28136	0.0008682029429
28137	0.0002739873938
28138	0.005171332609
28139	0.007739557492
28140	0.005740430637
28141	0.00226597138
28142	0.0004496500113
28143	0.01236309739
28144	0.005719690396
28145	0.0005567594691
28146	0.003970457852
28147	0.0009772778888
28148	0.0001985696304
28149	0.001040110908
28150	0.004748017534
28151	0.0003052633985
28152	0.001040209091
28153	0.0005900970572
28154	0.002108052508
28155	0.00677221926
28156	0.006514353023
28157	0.002285271893
28158	0.002646226545
28159	0.004959385847
28160	0.00471204633
28161	0.009783259827
28162	0.005228445241
28163	0.01452114206
28164	0.01922284731
28165	0.01089993753
28166	0.003424322822
28167	0.002537301963
28168	0.002772457696
28169	0.00573341803
28170	0.001043488371
28171	0.01382276131
28172	0.003104813092
28173	0.01770038072
28174	0.006975914016
28175	0.003970195146
28176	0.0006599217585
28177	0.004367366852
28178	4.956901443e-05
28179	0.01621763719
28180	0.0002503636741
28181	0.001076585952
28182	0.0129222691
28183	0.009293706881
28184	0.001170269157
28185	0.001057033295
28186	0.0008156636679
28187	0.0003370003484
28188	0.0009824238852
28189	0.004610622405
28190	9.336265014e-05
28191	0.002320083397
28192	0.0007538783223
28193	0.0002177985832
28194	0.01497055645
28195	0.000774794997
28196	0.002464440285
28197	8.443296008e-06
28198	0.0009654563968
28199	0.001109505879
28200	0.00235135818
28201	0.0002186590748
28202	0.005490854825
28203	0.002549310271
28204	0.0001776453576
28205	0.006048237605
28206	0.003265992448
28207	0.009243007732
28208	0.001664431951
28209	0.003315956043
28210	0.004102071522
28211	0.00251492817
28212	0.0001372512898
28213	0.0007449477036
28214	0.006635441169
28215	0.003456291334
28216	0.0003829043638
28217	0.001335877569
28218	0.005793972777
28219	0.002219876839
28220	0.00839090728
28221	0.0008012303543
28222	0.0002276581116
28223	0.0182721637
28224	0.00170031371
28225	0.01050286297
28226	0.0003709350881
28227	0.001065428505
28228	0.0009648400202
28229	0.0003658272272
28230	0.00140480076
28231	0.004924544276
28232	0.01114932174
28233	0.02665381348
28234	0.0008474544042
28235	0.005087579274
28236	0.000935126377
28237	0.001978488578
28238	0.006104421455
28239	0.00300020646
28240	0.00340463605
28241	0.01094009475
28242	0.0005387057089
28243	0.0001786925362
28244	0.006359150132
28245	0.001697550071
28246	0.002771234886
28247	0.001190003973
28248	0.01113562891
28249	0.002477877064
28250	0.0001896906098
28251	0.001909772066
28252	0.003078141573
28253	0.001157944542
28254	0.002982114886
28255	0.004440003853
28256	0.002417701149
28257	0.004119205064
28258	0.0004370880385
28259	9.672153392e-05
28260	0.0003484094574
28261	0.01138894006
28262	0.001344766292
28263	0.005512843307
28264	0.003146562718
28265	0.002770084264
28266	0.0006928327108
28267	0.001759662303
28268	0.001109399552
28269	0.01512519455
28270	0.001200693515
28271	0.002008526248
28272	0.0004498929788
28273	0.0005030968997
28274	0.002487405397
28275	0.002285354138
28276	0.006868894523
28277	1.045543949e-05
28278	0.003073596118
28279	0.001150267448
28280	0.0005573165208
28281	0.01701047267
28282	0.001061967767
28283	0.002289912584
28284	0.003137321833
28285	0.000532244292
28286	0.01022783039
28287	0.0003005992773
28288	0.01513005449
28289	0.006165287407
28290	0.01244308412
28291	0.007627164783
28292	0.001543442046
28293	0.007185821686
28294	0.000282159318
28295	0.003954550504
28296	0.001416834327
28297	0.002946539638
28298	0.00363601445
28299	0.01280016036
28300	9.771327399e-05
28301	0.004715348818
28302	0.001231871062
28303	0.001578817103
28304	0.01016170961
28305	0.0003695435733
28306	0.006061855845
28307	0.0003656500542
28308	0.001720347045
28309	0.0009079629111
28310	0.0008319806524
28311	0.001013307692
28312	0.02229253124
28313	4.971955361e-05
28314	0.001871650945
28315	0.002133432377
28316	0.0003634445721
28317	0.001153538283
28318	0.001662451941
28319	0.004314554308
28320	0.0006496728152
28321	4.727119897e-05
28322	0.0002636342742
28323	0.0003746687022
28324	0.0005227236908
28325	0.0006576845677
28326	0.003311681117
28327	0.0001933142201
28328	0.006084985058
28329	0.00104682167
28330	0.0001274483303
28331	0.0005155363593
28332	0.0008474689016
28333	0.001286911915
28334	0.008175738591
28335	0.001482728642
28336	0.007171868538
28337	0.0003267566245
28338	0.003215126077
28339	0.0001982876626
28340	0.0166963731
28341	0.0004318978449
28342	5.638798388e-05
28343	0.0001133477978
28344	0.0004474744993
28345	0.002710875015
28346	0.009537490349
28347	0.0004172726183
28348	0.002242879732
28349	0.001222316973
28350	0.0001232257177
28351	0.0008887587241
28352	0.002360366252
28353	0.002977058014
28354	0.0008774697891
28355	0.006273288007
28356	0.006560482606
28357	0.0004410289671
28358	0.0001104121464
28359	0.003116870962
28360	0.0004959637332
28361	0.001192292071
28362	0.00568009517
28363	0.0007200734875
28364	0.01821715578
28365	0.006760741866
28366	0.0005597745767
28367	0.000854058127
28368	0.01047274385
28369	0.000748631465
28370	0.009722333981
28371	0.001258752791
28372	0.002543014478
28373	0.007093102327
28374	0.008732059156
28375	0.005396154028
28376	0.004242423403
28377	0.0009463444947
28378	0.01539898633
28379	0.006721392067
28380	0.0007014914981
28381	0.000213177834
28382	0.002962128443
28383	0.00151722573
28384	0.0120298329
28385	0.003850279492
28386	0.0001497920021
28387	0.0001444219209
28388	0.0003287312405
28389	0.0002225215661
28390	0.003339465003
28391	0.006124499034
28392	0.0004778264444
28393	0.0115302354
28394	0.0006083662231
28395	0.008568016123
28396	0.003125803253
28397	0.0003271100085
28398	0.004179822844
28399	0.0002977459713
28400	0.001118978498
28401	0.01017107017
28402	0.0004597310701
28403	0.00199419814
28404	0.001323934257
28405	0.000972874711
28406	0.001189264169
28407	0.0008997392727
28408	0.001040030593
28409	0.008038820435
28410	0.0004455783578
28411	0.0005206412023
28412	0.001747827188
28413	0.001199621595
28414	0.001350868219
28415	0.02203078178
28416	0.0005084818831
28417	0.005224597922
28418	0.009427935132
28419	0.0005647395736
28420	0.0004153621699
28421	0.01687538954
28422	0.0007782482235
28423	0.003896724057
28424	0.008465263094
28425	0.0003099328144
28426	0.0003242452597
28427	0.0004952764015
28428	0.005526490049
28429	0.0003964754332
28430	0.0007674750325
28431	0.0005537663657
28432	0.0002047562496
28433	0.007226517785
28434	0.000299980383
28435	0.0004510272928
28436	0.000587569517
28437	0.0004787443097
28438	0.001810494956
28439	0.001242851718
28440	0.0008889811218
28441	0.01101817474
28442	0.008596838845
28443	0.006728402103
28444	0.004974390425
28445	0.002226362921
28446	0.002073269843
28447	0.0006276677949
28448	0.009259712613
28449	0.0007362388067
28450	0.0001846149807
28451	0.0004828810354
28452	0.0008858345571
28453	0.006598084503
28454	0.005071746694
28455	0.001375089387
28456	0.006258320011
28457	0.009675687055
28458	0.0003170534847
28459	0.0003464427056
28460	0.0007592465924
28461	0.0068636503
28462	0.001791401601
28463	0.0001876285989
28464	0.004028384493
28465	0.0006682691722
28466	0.0005757179232
28467	0.01406893958
28468	0.001440898332
28469	0.005804378286
28470	0.0001255450618
28471	0.0003942753355
28472	0.005641573598
28473	0.004073246972
28474	0.007245367956
28475	3.893603781e-05
28476	0.0001908965809
28477	0.00352586573
28478	0.001230223918
28479	0.01077988501
28480	0.0003654305569
28481	0.00798586685
28482	9.343898587e-05
28483	0.01648299446
28484	0.001123260517
28485	0.003085029556
28486	0.0006728765011
28487	0.007888435926
28488	0.002581846537
28489	0.0002076053484
28490	0.01149802289
28491	0.007045766758
28492	0.000398472632
28493	0.0001217251426
28494	0.007799194574
28495	0.004170168481
28496	0.0001640425757
28497	0.0001278723355
28498	0.00285429063
28499	0.01151898509
28500	0.004753296072
28501	0.01275510847
28502	0.003293710194
28503	0.0004405666968
28504	0.01645432149
28505	0.0002170680561
28506	0.0006077451594
28507	0.0002169952044
28508	0.000150270512
28509	0.01440272012
28510	0.001287909588
28511	0.0004083996898
28512	0.008997143541
28513	0.003882623545
28514	0.008408623593
28515	0.002916284971
28516	0.0009899387717
28517	0.001213835511
28518	0.000264418201
28519	0.0006401722131
28520	8.950589724e-05
28521	0.003694301852
28522	0.0004405447549
28523	0.001222911067
28524	0.01664207296
28525	0.000249233686
28526	0.001337897532
28527	0.002013754597
28528	0.00142771329
28529	0.003286981486
28530	0.0003634177276
28531	0.002437241806
28532	0.003514148871
28533	0.005507685982
28534	0.01016183151
28535	0.01826737625
28536	0.0006555100161
28537	4.248922855e-05
28538	0.001451344167
28539	0.002308807884
28540	0.0007493234428
28541	0.002859913783
28542	0.0001192047692
28543	0.0007025081643
28544	0.0008912344379
28545	0.001182986652
28546	0.0005322208981
28547	0.01573058261
28548	5.980793519e-05
28549	0.01108413311
28550	0.0002818723794
28551	0.001749107335
28552	0.0004348650715
28553	0.0003317728168
28554	0.001055288226
28555	0.004878734808
28556	0.00404362864
28557	0.01059714732
28558	0.00104563071
28559	0.001668951258
28560	0.005051517606
28561	0.0004795158249
28562	0.001049862559
28563	0.0006833877462
28564	0.002377070157
28565	0.003889352179
28566	0.004966659111
28567	0.005482523032
28568	0.002756096086
28569	0.0150162242
28570	0.0005272573751
28571	0.004405717173
28572	0.0001222716678
28573	0.01981195592
28574	0.001640591738
28575	0.01054901724
28576	0.007159270173
28577	0.001156354029
28578	0.0006106480561
28579	0.0007392717339
28580	0.00220166301
28581	0.001155118961
28582	0.0006204084042
28583	0.01449366287
28584	0.001284329365
28585	0.0002022363417
28586	0.0198295125
28587	0.01438384364
28588	0.002252972083
28589	0.001090146235
28590	0.0006755678354
28591	0.0009168869265
28592	0.00376146836
28593	0.0002390478698
28594	0.003740332792
28595	0.001122346494
28596	0.001059988992
28597	0.0008796542997
28598	0.00103097795
28599	0.00208422409
28600	0.001250304244
28601	0.002538312261
28602	0.0002695676452
28603	0.002604829605
28604	0.0006994487786
28605	0.0003285194743
28606	0.0004995039444
28607	0.007220210772
28608	0.001033089953
28609	0.0007143072629
28610	0.008929699853
28611	0.00603714499
28612	0.01454180544
28613	7.111737967e-05
28614	0.005322963713
28615	0.01517869092
28616	0.0002394684966
28617	7.15457351e-05
28618	0.001093587218
28619	0.0009103544853
28620	0.0002204199077
28621	0.001488769992
28622	0.005194091865
28623	2.292443984e-05
28624	0.001230419565
28625	0.001064943576
28626	0.001179316079
28627	0.002237254243
28628	0.001236100726
28629	0.01148363344
28630	0.00834788336
28631	0.0005313932799
28632	0.0005753535241
28633	0.005215595606
28634	0.002031963688
28635	0.01033009094
28636	0.001132852276
28637	0.01858976146
28638	0.005490897026
28639	0.0006635325895
28640	0.0008609849529
28641	0.001862719678
28642	0.004847539006
28643	0.002694880257
28644	0.005243039231
28645	0.005313504927
28646	0.0002184164772
28647	0.007588577879
28648	0.005893571557
28649	0.01304877891
28650	0.007204258711
28651	0.0006014457906
28652	0.001426932206
28653	0.001111713741
28654	0.0003507847935
28655	0.002551091316
28656	0.0009888753904
28657	0.002728580026
28658	0.006566019669
28659	0.00576429344
28660	0.005349712363
28661	0.01307814478
28662	0.0001837887519
28663	0.003202432765
28664	0.01173814299
28665	0.0003010285787
28666	0.007819411963
28667	9.80509786e-05
28668	0.004078925986
28669	0.001354799094
28670	0.004518779811
28671	0.00524927174
28672	0.0004082736922
28673	0.0002130037773
28674	0.007148921569
28675	0.003065962393
28676	0.0005241728567
28677	0.002823373319
28678	0.0007825357609
28679	0.006332705457
28680	0.0002601700858
28681	0.001301392968
28682	0.000321467957
28683	0.004865678521
28684	0.001982860981
28685	0.001236261457
28686	3.242454814e-05
28687	0.001066272483
28688	0.002183390013
28689	0.003367929163
28690	0.002681180168
28691	0.00160249219
28692	0.0001265532873
28693	0.002218244714
28694	0.0001994015166
28695	0.01338744886
28696	0.0006717271397
28697	0.0009057492785
28698	0.005030955055
28699	0.0009676693261
28700	0.01965066478
28701	0.002281539601
28702	0.002448047378
28703	0.0001504345984
28704	9.862859227e-05
28705	0.006346084751
28706	0.0003844177903
28707	0.006222401346
28708	0.007296344995
28709	0.003170443466
28710	0.002205500969
28711	0.003576942495
28712	0.007009666338
28713	0.0002438299539
28714	0.0004542818641
28715	0.006665906434
28716	0.0006168780829
28717	0.008167189333
28718	0.01071365367
28719	0.000694792602
28720	0.003365325465
28721	0.0005669011823
28722	0.001571891199
28723	0.002953299785
28724	2.225900871e-06
28725	0.000126920963
28726	0.001489087006
28727	0.01145489913
28728	0.008358760321
28729	0.007261008985
28730	0.0006313709105
28731	2.619331605e-05
28732	0.0004498674431
28733	0.002230895554
28734	0.001862577741
28735	0.0002203760636
28736	0.0005850280473
28737	0.00120595264
28738	0.007938731356
28739	0.0009811294551
28740	0.0002268364813
28741	0.0002914227353
28742	0.008901179283
28743	0.000740176683
28744	0.0006557375829
28745	0.00137077036
28746	0.001720506267
28747	0.0002603042035
28748	0.0002586550971
28749	0.004774242649
28750	0.002163052712
28751	0.01106165325
28752	0.0005075459017
28753	0.001743292003
28754	0.0004385291513
28755	0.0009783561848
28756	0.0007765580403
28757	0.02099460771
28758	0.001093227073
28759	0.007957768826
28760	0.001504466915
28761	0.0007827185192
28762	0.01695047163
28763	0.004663977751
28764	0.001604744606
28765	0.003450015658
28766	0.0005430942201
28767	0.001481527067
28768	0.0006572672701
28769	0.007809523738
28770	0.0002257161247
28771	0.003940927913
28772	0.0001366254232
28773	0.001142665268
28774	0.0007340583038
28775	5.433762628e-05
28776	0.01811364055
28777	0.0142216511
28778	0.0009169955824
28779	0.003835801318
28780	0.0008560439541
28781	0.001396532975
28782	0.007165549184
28783	0.01311074532
28784	0.001142718511
28785	0.0005862637676
28786	0.0002664779543
28787	0.0315752953
28788	7.132412635e-05
28789	0.001558639305
28790	0.0004423633748
28791	0.00328258009
28792	0.0002217808511
28793	0.009278353848
28794	4.123673124e-05
28795	0.002167726567
28796	0.002528625835
28797	0.01180395437
28798	0.01244941904
28799	0.001798873736
28800	7.432974865e-05
28801	0.004201054737
28802	0.008770800403
28803	0.006749833464
28804	0.005810798148
28805	0.008091021484
28806	0.006034926578
28807	0.02482274417
28808	0.01105915392
28809	0.0016029868
28810	0.001036752853
28811	0.0002926538511
28812	0.002620198996
28813	0.0006728314596
28814	4.670893618e-06
28815	0.005193582295
28816	2.540987993e-05
28817	0.000290291633
28818	0.0003817136385
28819	0.002813382681
28820	0.004450837256
28821	0.0003278180363
28822	0.0006445834253
28823	0.001591094538
28824	0.0113475281
28825	0.0004996259888
28826	0.004417021028
28827	0.00962823317
28828	0.0003941414835
28829	0.001304731079
28830	0.001277633096
28831	0.0008920263683
28832	0.01086653251
28833	0.00581713086
28834	0.003083202239
28835	0.008745986522
28836	0.01361653609
28837	0.002609923283
28838	0.0005610721498
28839	0.004190910102
28840	0.01021288272
28841	0.002098514142
28842	0.006587417652
28843	0.0002955840459
28844	0.001817915039
28845	0.004571274467
28846	0.006078118228
28847	0.0003172132185
28848	0.004895687531
28849	0.003103518699
28850	0.0004585430323
28851	0.001230615868
28852	0.001735779925
28853	0.0003499159431
28854	0.001870490678
28855	0.01408484556
28856	0.001543154068
28857	0.002420129476
28858	0.003875811975
28859	0.009360173527
28860	0.002967411885
28861	0.0009977328751
28862	0.009496893472
28863	0.0008382806415
28864	0.0002182122515
28865	0.004755772868
28866	3.312278305e-05
28867	0.01422960109
28868	0.000373765801
28869	0.000512673839
28870	0.0002431648589
28871	0.005116288964
28872	0.005294137097
28873	0.008288131489
28874	0.005531365724
28875	0.004857911393
28876	0.01838368507
28877	0.0002098541516
28878	0.001031083366
28879	0.001861191198
28880	0.001131313068
28881	0.003602706871
28882	0.008624087704
28883	0.00102786608
28884	0.0002824921166
28885	0.0003491641862
28886	0.0001989325856
28887	0.008632111541
28888	0.0009717165184
28889	0.0007691399545
28890	0.002679257629
28891	0.0001791363952
28892	0.002236419835
28893	0.0009723892865
28894	0.006914346745
28895	0.006451817412
28896	0.0008820003566
28897	0.0005216857559
28898	0.0004071361886
28899	0.0006769682845
28900	0.0133466917
28901	0.01248825878
28902	0.0005652153878
28903	0.001372654327
28904	0.001895730597
28905	0.0001919028943
28906	0.0004230043357
28907	0.001333742766
28908	0.0009677837971
28909	0.0002027318918
28910	0.005487696715
28911	0.001045517861
28912	0.001918359331
28913	1.324797861e-05
28914	0.01217569014
28915	0.0007913029513
28916	0.02215406888
28917	0.001607563892
28918	0.002270830734
28919	0.001099606127
28920	0.005752349283
28921	7.962243279e-05
28922	0.004777377701
28923	3.288762939e-05
28924	0.0005503719358
28925	0.0004687049378
28926	0.002774311235
28927	0.0003428442969
28928	0.01110782728
28929	0.01688389155
28930	0.01276804456
28931	0.001353975033
28932	0.002296619488
28933	0.0009912629766
28934	0.0007034393896
28935	0.0005619981786
28936	0.01172241879
28937	0.003792728173
28938	0.008212155509
28939	0.0007695584373
28940	0.0008440048912
28941	0.001355045117
28942	0.0002309791777
28943	0.0008062066068
28944	0.001158182857
28945	0.0008226780102
28946	0.01374797717
28947	0.002546800973
28948	0.01456502999
28949	0.002107941591
28950	0.02948368095
28951	0.007320459818
28952	0.006148960232
28953	0.01624305403
28954	0.0004762624955
28955	0.008459020924
28956	0.02044204943
28957	0.009071636449
28958	0.0009083145976
28959	0.01001816218
28960	0.002318992013
28961	0.009754312977
28962	0.01232166553
28963	0.01220058955
28964	0.002101592954
28965	0.0001315127638
28966	0.0005091690988
28967	0.001048717713
28968	0.01017674135
28969	0.003619649381
28970	0.005086778301
28971	0.003652287569
28972	0.004769062599
28973	0.009605159174
28974	0.0009876579867
28975	0.01061329449
28976	0.001110498755
28977	0.002837848022
28978	0.01366212628
28979	0.002558362483
28980	0.003155077653
28981	0.01285565908
28982	0.0002862655527
28983	0.01279450648
28984	0.0001796609876
28985	0.0002164622986
28986	0.003117016989
28987	0.007589471757
28988	0.0002725610343
28989	6.901262165e-05
28990	0.0008044207161
28991	0.007535465599
28992	0.01455605983
28993	0.002432574317
28994	0.001504837443
28995	0.0007247142759
28996	0.006817979813
28997	0.0005052035975
28998	0.003326889608
28999	0.0006637250655
29000	0.0006940678699
29001	0.01410539614
29002	0.002065496254
29003	0.002214226662
29004	0.002284502712
29005	0.0008468468217
29006	0.001509696627
29007	0.006269888599
29008	0.0009640595869
29009	0.006547159544
29010	0.0002371022778
29011	0.0020650996
29012	0.001244435088
29013	0.01023638065
29014	0.0002543760548
29015	0.001055910836
29016	0.0140739818
29017	0.01035691147
29018	0.004607578335
29019	0.001369259323
29020	0.001282083517
29021	0.0149473093
29022	0.002540014214
29023	0.001197640254
29024	0.0005015641372
29025	0.002242261777
29026	0.01673107013
29027	0.000969678635
29028	0.00057025154
29029	0.001368463705
29030	0.003694374687
29031	0.0005221748053
29032	0.0006754657362
29033	0.01275666045
29034	0.001691314311
29035	0.004043968994
29036	0.005496419589
29037	0.01172875282
29038	0.003952732028
29039	0.0001172546218
29040	0.003228570325
29041	0.0006905991673
29042	0.003938417527
29043	0.01784616961
29044	0.01443760693
29045	0.002019766861
29046	0.0005340928382
29047	0.004485869477
29048	0.009884228329
29049	0.0007742428
29050	0.003962085719
29051	0.0002713379228
29052	6.800364473e-05
29053	0.009813911356
29054	8.352866194e-05
29055	0.0009578325373
29056	0.0003197090372
29057	0.007549841827
29058	0.000767452183
29059	0.006870282201
29060	0.001161605007
29061	0.001061837506
29062	0.02037608131
29063	0.01107562752
29064	0.0005219601228
29065	0.0002260443314
29066	0.001450923532
29067	0.007570605648
29068	0.01019133698
29069	0.0008276098728
29070	0.01887188393
29071	0.004900438146
29072	0.0001365775845
29073	0.0001530579767
29074	3.469679642e-05
29075	0.0006537524095
29076	0.01046726278
29077	0.02103892096
29078	0.01551543477
29079	0.001288412346
29080	0.00181397448
29081	0.0007567182173
29082	0.006535554073
29083	0.001197411833
29084	0.003879603719
29085	0.0001185270178
29086	0.00979377493
29087	0.0004333921679
29088	0.001496573224
29089	0.00342295684
29090	0.00500697162
29091	0.0001295901635
29092	0.001046327473
29093	0.01006491411
29094	0.0002054522287
29095	0.01240524097
29096	0.003216525433
29097	0.000711833015
29098	0.0005037131922
29099	0.0051400261
29100	0.003034319894
29101	0.001399264758
29102	1.769024941e-06
29103	0.0002569750991
29104	0.000476964147
29105	0.0004798908997
29106	0.0003374452005
29107	5.010017008e-05
29108	1.841497375e-05
29109	0.005276129764
29110	0.001873933685
29111	0.0004158658799
29112	0.002687288959
29113	0.0175362286
29114	0.002944520179
29115	0.004055974534
29116	0.0005112469372
29117	0.001426554315
29118	0.002766161592
29119	0.001903497992
29120	0.00250260766
29121	0.006056753037
29122	0.004009346319
29123	0.002650530732
29124	0.004286399617
29125	0.008905857742
29126	0.0006072747562
29127	0.001702092592
29128	0.0009271924956
29129	0.003774847261
29130	0.004277677871
29131	0.003248221133
29132	0.01004360762
29133	0.004393998119
29134	0.001200635057
29135	0.01580146353
29136	0.003100513204
29137	0.0006889836564
29138	9.621881373e-05
29139	0.00184864126
29140	0.02007274561
29141	0.000986651255
29142	0.01852822041
29143	0.001297628401
29144	0.001022768649
29145	0.0002770213332
29146	0.000490925909
29147	8.635269816e-05
29148	0.004925198436
29149	0.000127354087
29150	0.01676620793
29151	0.00353939316
29152	0.0002027684516
29153	0.001298561401
29154	3.733833904e-05
29155	0.007612387861
29156	0.002865597465
29157	0.0001581822447
29158	0.006689884575
29159	0.00332752315
29160	0.002167079321
29161	0.006250095892
29162	6.203300572e-05
29163	0.0004911107822
29164	0.001868389587
29165	0.009586684851
29166	0.005511553235
29167	0.01340781312
29168	0.0002682584669
29169	0.001152083467
29170	0.0002335827256
29171	0.001542802001
29172	0.002181252149
29173	0.004739005892
29174	0.0001162474124
29175	0.000351580148
29176	0.01053478493
29177	0.000114328868
29178	0.0008289225851
29179	0.006916853437
29180	0.009076506329
29181	0.000611330237
29182	0.001906160597
29183	0.001285710911
29184	0.01504222147
29185	0.001335710091
29186	0.008656766791
29187	0.0002067702316
29188	0.0003449272831
29189	0.011304044
29190	0.003319443989
29191	0.01073914722
29192	0.0006936188934
29193	0.01087572093
29194	0.002498059646
29195	0.02338399749
29196	0.00316473208
29197	0.000705844698
29198	0.002292686088
29199	0.000244407752
29200	1.034552821e-05
29201	0.001155233553
29202	0.0005370966118
29203	0.0002946300813
29204	0.0002893793997
29205	0.008614695089
29206	0.004751994101
29207	0.003561313993
29208	0.0004923516657
29209	1.15824774e-05
29210	0.0002803084596
29211	0.01090199101
29212	0.001500888823
29213	0.0006653777551
29214	7.469479246e-05
29215	0.01124768325
29216	0.0004452508936
29217	0.006003655406
29218	0.003980299545
29219	0.005737826729
29220	0.01325303252
29221	0.001293721829
29222	5.522742393e-05
29223	0.01673428038
29224	0.0005499455676
29225	0.001499086826
29226	0.003703044317
29227	0.0204777177
29228	0.001698368463
29229	0.004958586703
29230	0.001931896719
29231	0.007027377061
29232	0.004608647653
29233	0.004144458045
29234	0.007597538717
29235	0.002036032996
29236	0.001922577592
29237	0.00994467524
29238	0.001444739142
29239	0.001556111744
29240	0.000763659859
29241	1.203311536e-06
29242	0.0001664366413
29243	0.0002973700215
29244	0.0006093282998
29245	0.004805156772
29246	0.01166347512
29247	0.0006549456196
29248	0.0003917866161
29249	0.004812084759
29250	0.0001877569107
29251	0.0009397364315
29252	0.001638385858
29253	0.003999504316
29254	0.0004855178592
29255	0.0156281254
29256	0.00674890805
29257	0.001190261349
29258	0.002432456173
29259	0.001049397537
29260	0.0006631003039
29261	0.0007300300875
29262	0.0005120189925
29263	0.005724849338
29264	0.000491625545
29265	0.0009457923788
29266	0.001634415032
29267	0.0005274158201
29268	0.0008480244762
29269	0.006135331032
29270	0.001140302457
29271	0.004764620497
29272	0.0004577327318
29273	0.000872280491
29274	0.008066404382
29275	0.0005229444404
29276	0.003064085069
29277	0.01228162103
29278	0.004091585145
29279	0.0003701482362
29280	0.00371006266
29281	0.0005336925485
29282	0.007949247784
29283	8.873076025e-05
29284	0.003318112317
29285	0.0009002900941
29286	0.001109043208
29287	0.003195896884
29288	0.0037749565
29289	0.004966759085
29290	0.0046149905
29291	0.008742177339
29292	5.652094705e-05
29293	0.0009594841827
29294	0.002397518264
29295	0.001689627501
29296	0.0007105449013
29297	0.001107181211
29298	0.009968237076
29299	0.003576961352
29300	0.0008070611955
29301	0.009027119696
29302	0.01323490264
29303	0.00564400008
29304	0.001647122005
29305	0.0004189987869
29306	0.00871857879
29307	0.002207789335
29308	0.01720942975
29309	0.0003723926956
29310	0.0009049001575
29311	0.00452945369
29312	0.000818110992
29313	0.01009416452
29314	0.0006401604478
29315	0.0001435882254
29316	0.008308046358
29317	0.0003742055732
29318	0.002230617944
29319	0.007479736994
29320	0.005886133051
29321	0.001280593942
29322	0.0003045115194
29323	5.072921624e-05
29324	0.002688500922
29325	0.0004457338638
29326	0.0240749792
29327	0.0007358571389
29328	0.00227410633
29329	0.0009808519131
29330	0.01313087518
29331	0.002930665087
29332	0.000317796077
29333	0.008449441799
29334	0.01718257164
29335	0.002441835282
29336	0.001458681969
29337	0.001658566336
29338	0.0008901039771
29339	0.00100997067
29340	0.005935291546
29341	0.001921906077
29342	0.0003236790126
29343	0.000280027467
29344	0.006989843745
29345	0.003400112585
29346	0.001163486949
29347	0.0009138184587
29348	0.0005920791105
29349	0.006883505021
29350	0.0001470643456
29351	0.0004523808714
29352	0.004467299432
29353	0.004396749771
29354	0.005661010962
29355	0.01312070911
29356	0.01029073133
29357	0.005152301193
29358	0.004413936584
29359	0.005828182255
29360	0.001093777218
29361	0.001369973996
29362	0.0005870793582
29363	0.001980958896
29364	0.003598995957
29365	0.0007779482019
29366	0.0006793242729
29367	0.0002981063402
29368	0.002106191779
29369	0.004226303721
29370	0.0008493740056
29371	0.01394894178
29372	0.0001162252567
29373	0.008618656496
29374	0.0007206156632
29375	0.01441650667
29376	0.008182501756
29377	0.001903296596
29378	0.0002936486276
29379	0.003130357733
29380	0.008149703549
29381	0.004282014987
29382	0.001868414756
29383	0.0001088913399
29384	0.002647463333
29385	0.02805273696
29386	0.02622289882
29387	0.0003350816377
29388	6.359530151e-05
29389	0.0002812430142
29390	0.003931924842
29391	0.01073249963
29392	0.0002086655307
29393	0.0003833223428
29394	0.0003220439776
29395	0.001289921512
29396	0.0004116889264
29397	0.0008224310015
29398	0.002424617233
29399	0.0006455399138
29400	0.0005619940444
29401	0.003008603386
29402	0.002439859319
29403	0.00064074032
29404	0.001035966349
29405	0.0001042494252
29406	0.001627967175
29407	0.001402499734
29408	0.005777021895
29409	0.0003186237209
29410	8.33532425e-05
29411	0.0001952163165
29412	0.0003689085278
29413	0.01243906705
29414	0.0009630810534
29415	0.0003142709351
29416	0.0009738954768
29417	0.001109100688
29418	0.0005299910634
29419	0.01353029407
29420	0.001626958009
29421	0.0006673275978
29422	0.01323583631
29423	0.0101907841
29424	0.00607135287
29425	0.0006266935857
29426	0.0001451170334
29427	0.0002686361048
29428	0.0003045495667
29429	2.35221617e-05
29430	0.01418688497
29431	0.003970664716
29432	0.00035711066
29433	0.0005760994491
29434	0.000658896528
29435	0.0004230307635
29436	0.000388113525
29437	0.005653248505
29438	0.0007492036565
29439	0.0002992749665
29440	0.002815310521
29441	0.006200606621
29442	0.007395321221
29443	0.002794217995
29444	0.004458508533
29445	0.01078341919
29446	0.002665203273
29447	0.002332567143
29448	0.0003863496341
29449	0.0004408506764
29450	0.006268932247
29451	0.0003555581038
29452	0.002728482831
29453	0.0002482689271
29454	0.02345713271
29455	0.001028163828
29456	0.001463926014
29457	0.0005489231559
29458	0.001316156981
29459	0.005624675478
29460	0.01068906282
29461	0.00284963473
29462	0.001342858247
29463	0.001311607169
29464	0.005704896964
29465	4.465641e-05
29466	0.0007258612735
29467	2.823537544e-06
29468	0.0005843747373
29469	0.002687368836
29470	0.01676791678
29471	0.0001909317264
29472	0.002252499631
29473	0.006346158142
29474	0.0006683559869
29475	0.0003456121569
29476	0.003755531078
29477	0.001735193077
29478	0.0008414740193
29479	0.001254791577
29480	0.0009450595262
29481	0.000380914943
29482	0.006082726866
29483	0.002338182971
29484	0.001823732547
29485	0.000219428535
29486	0.0004250541648
29487	0.00344650122
29488	0.001317977595
29489	0.000394471497
29490	0.001742910059
29491	0.000232124208
29492	0.002215755808
29493	0.001853885081
29494	0.001567443786
29495	0.0022263774
29496	0.002989204689
29497	0.004082667929
29498	0.02697165391
29499	0.001215206525
29500	0.001669785234
29501	0.00144102839
29502	0.007287786002
29503	0.002275893454
29504	0.004047973511
29505	0.003513459696
29506	0.001408371566
29507	0.00183301194
29508	0.00141308651
29509	0.018139279
29510	0.0002422820895
29511	3.206114128e-05
29512	0.0006150535589
29513	0.00557789001
29514	0.0008802612691
29515	0.002132656693
29516	0.004422589542
29517	0.007223558536
29518	0.005400725882
29519	4.867135091e-05
29520	0.003823385992
29521	0.00198235848
29522	0.001862576083
29523	0.007115938655
29524	0.002483650057
29525	0.0009967683921
29526	0.002659203867
29527	0.001613420859
29528	0.0001909572821
29529	0.01039671846
29530	7.726470408e-06
29531	0.004403154359
29532	0.00145311781
29533	0.002067201044
29534	6.566674805e-05
29535	0.0002816319286
29536	9.621360872e-05
29537	0.003782056597
29538	0.01360898085
29539	0.002110390137
29540	0.0004453293991
29541	0.0003877775922
29542	0.00840447032
29543	0.007899473608
29544	0.006378160743
29545	0.003924132315
29546	0.001038172882
29547	0.003726735599
29548	0.0002164933055
29549	0.003190640668
29550	0.01025929827
29551	0.005870671968
29552	0.00999900354
29553	0.001108022466
29554	0.0008798977806
29555	0.0007629529751
29556	0.0005907921188
29557	0.004315556527
29558	0.0002364093164
29559	0.007595686264
29560	0.008034695767
29561	0.003519507901
29562	0.0005696640841
29563	0.004869733462
29564	0.001270505374
29565	0.003349775562
29566	0.001009179929
29567	0.003694284065
29568	0.003906311512
29569	0.001111797083
29570	0.001657251758
29571	0.002294698155
29572	0.0006010423659
29573	0.000429172566
29574	0.003748700194
29575	0.007038962334
29576	0.005085360452
29577	0.001313945936
29578	0.0007826582656
29579	0.0007918260534
29580	0.0007127604951
29581	0.006486845751
29582	0.002295569069
29583	0.0001824157643
29584	0.01457108941
29585	0.003883294227
29586	0.0004228177444
29587	0.01319385916
29588	0.002093541439
29589	0.0003823774761
29590	0.0007500802958
29591	0.000636261442
29592	0.002641620434
29593	0.003637929298
29594	0.001969459274
29595	0.003445168033
29596	0.0007571416603
29597	0.000542842867
29598	0.004257618506
29599	0.0005041760747
29600	0.006323330555
29601	0.0005767824629
29602	0.004187986582
29603	0.001728001623
29604	0.001751539064
29605	0.000891609953
29606	0.006491388673
29607	0.000133603464
29608	0.003964292004
29609	0.003758221972
29610	0.0009648290249
29611	0.0008477068702
29612	0.0002796787702
29613	0.0003251878084
29614	0.01407988887
29615	0.00247176475
29616	0.004031653636
29617	0.0004612598406
29618	0.004690643984
29619	0.002945305855
29620	0.001611619796
29621	0.0006336073156
29622	0.0005738977967
29623	0.0009358727091
29624	0.001184975151
29625	0.0007388130363
29626	0.004346522762
29627	0.001447265447
29628	0.0106292723
29629	0.01584560552
29630	0.0006203795928
29631	0.002951555699
29632	3.729015605e-06
29633	4.725538894e-06
29634	0.002237256371
29635	0.001770879741
29636	0.02371821573
29637	0.0008241181123
29638	0.0004595272302
29639	0.009623071396
29640	0.001724414342
29641	0.0005529232546
29642	0.000711116164
29643	0.0002220825269
29644	0.0004984359591
29645	0.0029585985
29646	0.00122959251
29647	0.0005840901026
29648	0.002570456066
29649	0.004428370371
29650	0.001704159531
29651	0.0004925523122
29652	0.0006378440486
29653	0.001189814453
29654	0.0059357778
29655	0.001935029463
29656	3.373426005e-05
29657	0.001989770818
29658	0.0002104480769
29659	0.0006131268283
29660	0.009726271521
29661	0.01554395488
29662	0.005659133912
29663	0.001356197947
29664	0.0102940296
29665	0.0002194778546
29666	0.001802947868
29667	0.0001401330401
29668	0.002855855847
29669	0.001392700307
29670	0.005069550642
29671	0.002475763285
29672	0.002240665528
29673	0.007720454047
29674	0.003679335394
29675	0.002192279409
29676	0.002914103438
29677	0.0021793945
29678	0.008001786916
29679	2.973557631e-05
29680	5.389351731e-05
29681	0.0001016437831
29682	0.001084988569
29683	0.0001218017377
29684	0.001678548348
29685	0.002738777302
29686	0.0003227867017
29687	0.01940394056
29688	0.01019845073
29689	0.001025128014
29690	0.001920392929
29691	0.007041220309
29692	0.0007529441559
29693	0.003749791754
29694	0.001346937612
29695	0.00368521754
29696	0.002091265667
29697	0.003961347222
29698	0.0005036610115
29699	0.0002476284709
29700	0.003509954429
29701	0.002830902084
29702	0.005706271975
29703	0.001027083241
29704	0.01089123334
29705	0.0005344946085
29706	0.004460747768
29707	0.002139466449
29708	0.002832781203
29709	0.007928388632
29710	0.0001993652903
29711	0.0002636919205
29712	0.0146031097
29713	0.0004749979857
29714	0.000603573015
29715	0.001347124991
29716	0.01274149152
29717	0.005817153169
29718	0.0002695268604
29719	0.003100870028
29720	0.003564831459
29721	0.004164738668
29722	0.005324722005
29723	0.002466363571
29724	0.00769051492
29725	0.004743092181
29726	0.004593523347
29727	0.0007990521082
29728	0.002411007723
29729	0.003971132651
29730	0.0007242365441
29731	0.0009743786786
29732	0.006709984366
29733	0.004454467857
29734	0.0004747362988
29735	5.893050882e-05
29736	0.0005211277582
29737	0.001346598721
29738	0.001655033437
29739	0.0004709014558
29740	0.000822583075
29741	0.0001221187886
29742	0.002215365943
29743	0.0005750592618
29744	0.0006476175594
29745	0.0003801183505
29746	0.0006080750369
29747	0.0004392060344
29748	0.01481761916
29749	0.0002459183696
29750	0.000632594656
29751	0.006278703744
29752	0.03605120775
29753	0.0004502620645
29754	0.001346627864
29755	0.003837766332
29756	0.008879926566
29757	0.00276241169
29758	0.004307365157
29759	0.006693828456
29760	0.007410407983
29761	0.01095384818
29762	0.0005802107948
29763	0.002915225907
29764	0.01470880277
29765	0.0002324823679
29766	0.0137451325
29767	0.001344509637
29768	0.006574484765
29769	0.002833168683
29770	0.001281573189
29771	0.001624411319
29772	0.0003736275704
29773	0.01142273511
29774	0.0005578983991
29775	0.0007670925019
29776	0.01808755373
29777	0.003917062834
29778	0.006390002813
29779	0.00523879138
29780	0.005631002684
29781	0.007364002265
29782	0.004874460665
29783	0.01264210635
29784	0.005722904407
29785	0.005738878468
29786	0.001856789158
29787	0.0004068179057
29788	0.01067374349
29789	0.001290925947
29790	0.001063589904
29791	0.009918096009
29792	0.001986812859
29793	0.002721976293
29794	0.00123264215
29795	0.01463320357
29796	0.0007343081911
29797	0.007769747707
29798	0.0005306481923
29799	4.100030802e-06
29800	0.006862564176
29801	0.01205178335
29802	0.00483566799
29803	0.003157146848
29804	0.008349587326
29805	0.00230246178
29806	0.0007241770123
29807	0.001471114267
29808	6.572109278e-05
29809	0.01480263292
29810	0.001726538367
29811	0.0001206387123
29812	0.0002356937261
29813	0.002107751795
29814	0.0004205410228
29815	0.001205046263
29816	0.001898719745
29817	0.001219313089
29818	0.002231395882
29819	0.0005122601811
29820	0.001250371111
29821	0.0003595073757
29822	0.01101146676
29823	0.0004046620688
29824	0.001423858201
29825	0.00216106594
29826	0.000575708005
29827	0.00122196098
29828	0.001664652814
29829	0.005550368139
29830	0.0007026810058
29831	0.01123312592
29832	0.009345440772
29833	0.0008525484422
29834	0.006563663288
29835	0.0006809170081
29836	0.002228342015
29837	0.001625842954
29838	0.000207516174
29839	0.00180721694
29840	0.0006149262873
29841	0.0008942490166
29842	0.0006544633243
29843	3.818123622e-05
29844	0.02428771044
29845	0.0001276141106
29846	0.0002141313644
29847	0.004258217222
29848	0.002175801365
29849	0.00409443013
29850	0.0007235286509
29851	0.0005874251362
29852	0.006227275451
29853	0.006132085771
29854	0.009595553545
29855	0.001737364227
29856	0.01610619975
29857	0.004687763972
29858	0.0007713390517
29859	0.003281813297
29860	0.01047832912
29861	0.005340624246
29862	0.00324098089
29863	0.000478082093
29864	0.002192172829
29865	0.001029868077
29866	0.008019703748
29867	0.0006736239434
29868	0.004082965623
29869	0.0004200071684
29870	0.00158998933
29871	0.008631359286
29872	0.001072322897
29873	0.002146590798
29874	0.01361249634
29875	0.001100345866
29876	0.003352810815
29877	0.01047697656
29878	0.0007155465013
29879	0.00093668777
29880	0.001230082722
29881	0.002390021734
29882	0.0001296250185
29883	0.0009995065621
29884	0.001138744944
29885	0.0001748225523
29886	0.005313233606
29887	0.004191124209
29888	0.0004361619213
29889	0.005698129401
29890	0.0008238230013
29891	0.006895198187
29892	0.0004364965436
29893	0.0004199217623
29894	0.003968346152
29895	0.0007024819235
29896	0.0006125746088
29897	0.001030767307
29898	0.0001887711213
29899	0.01182908801
29900	0.0006770808613
29901	0.001128906552
29902	0.0001094626477
29903	0.004683994579
29904	0.01239337139
29905	0.005899196906
29906	0.003845509351
29907	0.00179630634
29908	0.001337980954
29909	0.000471658242
29910	0.01536107052
29911	0.001305616655
29912	0.0002637256851
29913	0.009116127988
29914	0.0007834506614
29915	0.000562119233
29916	0.001822443297
29917	0.005228065897
29918	0.0006118043169
29919	9.948380933e-05
29920	0.0008943898831
29921	0.0004071565884
29922	0.01235615457
29923	0.004162882557
29924	0.01921531621
29925	0.005928530565
29926	0.01272948754
29927	0.0002910909232
29928	0.0009040358466
29929	0.0006067921093
29930	0.0006235822577
29931	0.004387012216
29932	0.004524990426
29933	0.01344483811
29934	0.0002825507508
29935	0.0007845745263
29936	0.0004332031684
29937	0.01928721492
29938	0.001582064987
29939	0.0002957607147
29940	8.706292671e-05
29941	0.002014854563
29942	0.005809476072
29943	0.0006932734269
29944	0.0005699896671
29945	6.503211827e-05
29946	0.004396765886
29947	0.005019730121
29948	0.008452806878
29949	2.401735858e-05
29950	0.0003099197228
29951	0.004910809035
29952	0.0003292572525
29953	0.008706803826
29954	0.0002418248636
29955	0.01316373994
29956	0.002939208255
29957	0.001217339036
29958	0.008393980265
29959	0.003828789304
29960	0.01564971027
29961	0.003159251679
29962	0.008641068039
29963	0.01081920517
29964	0.0002802244307
29965	0.0003398315224
29966	0.007045946891
29967	0.0005067441653
29968	0.006832028439
29969	0.0009682222197
29970	0.01562819681
29971	0.001624255631
29972	0.01139847646
29973	0.005087451298
29974	0.01777342925
29975	0.01073704962
29976	0.0003273662499
29977	0.009575115089
29978	0.004905193791
29979	0.0001744953624
29980	0.007532320486
29981	0.001995394708
29982	0.0002954879773
29983	0.01228071158
29984	0.0006538086042
29985	0.003322040209
29986	0.0008827249435
29987	0.00226506265
29988	0.002779327322
29989	0.001131786199
29990	0.004132968952
29991	0.01462566977
29992	0.002283633242
29993	0.0003686411178
29994	0.002468389023
29995	0.0001790853809
29996	0.001193073636
29997	0.01100039274
29998	0.001968039112
29999	0.001308116799
30000	0.003742975734
30001	0.00514132829
30002	0.001045327108
30003	0.0006900036401
30004	0.001158282924
30005	0.0004430167182
30006	0.01200914649
30007	8.431053901e-05
30008	0.002923901257
30009	0.008049448992
30010	0.001426872219
30011	0.0002543138238
30012	0.007344229366
30013	0.0003586023564
30014	0.001514101854
30015	0.01274164644
30016	0.02369182679
30017	0.001113855252
30018	0.006036383481
30019	0.003654139621
30020	0.0004540749603
30021	0.002446048693
30022	0.005723518727
30023	0.00640132073
30024	0.0003896387297
30025	0.001827159856
30026	0.002450431443
30027	0.0003966300075
30028	0.001095018792
30029	0.008542955381
30030	0.01332187943
30031	0.0009781162671
30032	0.005715213832
30033	0.001001731124
30034	0.005230696902
30035	0.0001848066788
30036	0.003599644857
30037	0.01331080759
30038	0.002042781482
30039	0.001499855247
30040	0.003490596505
30041	8.35794471e-05
30042	0.001873789969
30043	0.003439258537
30044	0.002811959553
30045	0.01777836795
30046	0.008491823051
30047	0.0007844320438
30048	0.001123748783
30049	0.0003630059354
30050	0.01222745077
30051	0.001039101933
30052	0.00119969216
30053	0.0003413765619
30054	0.000416110675
30055	0.01134300268
30056	0.003138601233
30057	0.009651120927
30058	0.006058155427
30059	0.00486001389
30060	0.002116196834
30061	0.002478967474
30062	0.01209139464
30063	0.008771897968
30064	0.01414102615
30065	0.001145008521
30066	0.001236235218
30067	0.004772850795
30068	0.001114650108
30069	0.01231091078
30070	0.0004159669445
30071	0.002870388117
30072	0.0003605497222
30073	0.006386540076
30074	0.001972059556
30075	0.00615032323
30076	2.204648132e-05
30077	0.001799183659
30078	0.009722498681
30079	0.008106299279
30080	0.002748421624
30081	0.0003010668055
30082	0.00202736183
30083	0.00501668615
30084	0.001056747041
30085	0.0002607014487
30086	0.003313817486
30087	0.005222736512
30088	0.001112820447
30089	0.005412822822
30090	0.007591874018
30091	0.0009553015252
30092	0.0006296922687
30093	0.0004847322691
30094	0.007587128822
30095	0.0007479316228
30096	0.004601955142
30097	0.0003150772159
30098	0.02451581509
30099	0.01044869747
30100	0.0003233178324
30101	0.007077605949
30102	0.01072155519
30103	0.0001684305535
30104	0.0007153403814
30105	0.0002147512608
30106	0.0009545805531
30107	0.006432750794
30108	0.006048022379
30109	0.009003008786
30110	0.001494064129
30111	0.0008887750017
30112	0.001086057502
30113	0.0003992861262
30114	0.0006141134424
30115	0.003409315425
30116	0.001504104269
30117	0.0002658315383
30118	0.002138754845
30119	0.00282885948
30120	0.01040607762
30121	0.0008623907463
30122	0.0003314151634
30123	0.001574675014
30124	0.003267526172
30125	0.004792953208
30126	0.0008845399127
30127	0.0001487798153
30128	0.00168874068
30129	0.0008738568665
30130	0.004567245108
30131	0.001978982202
30132	0.000858412609
30133	0.004459713198
30134	0.00283554171
30135	0.00145700987
30136	0.000769863407
30137	0.002264115937
30138	0.002690456416
30139	0.01050370321
30140	0.00478836238
30141	0.0007590152802
30142	0.0006908087226
30143	0.000230187778
30144	0.0007638610906
30145	0.0002859325926
30146	0.003177708211
30147	0.002393139347
30148	0.01935200374
30149	0.0002854336813
30150	0.004918219292
30151	0.0001694891549
30152	0.01173305191
30153	0.000950399121
30154	0.01463235265
30155	0.01945637257
30156	0.000670498703
30157	0.00100207998
30158	0.0003990409067
30159	0.002355587359
30160	0.002071986975
30161	0.005260142701
30162	0.000167719707
30163	0.001394565191
30164	0.0003724542123
30165	0.00691056487
30166	0.001712144246
30167	0.0006205366783
30168	0.002484868686
30169	0.004558562872
30170	0.001306115161
30171	0.01012385166
30172	0.0002718362667
30173	0.01980347888
30174	0.005662224661
30175	0.001103406261
30176	0.0005084489966
30177	0.006239570966
30178	0.01912624109
30179	1.016185263e-05
30180	0.003900424043
30181	0.0004272921767
30182	0.002126809955
30183	0.000867039476
30184	0.01029434368
30185	0.01589529874
30186	0.002186012841
30187	0.00185374226
30188	0.001127626349
30189	0.001045874122
30190	0.0003664876326
30191	0.003342488744
30192	0.000226719362
30193	0.001294632531
30194	0.004336286262
30195	0.00112972689
30196	0.005665816047
30197	0.000437948809
30198	0.0004536065917
30199	7.532246667e-05
30200	0.003007059108
30201	0.002164398091
30202	0.01034406566
30203	0.001244971039
30204	0.0006754576919
30205	0.002189046793
30206	0.01172392706
30207	0.0105230446
30208	0.001365860457
30209	0.02222871809
30210	0.0003620316284
30211	0.01032977613
30212	0.02545267407
30213	3.281947219e-05
30214	0.0007631389144
30215	0.002038712095
30216	0.0008834183838
30217	0.001324345861
30218	0.001897847499
30219	0.001231343982
30220	0.001392488348
30221	0.0006681529872
30222	0.0003373240543
30223	1.672752866e-05
30224	0.001181828729
30225	0.01010485635
30226	9.316474496e-05
30227	0.004669527243
30228	0.0001042032247
30229	0.0002972158425
30230	0.0007085321721
30231	0.002629372345
30232	0.001414362846
30233	0.008768385344
30234	0.0001864849152
30235	0.003184144431
30236	0.0003330909522
30237	0.003137534353
30238	0.004275234958
30239	0.004190412527
30240	0.008230731775
30241	0.001376142925
30242	0.003462534843
30243	0.001486896065
30244	0.0004068567028
30245	0.00476039456
30246	0.0001546246353
30247	0.00570736332
30248	0.01176085512
30249	0.002859151806
30250	0.005963137699
30251	0.002886778642
30252	0.00318376903
30253	0.001167168323
30254	5.986330711e-05
30255	0.01462828165
30256	0.001475451276
30257	0.0007646903255
30258	3.412307793e-05
30259	0.0009905421008
30260	0.006454132995
30261	0.001013936656
30262	0.00309527212
30263	0.0007038535103
30264	0.02544909014
30265	0.008123854556
30266	0.002700382819
30267	0.0008609998345
30268	0.005942676387
30269	0.0002495569554
30270	0.02188586071
30271	0.001810940064
30272	0.0003742068605
30273	0.002327221711
30274	0.000833181495
30275	0.0001752696395
30276	0.001855775065
30277	0.006698630215
30278	0.01429307973
30279	0.003656264083
30280	0.000128151149
30281	0.001070858057
30282	0.0008196017523
30283	0.01088522517
30284	0.0005268691742
30285	0.007662015972
30286	0.0008254637477
30287	0.0006126300328
30288	0.000286714746
30289	0.0110168833
30290	0.0001918277935
30291	0.000630299014
30292	0.0002751836427
30293	9.615497606e-05
30294	0.0003068229486
30295	0.005458350107
30296	0.00088942201
30297	0.002774065574
30298	0.002675666095
30299	0.001332307108
30300	0.00310677471
30301	0.02538006812
30302	0.007191822023
30303	0.0012894422
30304	0.01141191886
30305	0.003937742714
30306	0.0001904366712
30307	0.001215617097
30308	0.0005182899438
30309	0.009002809737
30310	5.363789897e-05
30311	0.008888725657
30312	0.002180108485
30313	0.000164987568
30314	0.002796144506
30315	0.009777439502
30316	0.001303821563
30317	0.02004043368
30318	0.005605208788
30319	0.00248676795
30320	0.006948203501
30321	0.000158077001
30322	0.006039891496
30323	0.00801080557
30324	0.001366832388
30325	0.0005712857792
30326	0.0009764357692
30327	0.002937775469
30328	8.878484296e-05
30329	0.0002749604451
30330	0.001111596741
30331	0.01044639931
30332	0.000885282831
30333	0.0002337519057
30334	0.0001966144076
30335	0.003581621588
30336	0.01277643906
30337	0.00402365298
30338	0.001244637619
30339	0.005138854703
30340	0.004008006956
30341	0.004744761391
30342	2.280214002e-05
30343	0.0002064504454
30344	0.001324055691
30345	4.464163319e-05
30346	0.000148487478
30347	0.01612912909
30348	0.007714772827
30349	0.003155109994
30350	0.02171819365
30351	0.0007270985218
30352	0.001278344299
30353	8.002111604e-05
30354	0.0001347652818
30355	0.0007811691317
30356	0.0001940912171
30357	0.000408549757
30358	0.01176587423
30359	0.005822889088
30360	0.0009645907319
30361	0.001328975318
30362	0.001053286863
30363	0.0001024047844
30364	0.0003527808266
30365	0.00550258206
30366	0.004914449525
30367	0.001294625409
30368	0.001064963107
30369	0.0002740819644
30370	0.005121054219
30371	0.007700358534
30372	0.01724104838
30373	0.002093526586
30374	0.004542240869
30375	0.00426364718
30376	0.007048212621
30377	0.008036842955
30378	0.001959972418
30379	0.0001812019754
30380	0.007448292331
30381	3.511504973e-05
30382	0.004818970171
30383	0.0007964662929
30384	0.01077447118
30385	0.001034126658
30386	0.0007829749658
30387	0.01009921359
30388	0.0006062088358
30389	0.007035698321
30390	0.0008812678392
30391	0.00042482589
30392	0.000562612218
30393	0.01023116451
30394	0.0009690053003
30395	0.007246092807
30396	7.613933688e-05
30397	0.001913876373
30398	8.474797869e-05
30399	8.05920229e-05
30400	0.002950187015
30401	0.0003520367432
30402	0.0009664866688
30403	0.001328623043
30404	0.001675444644
30405	0.005179406485
30406	0.0007649756117
30407	0.01165037067
30408	0.0003926269473
30409	0.001821242206
30410	0.0003719315154
30411	0.0007012502748
30412	0.001654364328
30413	0.0007746376222
30414	0.0004183542685
30415	0.008733098007
30416	0.006003679265
30417	0.008024281671
30418	0.004274201802
30419	0.01069234096
30420	0.001631486332
30421	0.001093050452
30422	0.0008927199241
30423	0.002893417736
30424	0.002665174616
30425	0.02013989125
30426	0.001274041908
30427	2.284399125e-05
30428	0.01645815689
30429	0.01532611345
30430	0.0002240922147
30431	0.004556650191
30432	0.008689716033
30433	0.001642054376
30434	0.0004863974135
30435	0.005665252628
30436	0.006424154837
30437	0.0002501320299
30438	0.002523277025
30439	0.007454520639
30440	0.00132353238
30441	0.0005403813181
30442	0.007295032945
30443	0.0001969372438
30444	0.001184724878
30445	0.004172104977
30446	1.825184193e-05
30447	0.0004440943631
30448	0.004005063326
30449	0.01676244975
30450	0.004380358744
30451	3.541796382e-05
30452	0.005907683157
30453	0.001013018185
30454	0.0006302156136
30455	0.002338653666
30456	0.004759479627
30457	1.892525855e-05
30458	0.0001627818555
30459	0.002766391815
30460	0.01300734008
30461	0.004193368572
30462	0.002485739135
30463	0.0006555400607
30464	0.0002144513822
30465	0.003343190829
30466	0.007673234119
30467	0.000446310649
30468	0.0006857965522
30469	0.0004416421448
30470	0.0005906495617
30471	0.01270864055
30472	0.01090555196
30473	0.0001159773795
30474	2.58833524e-05
30475	0.004206419987
30476	0.0023907978
30477	0.001061614727
30478	0.0019279942
30479	0.0008403152891
30480	0.0008430438844
30481	0.0006817970326
30482	0.002291189706
30483	0.002359723529
30484	0.006452707283
30485	0.001212855148
30486	0.000554734145
30487	0.0009843023324
30488	0.001140467651
30489	0.002128424092
30490	0.004473829062
30491	0.0002271917627
30492	0.002351267964
30493	0.0006668285017
30494	0.0002763373859
30495	0.0008922439689
30496	0.0004361168956
30497	0.0003012130164
30498	0.008388573052
30499	0.000473685205
30500	0.005885041689
30501	0.0005302099826
30502	0.0008263824936
30503	0.0005245633963
30504	0.005845147634
30505	0.00341394271
30506	0.001251324172
30507	0.001805335275
30508	0.002265196989
30509	0.0049873891
30510	0.001035145721
30511	9.007172014e-05
30512	0.01165560946
30513	0.01159305203
30514	0.005440832686
30515	0.002753265255
30516	0.001380783077
30517	0.01492281306
30518	0.008577990258
30519	0.001730249194
30520	8.170112306e-05
30521	0.0003547086891
30522	0.00877053035
30523	0.0192720706
30524	0.004597333009
30525	0.002574229096
30526	0.001463539677
30527	0.003126451847
30528	0.002605898172
30529	0.005367852084
30530	0.0008210820002
30531	0.0001932731023
30532	0.0006928478609
30533	0.008546932609
30534	0.001095629126
30535	0.001031964941
30536	0.0006076754425
30537	0.01906832532
30538	0.003612868189
30539	0.001396184841
30540	0.01941304883
30541	0.01315873138
30542	0.00431821961
30543	0.002483023043
30544	0.002756747842
30545	0.007225699901
30546	0.009263844023
30547	0.0005708101668
30548	0.0006314869162
30549	0.02249240759
30550	0.002314033361
30551	0.00275594385
30552	0.01329650102
30553	0.01302561846
30554	0.0001283259809
30555	0.01514618647
30556	0.007272959093
30557	0.02565251991
30558	0.01211475639
30559	0.00455192207
30560	0.0005133480729
30561	0.0002596670909
30562	0.01279232476
30563	0.004083120725
30564	0.000995769318
30565	0.001184007631
30566	0.006370306408
30567	0.006855705709
30568	0.01048260104
30569	0.001984284167
30570	0.0109831721
30571	5.57263319e-05
30572	4.01747774e-05
30573	0.001014657205
30574	0.005238748534
30575	0.0008666383456
30576	0.001164584411
30577	0.0008619082227
30578	0.0004464192157
30579	0.001258149014
30580	1.333769058e-05
30581	0.002119132537
30582	0.0009517197446
30583	0.0001738470364
30584	0.00626175289
30585	0.000934127548
30586	0.00116717633
30587	0.01761275574
30588	0.002745667303
30589	0.0001490800718
30590	0.001685977674
30591	2.138169038e-05
30592	0.0001611218371
30593	0.002778067112
30594	0.003242860678
30595	0.0008579301256
30596	0.001513978473
30597	0.0006576550643
30598	0.0163817564
30599	0.0004555056457
30600	0.0004789352672
30601	0.001196081056
30602	0.01442024532
30603	0.003225396062
30604	0.0001697355065
30605	0.004987938507
30606	0.003102395452
30607	0.003364224982
30608	0.0003133159284
30609	0.008715178295
30610	0.0008027957548
30611	0.01298604063
30612	0.004472227891
30613	0.01485968176
30614	0.0162371552
30615	0.0007319489436
30616	0.0004424253389
30617	0.001327456805
30618	0.0004826585783
30619	0.002314260702
30620	0.002171681218
30621	0.006647777282
30622	0.01029798541
30623	0.001000893259
30624	0.01240512171
30625	0.001196464636
30626	0.0003211561567
30627	0.0003335657605
30628	0.006487727785
30629	0.004789499012
30630	0.0005796022788
30631	0.01213582053
30632	0.0007386739523
30633	0.0003887707344
30634	0.0007444459963
30635	0.004807042493
30636	0.001950523236
30637	0.0002467901126
30638	0.008780048269
30639	0.002214697857
30640	0.02072095844
30641	0.002424412517
30642	0.003465200937
30643	0.002181331031
30644	0.002835379425
30645	0.0003650006278
30646	0.002135580959
30647	0.001996372306
30648	0.0001848913068
30649	0.000558490195
30650	0.00154862037
30651	8.894073452e-05
30652	0.0003395787107
30653	0.003405272522
30654	0.01532081305
30655	0.003948835167
30656	0.0008113991896
30657	0.0120257801
30658	0.0009900586743
30659	0.002266618012
30660	0.0004396324496
30661	0.000475318102
30662	0.0009367131846
30663	0.001153333741
30664	0.0009578246088
30665	0.0005228774027
30666	0.001241117369
30667	0.001114946352
30668	0.004806900923
30669	0.0008034224537
30670	0.001926458346
30671	0.003325539929
30672	0.0002971850747
30673	0.005493300146
30674	0.0006704923216
30675	0.00108362387
30676	0.02246222932
30677	0.007505647482
30678	0.000442718675
30679	8.476125318e-05
30680	0.004754442018
30681	0.0004328435171
30682	0.01890615787
30683	0.0002355366573
30684	0.001728058441
30685	0.006720389979
30686	0.00263681359
30687	0.0001114480863
30688	0.0005132647108
30689	0.0002685475531
30690	0.002950786443
30691	0.0003063609802
30692	0.0002769285662
30693	0.0003546331525
30694	0.0008280135147
30695	0.000726056366
30696	0.001107485964
30697	0.00268427499
30698	0.005540801942
30699	6.306061282e-05
30700	0.001137207681
30701	0.0005796343973
30702	0.0008455924728
30703	0.006832053174
30704	0.0002051204853
30705	0.0001451812358
30706	0.002661848001
30707	0.0004331308694
30708	0.001246531932
30709	1.397677805e-05
30710	0.003809631578
30711	0.004145752607
30712	0.001366935138
30713	0.009835667943
30714	2.218160028e-05
30715	0.007438475833
30716	0.007853814695
30717	0.01278513862
30718	0.001784767281
30719	0.0008023417359
30720	0.005887540065
30721	0.006934805857
30722	0.01098715012
30723	4.249397091e-05
30724	0.001736147276
30725	0.001271574852
30726	0.0005706022278
30727	0.001472588028
30728	0.0003991954757
30729	0.0004656668391
30730	0.0007273651486
30731	0.000756796659
30732	0.002030207875
30733	0.01662988418
30734	0.002687857786
30735	0.0008910282193
30736	0.003228180693
30737	0.0005118115841
30738	0.0004357400166
30739	0.01554861457
30740	0.002921266888
30741	0.0007106165675
30742	0.006637905057
30743	0.01246820008
30744	0.001630095414
30745	0.006150263697
30746	0.010384855
30747	0.02631256794
30748	0.0004955812068
30749	0.001743353461
30750	0.002020351272
30751	0.00325203853
30752	0.01618890341
30753	0.007384098201
30754	0.0004102426533
30755	0.0008654646546
30756	0.003710124286
30757	0.0004444209826
30758	0.0003037112158
30759	0.000203535129
30760	0.01751728153
30761	0.00398531165
30762	0.005525350335
30763	0.002020134777
30764	0.01206356165
30765	0.0001586741478
30766	0.0003771902128
30767	0.002709344807
30768	0.01478085859
30769	0.006199846984
30770	0.005345109375
30771	0.0002459874979
30772	0.001941638535
30773	0.001390175633
30774	0.0031937628
30775	0.001685971525
30776	0.0004852683264
30777	0.0004920736313
30778	0.005399297307
30779	0.01214444884
30780	0.003760920406
30781	0.002300103383
30782	0.000825079305
30783	0.0009884239713
30784	0.0007859891921
30785	0.002377412492
30786	0.007536027076
30787	0.01598784701
30788	0.001628094084
30789	0.001923150212
30790	0.004163625651
30791	0.0001403950287
30792	0.0001132718192
30793	0.0008168013433
30794	0.01237729874
30795	0.001004847323
30796	0.001025848858
30797	0.005454149725
30798	0.01006239111
30799	0.002160217371
30800	0.008313551111
30801	0.01023891797
30802	0.00323857277
30803	0.0119133192
30804	0.00134421603
30805	0.0001842889331
30806	0.007504570768
30807	0.004273061496
30808	0.00274392087
30809	0.000485689748
30810	0.0009314612405
30811	0.002282729823
30812	0.001854411766
30813	0.002017820585
30814	0.001310409289
30815	3.293343185e-05
30816	0.0007642349722
30817	0.007623027684
30818	0.0002770545783
30819	0.0009607365649
30820	0.00115275266
30821	0.00483801135
30822	0.0003727534812
30823	0.001609828661
30824	0.005807242093
30825	0.008090434171
30826	0.002413587345
30827	0.009150234236
30828	0.0004296085906
30829	0.001313220033
30830	0.00158192695
30831	0.001078610296
30832	0.002402425135
30833	0.0004492138828
30834	0.003556660818
30835	0.01213636292
30836	0.007020013242
30837	0.0005689365649
30838	0.001356753258
30839	8.809711559e-05
30840	0.001750717164
30841	0.005427775119
30842	0.0004668653881
30843	0.004050547365
30844	0.000917565128
30845	0.003528571364
30846	0.001318833108
30847	0.001108980591
30848	0.00129477364
30849	0.001211854384
30850	0.001188107277
30851	6.954438815e-05
30852	0.0003339176042
30853	0.001779624475
30854	0.00268985213
30855	0.0002481494059
30856	1.302344288e-05
30857	0.0005834315315
30858	0.006168697654
30859	0.01010931018
30860	0.001074070307
30861	0.001871672885
30862	0.0006105391524
30863	0.002819679167
30864	0.000154549162
30865	0.0002018799475
30866	0.006506303513
30867	0.001226744364
30868	0.00201998866
30869	0.006186495827
30870	0.0001135230409
30871	0.004544407803
30872	0.008904132502
30873	0.0007497334613
30874	0.0008222235023
30875	0.01793436538
30876	0.0004663202984
30877	0.002120399428
30878	0.0005774421428
30879	0.0005049841331
30880	0.007242336197
30881	9.415228664e-05
30882	0.01381228218
30883	0.003393683323
30884	0.000747947648
30885	0.0002780732666
30886	0.005994847559
30887	0.01108108888
30888	0.006459558421
30889	0.005542185835
30890	0.002439523768
30891	0.007002854424
30892	0.006623159089
30893	0.0009489132211
30894	0.00880011102
30895	0.01739126787
30896	7.372628099e-06
30897	0.0006777312895
30898	0.003284261515
30899	0.000350132198
30900	0.001688491679
30901	0.00683137403
30902	0.008074017665
30903	0.01111029813
30904	0.003351054451
30905	0.004753895741
30906	0.0001354826706
30907	0.006186776442
30908	0.004000647238
30909	0.01090987836
30910	0.008643145593
30911	0.0009327132306
30912	0.0002429151151
30913	0.01431354139
30914	0.01399809515
30915	0.001994783633
30916	0.0008052638527
30917	0.008828191894
30918	0.002694502779
30919	0.007200342385
30920	0.0007866507482
30921	0.000848950757
30922	0.001188094883
30923	0.0008418772768
30924	0.0001039943861
30925	0.008476272532
30926	0.0004455376386
30927	0.0002887946465
30928	0.003483802617
30929	0.005713740852
30930	0.004076243669
30931	0.0006476829009
30932	0.001599715858
30933	0.01368886078
30934	0.0002476886891
30935	0.00247507559
30936	0.01249628135
30937	0.0001680954328
30938	0.0001487137347
30939	0.01332234522
30940	0.003592376105
30941	0.0008013457138
30942	0.0009922147746
30943	0.0005453985454
30944	0.006925650726
30945	0.001585495997
30946	0.001568997101
30947	0.004943575341
30948	0.01871458393
30949	0.001609825967
30950	0.004327109576
30951	0.005947305018
30952	0.006948735171
30953	0.003618213857
30954	0.000367136105
30955	0.002543052544
30956	0.0002862850063
30957	0.00301212154
30958	0.01300299948
30959	0.001491968224
30960	0.0008921266692
30961	0.0002266658946
30962	0.0001367940183
30963	0.001033518321
30964	0.001626472639
30965	0.005719526008
30966	0.005510582076
30967	0.02222333751
30968	0.0004298686034
30969	0.006826857559
30970	0.01141645243
30971	0.001359485087
30972	0.0005617108569
30973	0.004447045453
30974	0.01212115848
30975	0.001322505953
30976	0.0002056823575
30977	0.001330890462
30978	0.002441707345
30979	0.01929883011
30980	0.01018103217
30981	0.003042963983
30982	0.0006498911601
30983	0.01097307702
30984	0.0008548442419
30985	0.0001878757793
30986	0.0004430200664
30987	0.0003417517152
30988	0.0101718043
30989	0.001226054933
30990	0.01364183617
30991	0.002455228478
30992	0.003462422784
30993	0.01013335677
30994	0.0004625999591
30995	0.002479577685
30996	0.007783655607
30997	0.002326584881
30998	0.001630556569
30999	0.001067885064
31000	0.005048091563
31001	0.003694566311
31002	0.0007781311363
31003	7.367853004e-05
31004	1.837554942e-05
31005	0.0003705539235
31006	0.005734079592
31007	0.001196151948
31008	0.001545244481
31009	0.008618556074
31010	0.001099511962
31011	0.0029844517
31012	0.007767491388
31013	0.003830924785
31014	0.001699445571
31015	0.001969217038
31016	0.001022927767
31017	0.00279467155
31018	0.002508421104
31019	0.001548528293
31020	0.0007417634841
31021	0.006499301338
31022	0.002051186
31023	0.01323303993
31024	0.004763299347
31025	0.0005167049702
31026	0.003516493882
31027	0.001579876943
31028	0.001848625545
31029	0.001234460047
31030	0.003962044065
31031	0.0002938064622
31032	0.003125173342
31033	0.003688835125
31034	0.0003191872681
31035	0.001400610923
31036	0.003798957537
31037	0.01079212421
31038	0.00312805224
31039	0.0008519661013
31040	0.002867745954
31041	0.000239204234
31042	0.000563583436
31043	0.0003435749115
31044	0.004535027514
31045	0.01291945347
31046	0.0002630774562
31047	0.001729553459
31048	0.007425321998
31049	0.001084446095
31050	0.0004062772702
31051	0.006304487453
31052	0.001245551364
31053	0.005344853834
31054	0.0003806330453
31055	0.0001666270741
31056	0.0005341906705
31057	0.004164342254
31058	0.007491630644
31059	0.002475685438
31060	0.002961039463
31061	0.00124598046
31062	0.0138510191
31063	0.0002512306456
31064	0.004730957434
31065	0.005682700395
31066	0.01009945778
31067	0.001964800144
31068	0.009614562802
31069	0.0009020687352
31070	0.000218459363
31071	0.0001093044033
31072	0.0007826428481
31073	0.005076605738
31074	0.0002887454555
31075	0.000529008454
31076	0.006410019785
31077	0.0009917218986
31078	0.0001576321005
31079	0.001062381203
31080	0.0007072447228
31081	0.0007626269142
31082	0.001534454524
31083	0.001011154929
31084	0.0004401180304
31085	0.0006036727733
31086	0.00738318741
31087	0.0002588941667
31088	0.004137135561
31089	0.002363557696
31090	0.01375675973
31091	0.02490581575
31092	0.0005644461739
31093	0.002863173009
31094	0.004385539593
31095	0.01552903346
31096	0.000258289828
31097	0.002200234008
31098	0.002018782185
31099	0.0004710813387
31100	0.01327699408
31101	0.01049543489
31102	0.002915751755
31103	0.004410061737
31104	0.00041095947
31105	0.0006610271839
31106	0.004183965405
31107	0.002134947245
31108	0.0003490188951
31109	0.002041155021
31110	0.005057279081
31111	0.0003015460426
31112	0.0003025926915
31113	0.001229305838
31114	0.006110895414
31115	0.01481526892
31116	0.01674161986
31117	0.01257600297
31118	0.0172861868
31119	0.0005096003781
31120	0.00376863109
31121	0.001258142752
31122	0.001060940719
31123	0.005883451078
31124	0.004278505628
31125	0.009481477713
31126	0.001177850261
31127	0.002495893782
31128	0.0006033081795
31129	0.006751649215
31130	0.01523531605
31131	0.01172314213
31132	0.008749375521
31133	0.0006269404645
31134	0.002169582701
31135	0.007589756524
31136	0.005620212528
31137	0.001534264316
31138	0.009775355259
31139	0.0198686636
31140	0.0023311617
31141	0.0005250944287
31142	0.0001776286889
31143	0.005496209169
31144	0.0009890506549
31145	0.001452700745
31146	0.006152575132
31147	0.01400469864
31148	0.007616796196
31149	0.0005916230106
31150	0.0004172377217
31151	0.0008698758405
31152	0.01702175071
31153	0.0003523910661
31154	0.000288685292
31155	0.008191905039
31156	0.0008828969353
31157	1.33840582e-06
31158	0.002194693564
31159	0.0002095951104
31160	0.005617721341
31161	0.0002018236611
31162	0.001704008271
31163	0.0009760915501
31164	0.007948978057
31165	2.595366723e-05
31166	0.002120925651
31167	0.0004770521305
31168	0.004175706345
31169	0.001462291184
31170	0.007111014882
31171	0.001498029595
31172	0.002635124364
31173	0.005075847609
31174	0.0002504365909
31175	0.008344859672
31176	0.003021537179
31177	0.001538792373
31178	0.0002734304981
31179	0.002028758048
31180	0.00451034549
31181	0.001309730168
31182	0.0002546585518
31183	0.003177336061
31184	0.0002139111236
31185	0.009494460199
31186	0.00702742832
31187	0.005364452926
31188	0.0002386293233
31189	0.004411138289
31190	0.01670689548
31191	0.0008159830208
31192	0.004421817869
31193	0.004435528487
31194	0.006177695365
31195	0.001003344227
31196	0.0003494149999
31197	0.0007790086266
31198	0.0002759540725
31199	0.0002143797194
31200	0.01383531446
31201	1.579243632e-05
31202	0.01332049442
31203	5.37702755e-05
31204	0.02384627826
31205	0.002759097197
31206	0.0006520490128
31207	0.002528498444
31208	0.0002494833323
31209	0.01059561024
31210	0.009867158448
31211	0.0008900700372
31212	0.007414725417
31213	0.0002710179111
31214	0.00118480052
31215	0.02094195681
31216	0.003784578459
31217	0.00122154194
31218	0.002267929534
31219	0.009670005394
31220	0.0001169542762
31221	0.0002210294697
31222	0.0002623161394
31223	0.001107842865
31224	3.786132662e-06
31225	0.002237528059
31226	0.006953489475
31227	0.003303824046
31228	0.001116706837
31229	0.009539023016
31230	0.004531099896
31231	0.006012638429
31232	0.0004893441556
31233	0.0007842321872
31234	0.001006801765
31235	0.007482915737
31236	0.006165855354
31237	0.0004649397701
31238	0.01380571001
31239	0.0226390156
31240	0.0003998178684
31241	0.005900577779
31242	0.0004679513789
31243	0.001064147561
31244	0.006217615098
31245	0.0004874753267
31246	0.00019230433
31247	0.009577109998
31248	0.0006707247817
31249	0.00761810481
31250	0.0004612186338
31251	0.008851668253
31252	0.005616420754
31253	0.000404490858
31254	0.005980767202
31255	0.002448913859
31256	0.006159230587
31257	0.0004771423177
31258	0.004520385103
31259	0.008218889244
31260	0.0005882905285
31261	0.003649036379
31262	0.002973133277
31263	0.0007858865481
31264	0.005977115956
31265	0.01906842844
31266	0.0007153680079
31267	0.004685651387
31268	0.0009123047145
31269	0.006552141165
31270	0.005962474718
31271	0.0084225228
31272	0.002793632131
31273	0.001193321969
31274	0.02031742647
31275	0.000361558781
31276	0.001902330884
31277	0.0005736791937
31278	0.01125458723
31279	0.001613553624
31280	0.001219421794
31281	0.003552203364
31282	0.008224456058
31283	0.000590140302
31284	0.001025310493
31285	0.0005561847577
31286	0.003324039363
31287	0.01054775988
31288	0.001603251374
31289	0.01663997269
31290	5.726860341e-06
31291	0.001140676372
31292	0.0003984959551
31293	0.0001400854148
31294	0.001930665118
31295	0.0002515915807
31296	0.003047607418
31297	0.001723552791
31298	0.01157237305
31299	0.0003922379489
31300	0.0003304148414
31301	0.001103833383
31302	0.0006323601171
31303	0.0001100703741
31304	0.0001608013382
31305	0.01450583193
31306	0.00173298628
31307	0.01605026806
31308	0.0001953789137
31309	0.001857000795
31310	0.001272678301
31311	0.002874625658
31312	3.825748675e-05
31313	0.0003672317099
31314	0.00913209933
31315	0.002845739374
31316	0.002335710101
31317	0.003517482691
31318	0.0008860369609
31319	0.0004343886489
31320	0.002951843999
31321	0.003326046967
31322	0.004835092773
31323	0.007077175114
31324	0.003222400105
31325	0.0001808687722
31326	0.01975577809
31327	0.004902348064
31328	0.0001651412359
31329	0.002936510227
31330	0.007864049722
31331	0.01736137258
31332	0.0009076244991
31333	0.0003270581759
31334	0.005114915513
31335	0.008144566733
31336	0.0009736723886
31337	0.000185347688
31338	6.191075832e-05
31339	0.00282357578
31340	0.00403539969
31341	0.0001245957108
31342	0.0002035519449
31343	0.0002986364215
31344	0.001498899676
31345	0.009051249033
31346	0.001918213871
31347	0.01543457959
31348	0.003955847666
31349	0.003129483571
31350	0.003103472034
31351	0.0001236780967
31352	0.0006667389397
31353	0.001857276554
31354	0.0001415991667
31355	0.0004539582447
31356	0.0001222746624
31357	0.0002242944627
31358	0.007542079525
31359	0.001303118786
31360	0.00473375985
31361	0.01153276499
31362	0.0002957431659
31363	0.001281640211
31364	0.0004758812798
31365	0.003412948447
31366	0.0008431685261
31367	0.000327012987
31368	0.002078064065
31369	0.0007026805474
31370	0.008873172013
31371	0.001740498014
31372	0.0002870494178
31373	0.001459938227
31374	0.002047902168
31375	0.004858860844
31376	0.0001094887241
31377	0.001007816271
31378	0.003095560688
31379	0.003457202379
31380	0.007666640147
31381	0.00198495105
31382	0.004813110798
31383	0.001442999807
31384	0.001252749248
31385	0.002367387233
31386	0.004205060184
31387	7.716413097e-05
31388	0.0002374065857
31389	0.002759448552
31390	0.002097330525
31391	0.0007480372904
31392	0.02257593887
31393	0.002113138582
31394	0.001107110695
31395	0.00133599773
31396	0.006325004515
31397	0.0001314697149
31398	0.0005864944016
31399	0.01092389909
31400	0.001500952726
31401	0.009977425047
31402	0.0007991702469
31403	0.0007095665201
31404	0.0002362173627
31405	0.0005942352628
31406	0.0003491807351
31407	0.0006028224588
31408	0.003367605199
31409	0.0006150818417
31410	0.0006599993075
31411	0.0006916944799
31412	0.003651898461
31413	0.0002333005369
31414	0.0001486402294
31415	0.006076905172
31416	0.01453070734
31417	0.0004861702168
31418	0.01855076221
31419	0.01473166472
31420	0.004248535427
31421	0.000374050106
31422	0.01571111589
31423	0.01243205953
31424	0.0005374145181
31425	0.0004523809398
31426	0.0003753197121
31427	0.00627779905
31428	0.001017780638
31429	0.02061633896
31430	1.967213541e-05
31431	0.0001691572564
31432	0.01303669606
31433	0.0008674964776
31434	0.001460600909
31435	0.001188350681
31436	0.00153385528
31437	0.0002360413579
31438	0.0001702912921
31439	3.109264557e-05
31440	0.003643307261
31441	0.007220379627
31442	0.0132143417
31443	0.00764548083
31444	0.00088606751
31445	0.00281648533
31446	2.709547277e-05
31447	0.000449815219
31448	0.0001560806103
31449	0.0003624996222
31450	0.006561242761
31451	0.0008368755057
31452	0.0009703529754
31453	0.0006259049254
31454	0.0007730612794
31455	0.01925197633
31456	0.001349520849
31457	0.0004095224082
31458	0.001685580904
31459	0.000334260815
31460	0.0001294433127
31461	0.0007539736795
31462	0.0003571079996
31463	0.001583478525
31464	0.0004859566148
31465	0.0009854272166
31466	0.0005122554464
31467	0.002501565862
31468	0.0003967110246
31469	0.005081416214
31470	0.00190958823
31471	0.001252474738
31472	0.01858368642
31473	0.0005324041491
31474	0.0006198015748
31475	0.008209927217
31476	0.0004239907937
31477	0.0001230987351
31478	0.01274359134
31479	0.002965118724
31480	0.001100324868
31481	0.002772292471
31482	0.001654775403
31483	0.007336209751
31484	0.001924913774
31485	0.02225087281
31486	0.0004480291528
31487	0.003310817286
31488	0.0001354718433
31489	0.003541655684
31490	0.002317376102
31491	0.001524782064
31492	0.005723974372
31493	0.0007654280958
31494	0.0003031321551
31495	0.004706300777
31496	0.009826280352
31497	0.008305387048
31498	0.00143495856
31499	0.0007384576221
31500	0.0002403173479
31501	0.002481055801
31502	0.0009859576013
31503	0.001046639594
31504	0.003805741116
31505	0.001050278611
31506	0.000827355485
31507	0.0007030769121
31508	9.871892407e-05
31509	0.007375128203
31510	0.0002078460158
31511	0.0008550217483
31512	0.01820037296
31513	0.008981925839
31514	0.001061698018
31515	0.001763278365
31516	0.002156614696
31517	6.074882975e-05
31518	0.0009591453356
31519	0.006421511988
31520	0.001578796318
31521	0.002673155529
31522	0.003336211013
31523	0.0120585722
31524	0.002660538322
31525	0.001715965591
31526	0.003643305818
31527	0.0002278160428
31528	0.0003940570398
31529	0.003682309125
31530	0.01426502119
31531	0.004678533207
31532	0.002554730457
31533	0.00448443139
31534	0.002737070592
31535	0.004801059719
31536	0.01391447025
31537	0.0004737495742
31538	0.001945228695
31539	0.004472490161
31540	0.02357648729
31541	0.0007377878495
31542	0.001598983404
31543	0.000518679005
31544	0.02784886423
31545	0.02480059587
31546	0.008977831037
31547	5.529106248e-05
31548	0.002732060232
31549	0.00119660079
31550	0.002146915508
31551	0.0009371118249
31552	0.003275725221
31553	0.001008440471
31554	0.0004495307698
31555	0.001146583457
31556	0.0005309454027
31557	0.006417504056
31558	0.001675460708
31559	0.0002608989128
31560	0.00402670129
31561	0.004163904923
31562	0.00880739192
31563	0.007228403815
31564	0.001182246967
31565	0.0002495537081
31566	0.005323355887
31567	0.0004068710202
31568	0.007123525476
31569	0.01198071878
31570	0.001170758794
31571	0.0003791982377
31572	4.610004779e-05
31573	0.01468047303
31574	0.0004137058401
31575	0.009538455135
31576	0.01140847166
31577	0.001569888219
31578	0.0006098810825
31579	0.00278994693
31580	0.0005591311909
31581	0.001630719944
31582	0.01677875541
31583	0.00451587543
31584	0.005897157269
31585	0.001785483483
31586	0.01041817791
31587	0.003077441603
31588	0.0009541893891
31589	0.0009810955182
31590	0.01736157375
31591	0.01792955764
31592	0.00178771419
31593	0.009368761408
31594	0.01787287664
31595	0.001968994779
31596	0.0107705468
31597	0.000282509959
31598	0.01069859751
31599	0.0005215255987
31600	0.01393584884
31601	0.01700790118
31602	0.006202635738
31603	0.00472890214
31604	0.0006507380842
31605	0.01458230497
31606	0.008327938269
31607	0.0005291114709
31608	3.085564884e-05
31609	0.008477074817
31610	0.001270730227
31611	0.0003190848974
31612	0.0120730715
31613	0.005436130963
31614	9.309583437e-07
31615	0.009001289131
31616	0.007600719978
31617	0.001732182962
31618	0.0004348796706
31619	0.0004482593853
31620	0.002261335775
31621	0.01509263439
31622	0.005477934477
31623	0.02201730842
31624	0.004936010952
31625	0.00055089483
31626	0.006793862997
31627	0.01662424474
31628	0.002724380362
31629	0.002650558263
31630	0.0008032168718
31631	0.008384434883
31632	0.000580675912
31633	0.001487834895
31634	1.754961628e-05
31635	0.000242902951
31636	0.0001579635852
31637	0.001449805711
31638	0.0001709398801
31639	0.002652336703
31640	0.005559026859
31641	0.01823292692
31642	0.002406782946
31643	0.005290355517
31644	0.003043987273
31645	0.003589997951
31646	0.002971137457
31647	0.01191452285
31648	0.002300110719
31649	0.004712262176
31650	0.0004071144873
31651	0.01157476194
31652	0.0002445036789
31653	0.0004700171965
31654	0.001582157097
31655	0.02126238304
31656	0.0002650820078
31657	0.001432669716
31658	0.00218473754
31659	0.006033968444
31660	0.003162693332
31661	0.003027332628
31662	0.003825464131
31663	0.00510023984
31664	0.0004325907223
31665	0.01692325485
31666	0.001961405702
31667	0.001077132861
31668	0.0001102827019
31669	0.004647339069
31670	0.0008447424672
31671	8.317302278e-05
31672	0.002401814366
31673	0.001856570768
31674	0.001299240919
31675	0.01098481117
31676	0.002756058041
31677	0.002105309046
31678	0.006912417604
31679	0.000633351319
31680	0.0003661476305
31681	9.834235255e-05
31682	0.00123913038
31683	0.007909269291
31684	0.000883418706
31685	0.001225994504
31686	0.001047225719
31687	0.002260431066
31688	0.004234321005
31689	0.007378408297
31690	0.01284935352
31691	0.003044898913
31692	0.002770574711
31693	0.002258358372
31694	0.003635378287
31695	0.003140191711
31696	0.01804484704
31697	0.01854822488
31698	0.001512006385
31699	0.0004016427877
31700	0.0002392778914
31701	0.003648320651
31702	0.001308867244
31703	0.005319038351
31704	0.0008820221368
31705	0.003100339858
31706	0.006627666189
31707	0.0191103996
31708	0.001305780619
31709	0.0008594163006
31710	0.0005287737262
31711	0.005744021712
31712	0.00147543768
31713	0.004912478392
31714	0.00202067292
31715	0.001926407437
31716	0.007444922926
31717	0.004313211748
31718	0.01113257349
31719	0.004419367835
31720	0.003344492081
31721	0.007705416579
31722	0.005931794248
31723	0.00417847889
31724	0.003125252774
31725	0.002543531632
31726	0.0003566973831
31727	0.0006970415124
31728	0.0002109617753
31729	0.0008787544024
31730	0.0009377032189
31731	0.001836692587
31732	2.019894674e-05
31733	0.001497014551
31734	0.0003850463717
31735	0.005284184174
31736	0.002159752334
31737	0.001164467799
31738	0.001528419586
31739	0.002398821626
31740	0.004205754532
31741	0.0003261604706
31742	0.001251707168
31743	0.001070482687
31744	0.0007528541742
31745	0.004535856685
31746	0.001212926853
31747	0.001577524543
31748	0.001043854421
31749	0.0003436623269
31750	0.008891823564
31751	0.002192927806
31752	0.004912737938
31753	0.004047771147
31754	0.003195053136
31755	0.0002833192834
31756	0.001845716468
31757	0.001347492762
31758	0.004807348274
31759	0.005731285441
31760	0.006271215609
31761	0.0006630711965
31762	0.0004206610077
31763	0.0008165865179
31764	0.0004266876305
31765	0.001703942695
31766	0.0006561582692
31767	0.003050665574
31768	0.0008992480947
31769	3.654347272e-05
31770	0.001972217902
31771	0.004817873824
31772	0.0002635487012
31773	0.004440053184
31774	0.001302033922
31775	0.003853332005
31776	4.692728997e-05
31777	0.002220518677
31778	0.0009089861233
31779	0.00143036714
31780	0.002999605626
31781	0.0006563582926
31782	0.002590406764
31783	0.0004941660959
31784	0.002043200718
31785	0.002220189797
31786	0.003036384042
31787	0.009343425024
31788	0.00413698098
31789	0.003305346
31790	0.001003674725
31791	0.0006126446486
31792	0.005672384395
31793	1.135582857e-05
31794	0.0002106859589
31795	0.01584180036
31796	0.001272199156
31797	0.0001236653008
31798	0.002153480888
31799	0.01109223353
31800	0.003493212661
31801	0.001032281017
31802	0.008058998854
31803	0.0004249846293
31804	0.001808409559
31805	0.0001446036513
31806	0.005533062355
31807	0.0007049481951
31808	0.00551856606
31809	0.001796241366
31810	0.0004411275301
31811	0.01095486197
31812	0.0001489021747
31813	6.350904299e-05
31814	0.00965719046
31815	0.007447570935
31816	0.01575972475
31817	0.001752430905
31818	0.000561069484
31819	0.0001579303427
31820	0.0031806059
31821	0.01571128571
31822	0.0003822742054
31823	0.01394693139
31824	0.0001294048561
31825	0.01028390672
31826	0.004589719464
31827	0.0006522750995
31828	0.002166623526
31829	0.0006632814526
31830	0.01532016379
31831	0.007646421294
31832	0.000612799911
31833	0.0002539625138
31834	0.007777187347
31835	0.0001492192354
31836	0.0007585088802
31837	0.007259000075
31838	0.002505508307
31839	0.0004468749524
31840	0.001581216121
31841	0.01054661832
31842	0.0009370745479
31843	0.001212856879
31844	0.0009648100365
31845	0.005530024925
31846	0.001173711487
31847	0.008511096277
31848	6.879501728e-05
31849	0.001790079525
31850	0.002513837197
31851	0.01218587177
31852	0.009734527894
31853	0.01477252216
31854	0.0001918197958
31855	0.0005140728526
31856	0.004505751434
31857	0.004112996846
31858	0.002887372817
31859	0.001350455966
31860	0.0002945513209
31861	0.008560866843
31862	0.006388979028
31863	0.01974330942
31864	0.000636154226
31865	0.0008635982856
31866	0.000166295511
31867	0.001144490446
31868	0.00767094981
31869	0.0003802540588
31870	0.003629168641
31871	0.001797853978
31872	0.001222034262
31873	0.001370494604
31874	0.004174842638
31875	0.0100178673
31876	0.02149455359
31877	0.0003891001363
31878	0.002181329767
31879	0.0003382885066
31880	0.01561223744
31881	0.0005038728266
31882	0.0054549593
31883	0.0004154829999
31884	0.002572990189
31885	0.0008949612764
31886	0.001086404792
31887	9.753566611e-05
31888	0.008436788717
31889	0.0006632907585
31890	0.0006294471153
31891	0.0006101530878
31892	0.001388065132
31893	8.384072279e-06
31894	0.001657112319
31895	0.001711498378
31896	0.002071394264
31897	0.001122490357
31898	0.003575142744
31899	0.01713623138
31900	0.0007359643865
31901	0.007312423957
31902	0.004949187621
31903	0.0008157294511
31904	0.0005715198604
31905	0.008686999642
31906	0.01396737054
31907	0.001609547075
31908	2.931930863e-05
31909	0.004507817042
31910	0.002226020807
31911	0.0003047291186
31912	0.002956059112
31913	0.0007963435624
31914	0.000108594002
31915	0.0005306568045
31916	0.002323613537
31917	1.37275781e-06
31918	0.01157786192
31919	0.001249264278
31920	0.001450745821
31921	0.0004945304569
31922	0.000449737634
31923	0.001079282761
31924	0.00235026296
31925	0.001205646891
31926	0.001603401694
31927	0.0002997226636
31928	0.005078145301
31929	0.0001238915627
31930	0.01551558743
31931	0.0008434360269
31932	0.0002049742166
31933	0.001221579002
31934	0.0006341250608
31935	0.00154635548
31936	5.292113911e-08
31937	0.0002355755555
31938	0.000516220249
31939	0.0007882643934
31940	0.0002889191982
31941	0.001365479804
31942	0.00212991792
31943	0.0006827209472
31944	0.001288772198
31945	0.005520461063
31946	0.003520019805
31947	0.0004215895812
31948	0.0003535266507
31949	0.004849012856
31950	1.711910618e-05
31951	0.0002178378202
31952	0.0003037179843
31953	0.002486266263
31954	0.003299322186
31955	0.0002584229213
31956	0.0005984365314
31957	0.003038211723
31958	0.01698680478
31959	0.01877477995
31960	0.00289709184
31961	0.0001850848042
31962	0.01374096113
31963	0.004618316399
31964	0.002738829432
31965	0.002180059291
31966	0.0007737192501
31967	0.0112113104
31968	0.0009715167437
31969	2.543133481e-05
31970	0.00118749874
31971	0.0004980018948
31972	0.004605819746
31973	0.006077216236
31974	0.003446262293
31975	0.002864087016
31976	0.0007235505386
31977	0.000218339971
31978	0.001797035638
31979	0.0008447418204
31980	0.001494892689
31981	0.00103888898
31982	0.0001112224375
31983	0.0007246839054
31984	0.005108969441
31985	0.0003094940084
31986	0.000593608004
31987	0.003000052271
31988	0.001292348527
31989	0.0001803570858
31990	8.206026164e-05
31991	0.014085551
31992	0.005581865584
31993	0.0007747233409
31994	0.01289651247
31995	0.0002979261988
31996	0.004531165663
31997	0.006694414255
31998	0.00118518443
31999	0.001657912841
32000	0.0004994787479
32001	0.001329369656
32002	0.003176761015
32003	0.003572351541
32004	7.207945881e-05
32005	0.001713341168
32006	0.001190076871
32007	0.0102580399
32008	0.001561879398
32009	0.001105286194
32010	0.02025560514
32011	0.0009007868493
32012	0.0007710362499
32013	0.001471212045
32014	0.0005353582971
32015	0.0006329277768
32016	0.002187516727
32017	0.001103259651
32018	0.02032139351
32019	0.01407092449
32020	0.005137430466
32021	0.001731521993
32022	0.006537195664
32023	0.004551599296
32024	0.002956867959
32025	0.0005965727704
32026	0.001352045424
32027	0.00105994601
32028	0.0001884221333
32029	0.00156591012
32030	9.437688154e-05
32031	0.004048405565
32032	0.001944530439
32033	0.01170626639
32034	0.0001066211034
32035	0.02072499372
32036	0.0005856784688
32037	0.0003331594664
32038	7.792873322e-05
32039	0.001025860479
32040	0.00695532732
32041	6.776575032e-05
32042	0.007816902907
32043	0.0006909992777
32044	0.000779778644
32045	0.009526744774
32046	0.0003696599573
32047	0.0008709629222
32048	0.0237387747
32049	0.0009532144023
32050	0.02084567942
32051	0.0006512544458
32052	0.0003004256738
32053	0.01372656866
32054	0.003009885369
32055	0.001290667825
32056	0.01198413544
32057	0.001193646214
32058	0.004575403932
32059	0.01717577679
32060	0.002906696218
32061	0.0008211884188
32062	0.001268555512
32063	0.004910964076
32064	0.001561908047
32065	0.009174911638
32066	0.0127012338
32067	0.0006136110563
32068	0.00263071463
32069	2.202160145e-05
32070	0.0003797943232
32071	0.008801147667
32072	0.0006024827871
32073	0.002095521881
32074	0.003843954505
32075	7.987570847e-06
32076	0.0009803030945
32077	0.0002510830447
32078	0.0001144212273
32079	0.001117092447
32080	0.008592114346
32081	0.0002547741088
32082	0.01995382204
32083	0.000812159335
32084	0.007359256976
32085	0.0009250944588
32086	0.0002409437073
32087	0.01506911826
32088	0.001029884694
32089	0.005060714322
32090	0.004408196862
32091	0.002270021013
32092	0.0004396743743
32093	6.152168899e-05
32094	0.003960106822
32095	0.0037019328
32096	0.007906428761
32097	0.0005996465853
32098	0.02104232543
32099	0.0008538829822
32100	0.001447622869
32101	0.002969907099
32102	0.002058858706
32103	0.00176236034
32104	0.003076204237
32105	0.003451585381
32106	0.001647444368
32107	0.0004483259663
32108	0.004294438053
32109	0.008402928072
32110	0.008935811738
32111	0.003775746516
32112	0.001052368301
32113	0.004292323268
32114	0.04038702172
32115	0.0006489233386
32116	0.004420189203
32117	0.001515045831
32118	0.0003067487928
32119	0.01308166413
32120	0.0007601423642
32121	0.000380934347
32122	0.001658953645
32123	0.002973441975
32124	0.00132833494
32125	0.01588731632
32126	0.006099005846
32127	0.008063569486
32128	0.0006219290627
32129	0.03651897567
32130	0.0001766618379
32131	0.006374568958
32132	0.01364820086
32133	0.006985911213
32134	0.007449299254
32135	0.001008540446
32136	0.0007535695536
32137	0.003120857584
32138	0.0008545965961
32139	0.01813715836
32140	0.001412535367
32141	0.004635929384
32142	0.002787035531
32143	0.0006505172706
32144	0.004402366222
32145	0.004874462481
32146	0.001906948706
32147	0.0003300812272
32148	0.004057863479
32149	0.002437037251
32150	0.01903394088
32151	0.003921223454
32152	0.005431220412
32153	0.0009302471736
32154	0.0002790418239
32155	0.002553202759
32156	0.001273736244
32157	0.008976608322
32158	0.0007675589202
32159	0.001422679567
32160	0.006265896658
32161	0.004021072845
32162	0.004221631474
32163	0.002860324689
32164	0.0004248396041
32165	0.00276399844
32166	0.0004201876418
32167	0.0054547089
32168	0.0005916410128
32169	0.004067733004
32170	0.002091229961
32171	0.00243077359
32172	0.001833283505
32173	0.004177849636
32174	0.0002895899479
32175	0.001934784583
32176	0.005146977818
32177	0.01593933391
32178	0.001252379858
32179	0.0003450092691
32180	0.004877749536
32181	0.004080092785
32182	0.001089479015
32183	0.0003152833378
32184	0.0001977358489
32185	0.0003208673643
32186	0.008904593232
32187	0.0008025000159
32188	0.0008469369097
32189	0.007643292591
32190	5.303537889e-05
32191	0.002494948467
32192	0.003362554714
32193	0.01519292045
32194	0.002705071358
32195	0.006328268527
32196	0.003611550435
32197	0.005894113135
32198	0.0004850415273
32199	0.001584852739
32200	0.01088007034
32201	0.0008574527685
32202	0.0007137674006
32203	0.001092469914
32204	0.004053140716
32205	0.007998264272
32206	0.004305497649
32207	0.001550484003
32208	0.0004293163496
32209	0.01530638247
32210	0.006426710591
32211	0.002647304016
32212	0.006447641377
32213	0.01315403783
32214	0.009583819494
32215	0.004576801706
32216	0.003625413969
32217	0.02533774969
32218	0.007600511954
32219	0.008254179437
32220	0.003032911021
32221	0.00275346755
32222	0.02003678999
32223	0.002056436105
32224	0.00604756944
32225	0.002928876419
32226	0.008318782088
32227	0.0004751610928
32228	0.007813867801
32229	0.00368048839
32230	0.007464147134
32231	0.0072067987
32232	0.003044408639
32233	0.01560503993
32234	0.01383190212
32235	0.003281488923
32236	0.007656335371
32237	0.001189919021
32238	0.009308923137
32239	0.001264223667
32240	0.00548641075
32241	0.001600680682
32242	0.0008554053453
32243	0.006632857793
32244	0.01140891112
32245	0.003830988034
32246	0.001272539609
32247	0.002420618379
32248	0.004211785469
32249	0.001603405624
32250	0.002581534128
32251	0.00168618295
32252	0.001102698756
32253	0.00280939853
32254	0.001461246938
32255	0.009703365018
32256	0.005908330216
32257	0.01373184735
32258	0.001915488847
32259	0.0007931757454
32260	0.001665080384
32261	0.0136609267
32262	0.001085125746
32263	0.0037909928
32264	0.005430039613
32265	0.0007967533889
32266	0.01302191854
32267	0.01824649467
32268	0.003151729876
32269	0.009962171431
32270	0.001765320443
32271	0.001678658271
32272	0.01057663883
32273	0.008796314905
32274	0.001758375564
32275	0.000967094254
32276	0.005284573667
32277	0.01474742413
32278	0.005224223601
32279	0.005352427442
32280	0.003419800325
32281	0.002708565097
32282	0.004672933207
32283	0.01381469512
32284	0.002651183807
32285	0.007271760715
32286	0.009075126255
32287	0.0006529104165
32288	7.832934317e-05
32289	0.001310553242
32290	0.002358492668
32291	0.0006670169094
32292	0.00593947372
32293	0.002444770483
32294	0.0009514087422
32295	6.429525662e-05
32296	0.0005796924312
32297	0.007782166044
32298	5.735818536e-05
32299	0.0003615389077
32300	0.0002072309321
32301	0.0006216403234
32302	0.0009864992901
32303	0.01866950408
32304	2.211512721e-05
32305	0.002352401848
32306	0.002336046059
32307	0.007018388805
32308	0.002336552499
32309	0.005600001496
32310	0.008039725656
32311	0.000388938388
32312	0.001418831694
32313	0.00508830924
32314	0.004529371568
32315	0.0009768556293
32316	0.0009509123127
32317	0.001680432479
32318	0.001922309698
32319	0.003247972104
32320	0.001776790489
32321	0.01310435831
32322	0.003070983162
32323	0.002377040958
32324	0.002798717737
32325	0.0002964084707
32326	0.003304695082
32327	0.010332444
32328	0.004914645622
32329	0.007023666643
32330	0.005569353161
32331	0.0003684104357
32332	0.0006671631638
32333	0.005205522578
32334	0.00792465073
32335	0.001391448714
32336	0.0006034985449
32337	0.004058095481
32338	0.0003144337435
32339	0.002730319876
32340	0.005792316351
32341	0.01063977142
32342	0.004682189237
32343	0.01203983086
32344	0.01500858582
32345	0.003626585702
32346	0.004559835393
32347	0.01219811866
32348	0.003291122042
32349	0.0008748081654
32350	0.0009841187417
32351	0.004421639415
32352	0.001087199885
32353	0.02265584568
32354	0.0002603123329
32355	0.00405734055
32356	0.007006003113
32357	0.00115671096
32358	0.0007117587896
32359	0.00340705052
32360	0.00733418639
32361	0.005857581277
32362	0.0002435013338
32363	0.01891192386
32364	0.0005419182718
32365	0.006241933046
32366	0.000827036166
32367	0.005222020393
32368	0.008998844299
32369	0.01005745863
32370	0.004973647337
32371	0.0006644451506
32372	0.0009245726349
32373	0.0001969480808
32374	0.005822501137
32375	0.004837433267
32376	0.01044940808
32377	0.008469383132
32378	0.007245184693
32379	0.01730206511
32380	0.01018619121
32381	0.007172008718
32382	0.0002611615259
32383	0.002768657225
32384	0.0008393878776
32385	0.005236942479
32386	0.004601720981
32387	0.008960254914
32388	0.0221230013
32389	0.002676096047
32390	0.0116394657
32391	0.0006397622233
32392	0.0004368628917
32393	0.01154669059
32394	0.0006661656988
32395	0.0008233361083
32396	0.001046593015
32397	0.0001101237287
32398	0.001293028945
32399	0.002183641076
32400	0.0006152292988
32401	0.001059190567
32402	0.002430802779
32403	0.01377049665
32404	0.002092460179
32405	0.02019606271
32406	0.0006092386237
32407	0.01008250841
32408	0.005933576381
32409	0.001159450952
32410	0.002818874751
32411	0.01066408439
32412	0.000527906605
32413	0.001320256478
32414	0.01855037357
32415	0.002907891268
32416	0.001148973405
32417	0.0009905284427
32418	0.001288830107
32419	0.008966062432
32420	0.003676560149
32421	0.0082244228
32422	0.001478429267
32423	0.006016694505
32424	0.0002516126119
32425	0.0008120199636
32426	0.00301413264
32427	0.000859235477
32428	0.002994375308
32429	0.009694972067
32430	0.002118739676
32431	0.007322614481
32432	0.005572653592
32433	0.002576350072
32434	0.003930650762
32435	0.004382690219
32436	0.004684579052
32437	0.005465822635
32438	0.000565936923
32439	0.01144391084
32440	0.002277547348
32441	0.0006526634527
32442	0.009770948167
32443	0.0006587850802
32444	0.0002258926151
32445	0.00576972031
32446	0.001705588387
32447	2.811521016e-05
32448	0.0006272135492
32449	0.0008003105407
32450	0.0008921016305
32451	0.0005196756549
32452	0.002470558131
32453	0.001145668203
32454	0.001133099914
32455	0.007874276598
32456	0.0005288730762
32457	0.0007245894937
32458	0.002029148362
32459	0.001114587027
32460	0.001467578681
32461	0.000393592574
32462	0.0002092667044
32463	0.001136490967
32464	0.005764544146
32465	0.00269517418
32466	0.002698494797
32467	0.0001765498388
32468	0.001477386667
32469	0.01654398636
32470	0.001174621682
32471	0.00263068943
32472	0.0002801473743
32473	0.006918095948
32474	0.004976361965
32475	0.003963711929
32476	0.004985791313
32477	0.01147888799
32478	0.0001037555023
32479	0.001512088457
32480	0.0003353101249
32481	0.01561047767
32482	4.802079335e-05
32483	0.001076952879
32484	0.002119522074
32485	7.47422272e-05
32486	0.002102032872
32487	0.001898064742
32488	0.003808623567
32489	0.003020375495
32490	0.001827330862
32491	0.009683290398
32492	0.005854820614
32493	0.0008409170967
32494	0.009696349895
32495	0.01199672331
32496	0.008023072739
32497	0.004486401208
32498	0.0003072141582
32499	0.005103728297
32500	0.01747017494
32501	0.002373666335
32502	0.003592843079
32503	0.005051867375
32504	0.01669019909
32505	0.001288692632
32506	0.0144610022
32507	5.90692284e-05
32508	0.0008853264884
32509	0.006468447455
32510	0.001470796705
32511	0.001702492211
32512	0.009348252045
32513	0.0008898768952
32514	0.001014238285
32515	0.008241765715
32516	0.002090037799
32517	0.003131680292
32518	0.0003816334033
32519	0.006467171085
32520	0.003305876751
32521	0.004939906887
32522	0.0004529069539
32523	0.0004305184988
32524	0.0005752742647
32525	8.830152951e-05
32526	0.0002239965376
32527	0.0001362124133
32528	0.0007690723797
32529	0.002160061279
32530	0.0003295216725
32531	0.006607847178
32532	0.009886106679
32533	0.0006205135295
32534	0.001812629653
32535	0.01497106904
32536	0.0001611085871
32537	0.001188008676
32538	0.0006745022907
32539	0.00447049553
32540	0.000386170581
32541	0.0007389191356
32542	0.01291607594
32543	0.03338506227
32544	0.00314232904
32545	0.01489035568
32546	0.00197366525
32547	0.007437900546
32548	0.002981311836
32549	0.006513355685
32550	0.002902833766
32551	0.0002880657253
32552	0.009582309817
32553	0.002803958837
32554	0.0006822108722
32555	0.001544506624
32556	0.001378893307
32557	0.0005515130013
32558	0.01372468412
32559	0.001455093429
32560	0.0007944802184
32561	0.008330024884
32562	0.005890717477
32563	0.0158219031
32564	0.01127642561
32565	0.003262582959
32566	0.001226732963
32567	0.001802152356
32568	0.01007761389
32569	0.003060031973
32570	0.01963984607
32571	0.01419329336
32572	0.003462230264
32573	0.01074365438
32574	0.006754172541
32575	0.001960736386
32576	0.005442834517
32577	0.0006309849358
32578	0.01516638131
32579	0.002026916844
32580	0.0001871405986
32581	0.0008357781044
32582	0.000495066162
32583	0.007911631021
32584	0.0005394150922
32585	0.001093368635
32586	0.002324971979
32587	0.00319714705
32588	0.0003672331013
32589	0.0001791094558
32590	0.01701305366
32591	0.004892354515
32592	0.006232740604
32593	0.001274597212
32594	0.0106323378
32595	0.01097968768
32596	0.0007932410073
32597	0.001855105508
32598	0.002204125562
32599	0.01735872505
32600	0.0008407846992
32601	0.001790333787
32602	0.001490163322
32603	0.002849216387
32604	0.009023645472
32605	0.003489820643
32606	0.0009763961936
32607	0.004503022606
32608	2.536712762e-05
32609	0.003317862718
32610	0.003685372275
32611	0.009329131257
32612	0.0008573221447
32613	0.001047181828
32614	0.0004316931976
32615	0.001655449286
32616	0.001320536991
32617	0.003467456462
32618	0.00442517081
32619	0.002415243752
32620	0.007379137136
32621	0.00203986243
32622	0.0006138763017
32623	0.002043618837
32624	0.0001612155384
32625	0.001207088345
32626	0.0007018240075
32627	0.0005789569061
32628	0.002489825928
32629	0.003930254758
32630	0.01376110555
32631	0.001324990741
32632	0.0008011183654
32633	0.00630061399
32634	0.01245055901
32635	0.001109779936
32636	0.0003805896068
32637	0.0106236706
32638	0.001088627219
32639	0.003480697995
32640	0.003612394912
32641	0.003554051837
32642	0.0001783067543
32643	8.345505436e-05
32644	0.0005979449464
32645	0.0134175686
32646	0.0009103075395
32647	0.0004683716975
32648	0.01129963759
32649	0.000632529881
32650	0.007393930041
32651	0.0002277553166
32652	0.001182628101
32653	0.006807125487
32654	0.005524794331
32655	0.003395768603
32656	0.001269901532
32657	0.02392853452
32658	0.0003095153227
32659	0.002092816171
32660	0.003978461151
32661	0.0005260847381
32662	0.004873919986
32663	0.01081399572
32664	0.00134716667
32665	0.0006511215323
32666	0.0002007565206
32667	0.0001403411172
32668	0.0007356893141
32669	0.0007205657145
32670	0.001034744173
32671	7.982858566e-05
32672	0.005464711818
32673	0.0110957025
32674	0.01051346774
32675	0.004001723765
32676	0.00375866504
32677	0.0005602301164
32678	0.02962693457
32679	0.001214981424
32680	0.001584246864
32681	0.008361977454
32682	0.006198706744
32683	0.0006769897492
32684	4.746628215e-05
32685	0.0005073977007
32686	3.445562139e-05
32687	0.002077760203
32688	0.0001346256099
32689	0.00052053162
32690	0.0009040631954
32691	0.00109677331
32692	0.002223302707
32693	0.007192266801
32694	0.001067087532
32695	0.001513453112
32696	0.001615757447
32697	0.009702871872
32698	0.009108483333
32699	0.002685332474
32700	0.01242807028
32701	0.005994221989
32702	0.0009835803289
32703	0.001992216682
32704	0.0003114466484
32705	0.0069586241
32706	0.0005128120494
32707	0.001526510748
32708	0.0003947320101
32709	0.0003219428548
32710	0.002380547417
32711	0.00612476808
32712	0.0003723533388
32713	0.01022325441
32714	0.004250524586
32715	0.001840497892
32716	0.001707393641
32717	0.005086982794
32718	0.001520913288
32719	0.00397728578
32720	0.001213253715
32721	0.0003675799713
32722	0.01377270043
32723	0.001974799219
32724	0.004813163505
32725	0.00067258411
32726	0.00714348014
32727	0.003806629994
32728	0.003976321671
32729	0.004412654755
32730	0
32731	0.005903437651
32732	0.007320565289
32733	0.001646691576
32734	0.004850579903
32735	0.009605398865
32736	0.003075423198
32737	0.001396174164
32738	0.005873663711
32739	0.01025200331
32740	0.001881316102
32741	0.0203005845
32742	0.003728423404
32743	0.000331362485
32744	0.005494008406
32745	0.01125260388
32746	0.003838048056
32747	0.009383997291
32748	0.0008748644465
32749	0.001010477955
32750	0.0001558057383
32751	0.003940236751
32752	0.000565553854
32753	0.009310787901
32754	0.001465420456
32755	0.02065206644
32756	0.004024036822
32757	0.0006985565773
32758	0.008755808207
32759	0.0213198494
32760	0.001562418531
32761	0.0004460962171
32762	0.001068149642
32763	0.001283920888
32764	0.002557210458
32765	0.009114591552
32766	0.01046018416
32767	0.0004607882711
32768	0.0003434274882
32769	0.0005075365451
32770	0.002209322025
32771	0.01012124401
32772	0.004292996157
32773	0.008131160965
32774	0.0009726946207
32775	0.001493458668
32776	0.01549110079
32777	0.001855179687
32778	0.003408713072
32779	0.0002369399779
32780	0.007723770768
32781	0.004964688464
32782	0.0006108928417
32783	0.001048948798
32784	0.003991873842
32785	0.01467197944
32786	0.0009346442026
32787	0.0007512073608
32788	0.0001716855139
32789	0.0003907782727
32790	0.007070508313
32791	0.001410185964
32792	0.0005829008845
32793	0.006937466779
32794	0.02122639852
32795	0.0001896455799
32796	7.106230584e-06
32797	0.001787523949
32798	0.0001693017041
32799	0.0009402112253
32800	0.004532900123
32801	0.001124210212
32802	0.002334283065
32803	0.006703022391
32804	0.0022215073
32805	0.001817572999
32806	0.005213698748
32807	0.002240402797
32808	0.00329755313
32809	0.002132189375
32810	0.001531782027
32811	0.0003919626403
32812	0.005477702008
32813	0.009989755266
32814	0.002587285749
32815	0.0032939358
32816	0.0003318529543
32817	0.007024024961
32818	0.002010413496
32819	0.0008481751498
32820	0.01417794606
32821	0.01682320907
32822	0.001262324118
32823	0.0003555773552
32824	0.002006487709
32825	0.0009093424015
32826	0.01201107652
32827	0.001230867393
32828	0.0001902769075
32829	0.001332191257
32830	0.02246509541
32831	0.001097461963
32832	0.001013748356
32833	0.0003527170481
32834	0.009155364857
32835	0.0002893691054
32836	8.327496986e-08
32837	0.0003499249579
32838	0.01528562809
32839	0.002117927304
32840	0.004843779884
32841	0.001387701018
32842	0.0003617956808
32843	0.001107453046
32844	0.01031028897
32845	0.001647208369
32846	0.00912903232
32847	0.0008487051145
32848	0.0004872212948
32849	0.005092735868
32850	0.01147327778
32851	0.009193916456
32852	0.01434825737
32853	0.007508580321
32854	0.006971379579
32855	0.003644468406
32856	0.001801316301
32857	0.001464309632
32858	0.0012843565
32859	0.00143912055
32860	0.0004320206625
32861	8.999858143e-06
32862	0.004005595347
32863	0.004337007606
32864	0.002047140818
32865	0.0009388500359
32866	0.0008717505764
32867	0.0004829747708
32868	0.001962650089
32869	0.0005296912969
32870	0.003576059689
32871	8.512807948e-05
32872	0.0009290458888
32873	0.0003165524845
32874	0.003281579459
32875	0.002001100747
32876	4.980556243e-05
32877	0.0008822076301
32878	0.00201284427
32879	0.01003204301
32880	0.004341563311
32881	6.808457162e-05
32882	0.001961887898
32883	0.0009389758753
32884	0.0006509866442
32885	0.0009770912696
32886	0.01314526956
32887	0.00142032981
32888	0.002024969624
32889	0.0006434554556
32890	0.005094747985
32891	0.0008095799657
32892	0.001708688855
32893	0.01438407343
32894	0.007926462984
32895	0.002691912393
32896	0.003107106004
32897	0.01920639635
32898	0.0007954254076
32899	0.0009692262221
32900	0.003724060853
32901	0.0007277939498
32902	0.006664637795
32903	0.0004182893735
32904	0.0002174469905
32905	0.0007772617139
32906	0.0001468998228
32907	0.001387440158
32908	0.0003216437669
32909	0.003264796999
32910	0.005198887927
32911	0.001462059661
32912	0.003207707631
32913	7.245655979e-05
32914	0.0005634850017
32915	0.008670543263
32916	0.005283620814
32917	0.01833390375
32918	0.0009580256466
32919	0.0006688488165
32920	0.001496328527
32921	0.0006577435277
32922	0.0055227693
32923	0.001263363983
32924	0.0003149379319
32925	0.001440082605
32926	0.01516816323
32927	0.01294389976
32928	0.003182581488
32929	0.0115199025
32930	0.03053541198
32931	0.01644784635
32932	0.008845311726
32933	0.0009995681256
32934	0.009628251952
32935	0.0001322422
32936	0.006233804135
32937	0.004231636681
32938	0.002858498612
32939	0.0002858781651
32940	0.006847708296
32941	0.005871643511
32942	0.001726874559
32943	0.003437495849
32944	0.00894204496
32945	0.002160293663
32946	0.005869914539
32947	0.002744466658
32948	0.001364618258
32949	0.01152134386
32950	0.004463551873
32951	0.008194949623
32952	0.003213380313
32953	0.01837190185
32954	0.0006715085317
32955	5.590432772e-05
32956	0.006264313647
32957	0.004483047244
32958	0.0109911902
32959	0.02268954377
32960	0.0002590797852
32961	0.002643058818
32962	0.002639285065
32963	0.000213525674
32964	0.01038535936
32965	0.01032028414
32966	0.0008215236994
32967	0.0001960147769
32968	2.110165205e-05
32969	0.0006368752077
32970	0.0002496971316
32971	0.0123625217
32972	0.007785477514
32973	0.007423344955
32974	0.0003642534646
32975	0.004262239359
32976	0.002639697558
32977	0.0004734311953
32978	0.004714541409
32979	0.0003121122429
32980	0.001875362416
32981	0.0007214918908
32982	0.001129010171
32983	0.003629768137
32984	0.001816740351
32985	0.006748666511
32986	0.009388491501
32987	0.02380780608
32988	0.001369460245
32989	0.003442591548
32990	0.001440755188
32991	0.0005000174241
32992	0.002208331116
32993	0.001555113332
32994	0.002233106082
32995	0.002207158459
32996	0.01450926568
32997	0.005641027917
32998	0.004002517963
32999	0.0003725966309
33000	0.0005362897976
33001	0.007442595985
33002	0.006245937644
33003	0.004188740336
33004	0.0004155095636
33005	0.0004537686858
33006	0.0006090066229
33007	0.0008607064763
33008	0.0008306420113
33009	0.001426032793
33010	0.0001825083114
33011	5.869833446e-05
33012	0.001666480115
33013	5.751795992e-05
33014	0.003478530643
33015	8.28334513e-05
33016	0.01363618424
33017	5.111300995e-05
33018	0.0001466541747
33019	0.002258130548
33020	0.0006314521392
33021	0.0004854237495
33022	0.000135432287
33023	0.001807450355
33024	0.005061537534
33025	0.001413625451
33026	0.001186990078
33027	0.001370710184
33028	8.028600998e-05
33029	0.0005325052515
33030	0.0004113011096
33031	0.0004933289836
33032	0.002487481363
33033	0.01429331448
33034	0.0008756435924
33035	0.0008593751913
33036	0.001033623831
33037	0.009788987544
33038	0.00748770248
33039	0.003554796891
33040	0.004635078405
33041	0.004342339137
33042	0.0009412535969
33043	0.001075780539
33044	0.007244050294
33045	0.008028030607
33046	0.005956915053
33047	0.01122589586
33048	0.006471412377
33049	0.006373327332
33050	0.0003315014231
33051	0.007138941315
33052	0.002442867191
33053	0.0007859359489
33054	0.002161226435
33055	0.002426808386
33056	0.003716215515
33057	0.001315206138
33058	0.0009118240302
33059	0.00331596785
33060	0.0004446808908
33061	0.002067842883
33062	0.002611894452
33063	0.00301388405
33064	0.001654619065
33065	0.0007700906225
33066	0.001099473617
33067	0.02291569733
33068	0.009940452018
33069	0.0009713424496
33070	0.01069812757
33071	0.003919281115
33072	0.0001418903287
33073	0.001066828376
33074	0.02536028119
33075	0.005795168732
33076	0.01616331889
33077	0.0005125278489
33078	0.0004329322561
33079	0.0009846421535
33080	0.03280270717
33081	0.0003186662688
33082	0.009698580921
33083	0.002589188851
33084	0.007936963102
33085	0.002499137516
33086	0.0004285295755
33087	0.0001171550465
33088	0.006287020739
33089	0.0003473096788
33090	0.009223575993
33091	0.0009761293243
33092	0.00109149742
33093	0.0007879090912
33094	0.003242029343
33095	0.002072691187
33096	0.01312379565
33097	0.004901352122
33098	0.009532185587
33099	0.0008731887301
33100	0.001801317605
33101	0.001152362397
33102	0.0022492173
33103	0.0005593789064
33104	0.002399991483
33105	0.004542804975
33106	0.003253820231
33107	0.00971161387
33108	0.0005894667618
33109	0.001207598837
33110	0.002040095388
33111	0.00229864448
33112	0.01805388304
33113	0.0003509511579
33114	4.030791714e-05
33115	0.0006294730961
33116	0.001088014363
33117	0.000495668027
33118	0.0002552905956
33119	0.003083675829
33120	0.0004962550506
33121	0.002847165654
33122	0.003700165599
33123	0.004385689095
33124	0.002374891368
33125	0.00376043522
33126	0.000249041538
33127	0.003146649558
33128	0.01766381539
33129	0.001450678424
33130	0.001369260404
33131	0.01888013754
33132	0.0004508418383
33133	0.0005838870681
33134	0.003528997768
33135	0.009367864477
33136	0.001616288361
33137	0.008017407547
33138	0.00904643359
33139	0.01043239229
33140	0.0001179751413
33141	0.00216742501
33142	0.003895959507
33143	0.002267282953
33144	0.001724756813
33145	0.0006021981046
33146	0.0001730916847
33147	0.001835263066
33148	0.0002491685858
33149	0.0009234993632
33150	0.005306036398
33151	0.0001706017833
33152	0.0009223009834
33153	0.001903050909
33154	0.00160387064
33155	0.0001025093778
33156	0.002661633297
33157	0.01200144494
33158	0.0001634446308
33159	0.0009511175211
33160	0.008216065639
33161	0.03177466174
33162	0.000659961287
33163	0.003966327879
33164	0.004093780354
33165	0.003179714116
33166	0.0006548609516
33167	0.001886833681
33168	0.01208656261
33169	0.0002794182148
33170	0.0004162920268
33171	0.0150286072
33172	0.009177036163
33173	0.000802856639
33174	0.00028040158
33175	0.002494769862
33176	0.0009483975044
33177	0.001260263142
33178	0.01187234733
33179	0.002001383079
33180	0.0005173164147
33181	0.0002453002791
33182	0.00131921535
33183	0.008493146679
33184	0.00246507909
33185	0.004266517575
33186	0.001561919372
33187	0.002636943922
33188	0.000541744171
33189	0.007962679356
33190	0.0001101380833
33191	0.0002100709636
33192	0.000844387689
33193	0.0004484343771
33194	0.0007620742578
33195	0.004789803985
33196	0.00258831937
33197	0.003178610169
33198	0.00282397882
33199	0.0008804191019
33200	0.0003393975983
33201	0.00269942609
33202	0.0001315109739
33203	0.004664343916
33204	0.000111755382
33205	0.005425909328
33206	0.009825978379
33207	0.001728917491
33208	0.0005805478995
33209	0.0009012544189
33210	0.002056352568
33211	9.513804485e-05
33212	0.001509136261
33213	0.0005254267867
33214	0.0111209432
33215	0.001668415115
33216	0.0003831371479
33217	0.01838810429
33218	0.0003482150368
33219	0.001251892367
33220	0.002184173602
33221	0.009516763803
33222	0.0005156207246
33223	0.007261066143
33224	0.01360521759
33225	0.0008276710854
33226	0.003032903674
33227	0.00611792084
33228	0.002638689731
33229	0.00790397179
33230	0.0001265350183
33231	0.008570929399
33232	0.0020697382
33233	0.0003122860585
33234	0.0002555852287
33235	0.002586452118
33236	0.003048671062
33237	0.0006546696722
33238	0.006968409959
33239	0.006523015821
33240	0.03574141055
33241	0.0006478412192
33242	0.001659388245
33243	0.002165686582
33244	0.01185592234
33245	0.0007454283989
33246	0.003527513763
33247	0.001465206766
33248	0.004178194078
33249	0.001776421664
33250	0.0008706619997
33251	0.0008774899674
33252	0.001949640495
33253	0.0002330014816
33254	0.0003793600166
33255	0.007656554555
33256	0.0003512982963
33257	0.00614777313
33258	0.001082274957
33259	0.004450619998
33260	0.003496686364
33261	0.003760449121
33262	0.0007343477477
33263	0.001608326408
33264	0.0002453773499
33265	0.0002226794578
33266	0.00106524225
33267	0.0009676661298
33268	0.007900954738
33269	0.001994502208
33270	0.02070768473
33271	0.0009737896339
33272	0.01888561943
33273	0.001193613692
33274	0.005412486185
33275	0.001320363538
33276	0.0005897721074
33277	0.009629242321
33278	0.000367440742
33279	0.0005954050335
33280	0.0008622097964
33281	7.288547485e-05
33282	0.005086168945
33283	0.0002888968365
33284	0.003039831852
33285	0.0002245826073
33286	0.000767783092
33287	0.0004659358567
33288	0.0002750540477
33289	0.0008737823834
33290	0.0004840195924
33291	0.0001851794091
33292	0.0007508305181
33293	0.01635649112
33294	0.002944400927
33295	0.00126319402
33296	0.01206613551
33297	0.001577857831
33298	0.01763535554
33299	0.001416479703
33300	0.02502622655
33301	9.347522948e-05
33302	0.006193490221
33303	0.002184273365
33304	0.002397901166
33305	0.001145550999
33306	0.000987386065
33307	0.01348879346
33308	0.01301962596
33309	0.00137782347
33310	0.00158707621
33311	0.001060734414
33312	0.0005580617365
33313	0.008154043253
33314	0.0004194312918
33315	0.01280682748
33316	0.003112908431
33317	0.01157749217
33318	0.01464748091
33319	0.001106821062
33320	0.000107419666
33321	0.006312620957
33322	0.0003131358695
33323	0.004340012156
33324	0.0002034362407
33325	0.001106466443
33326	0.005146140838
33327	0.0008862743262
33328	0.0005527847976
33329	0.001518994293
33330	0.0008947669923
33331	0.002402716317
33332	0.0008429299384
33333	4.01069563e-05
33334	0.00249287512
33335	0.001246301442
33336	4.321778328e-05
33337	0.0008471146889
33338	0.002464504382
33339	0.0002857031754
33340	0.00114674174
33341	0.0003031840705
33342	0.0001930621712
33343	0.0004647264237
33344	0.0007478685978
33345	0.001374057803
33346	0.0006567506484
33347	0.0005144677976
33348	0.0009529940194
33349	0.0005999579089
33350	0.0007496868016
33351	0.001005873856
33352	0.0006453971642
33353	0.00179989444
33354	0.002861737371
33355	0.0008149249597
33356	0.001273032278
33357	0.001461310106
33358	0.001424192026
33359	0.01494956754
33360	0.01033351575
33361	0.0004110824191
33362	0.0006990847668
33363	0.0005395258107
33364	0.01762558982
33365	0.01054016318
33366	5.222118354e-05
33367	0.0004609800825
33368	0.000738561529
33369	0.0006074128876
33370	0.001053470769
33371	0.001160734217
33372	0.000357256744
33373	0.001017192668
33374	0.002087530676
33375	0.000887796763
33376	0.0005717590964
33377	0.003259511873
33378	0.002030600106
33379	0.004458723165
33380	0.001392501034
33381	0.000549186851
33382	0.002982721611
33383	0.0008125849342
33384	0.006207545768
33385	3.007622311e-05
33386	0.003709009176
33387	0.007715248162
33388	0.0005419495194
33389	0.0001313222198
33390	0.006032320443
33391	0.000338940393
33392	0.001900579906
33393	0.009806395922
33394	0.007069266616
33395	0.001588204117
33396	0.0008851065466
33397	0.003159761768
33398	0.001041319259
33399	0.0001019540461
33400	0.0006464299155
33401	0.01788328409
33402	0.0001085385129
33403	0.0008062669384
33404	0.005600800965
33405	0.006013081769
33406	0.004443517303
33407	0.0001462355849
33408	0.001449381239
33409	0.000187464861
33410	0.01358196737
33411	0.002689618303
33412	0.01238934384
33413	0.006233667406
33414	0.0008001670048
33415	0.0006190771167
33416	0.003327519045
33417	0.009715009675
33418	0.003915266652
33419	0.002136290502
33420	0.00863238794
33421	0.0004942120194
33422	0.0007539873866
33423	9.523875757e-05
33424	0.001100092356
33425	0.005587020216
33426	0.003651684366
33427	0.006193021761
33428	0.001458896593
33429	0.009855349102
33430	0.001195186569
33431	0.001027356782
33432	0.006688778441
33433	0.0006202726461
33434	4.352074151e-05
33435	0.0002832430704
33436	0.001059805558
33437	0.008290015897
33438	0.0009833982583
33439	0.008895098762
33440	0.004535742266
33441	0.003983594564
33442	0.001412653514
33443	0.0001238032561
33444	0.001233189548
33445	0.001857849663
33446	0.005637325997
33447	0.002809666506
33448	0.0008114846173
33449	0.002840957277
33450	0.0007144047858
33451	0.009545412626
33452	0.00430555382
33453	2.137090794e-06
33454	0.00196401797
33455	0.001219805275
33456	0.0005660931494
33457	0.006945645545
33458	0.000750063519
33459	0.01017703695
33460	0.0007701504577
33461	0.004711465032
33462	0.0005190968079
33463	0.0001333306516
33464	0.0006395016518
33465	0.001051234604
33466	0.001077885521
33467	0.004468850408
33468	0.006331324563
33469	0.003613710014
33470	0.001324379366
33471	0.0002249861955
33472	0.01408569488
33473	0.007799647444
33474	6.522068223e-05
33475	0.001872324833
33476	0.003397699769
33477	0.001930962899
33478	0.0006808785589
33479	0.003094630788
33480	0.001349671071
33481	2.770940553e-05
33482	0.003828359159
33483	0.0009851167707
33484	0.005299648026
33485	0.01601664402
33486	0.000490238932
33487	0.002507056413
33488	0.0009789564872
33489	0.01314668846
33490	0.0006558560476
33491	0.008752504923
33492	0.002899570945
33493	7.256896232e-05
33494	0.000454901551
33495	0.001270039099
33496	0.0208575055
33497	0.0012218101
33498	0.008594845105
33499	0.009793579003
33500	0.002192936033
33501	0.00616937858
33502	0.0001790704643
33503	0.002003466626
33504	9.937418137e-05
33505	0.0002147572046
33506	0.005777199909
33507	0.008166308158
33508	0.009606304567
33509	0.01196024913
33510	0.0007995378529
33511	0.0008479737101
33512	0.006988810512
33513	0.002451356091
33514	0.000349468807
33515	0.0008180190535
33516	0.007519566966
33517	0.002417810449
33518	0.002352152754
33519	0.008100265028
33520	0.0009460778109
33521	0.002164123009
33522	0.001238236711
33523	0.006950339989
33524	0.005219369668
33525	0.0004281835744
33526	0.0007109410041
33527	0.0005832108226
33528	0.00628430083
33529	0.002174050741
33530	0.0004743053119
33531	0.004943011728
33532	0.01195953031
33533	0.0001544854089
33534	0.01362179523
33535	0.0008297771338
33536	0.001675220053
33537	0.004037664816
33538	0.006866099211
33539	0.0007921243335
33540	0.0006704962129
33541	0.0002028672214
33542	0.001362819487
33543	0.001700715175
33544	0.004223307343
33545	0.001167423623
33546	0.002848837366
33547	0.006256919508
33548	0.001681871837
33549	0.004147359906
33550	0.003802747154
33551	0.0002010034042
33552	0.006651000794
33553	0.003957611079
33554	0.007447986965
33555	0.00049623293
33556	0.009453893155
33557	0.002356288628
33558	0.000409869369
33559	0.008770597148
33560	0.00403045349
33561	0.009233221591
33562	0.0006033806138
33563	0.01176240484
33564	0.006626243172
33565	0.00111947719
33566	0.006525098385
33567	0.0009059035038
33568	0.007889475627
33569	0.008157578078
33570	0.000518721828
33571	0.009394240932
33572	0.0003784903272
33573	0.001618707958
33574	0.0008326190115
33575	0.001658658399
33576	0.00476256464
33577	0.003669293875
33578	0.01062974116
33579	0.0008450230237
33580	0.004892550567
33581	0.001057947429
33582	0.005427602303
33583	0.002440974279
33584	0.0007822988819
33585	8.701298228e-05
33586	0.00164250181
33587	0.00131346905
33588	0.0009928396477
33589	0.0003798729831
33590	0.0003828023683
33591	0.0003689911048
33592	0.0009583302907
33593	0.01168683523
33594	0.0004731930618
33595	9.670015084e-06
33596	8.716583533e-05
33597	0.001016634932
33598	0.01075879595
33599	0.003519108875
33600	0.008925455852
33601	0.006747906687
33602	0.00433623636
33603	0.0002121864165
33604	0.001430280359
33605	0.005688363929
33606	0.0009603731436
33607	0.001610085943
33608	0.0001339148019
33609	0.002329198141
33610	0.0006801151586
33611	0.0008162285952
33612	0.007963865136
33613	8.393634546e-05
33614	0.0008735664145
33615	0.0007056934553
33616	0.009767623423
33617	2.898479623e-05
33618	0.002123208967
33619	0.0002438874815
33620	0.001173842619
33621	0.009976240991
33622	0.001560206809
33623	0.006410335747
33624	0.0002769627338
33625	0.0003622751397
33626	0.0001340937128
33627	0.01560063297
33628	0.0113747424
33629	0.002674167493
33630	0.02170912038
33631	0.001914313265
33632	0.001962095835
33633	0.007945031443
33634	0.004497231931
33635	0.0005082235801
33636	0.0005821052681
33637	0.00430997684
33638	0.0003463047064
33639	0.000772349564
33640	0.004027712875
33641	0.002543328636
33642	0.001930887838
33643	7.179493606e-05
33644	0.001931305643
33645	0.0005133450089
33646	0.005331920114
33647	4.213710449e-05
33648	0.0006156593928
33649	0.00283040338
33650	0.001708011061
33651	0.01103428192
33652	0.003209308564
33653	0.0007309291308
33654	0.004120473511
33655	0.005769912223
33656	0.0009557082093
33657	0.005294477394
33658	0.002423124581
33659	0.004994935086
33660	9.299338219e-05
33661	0.006840605392
33662	0.005793555019
33663	0.0001192056024
33664	0.004619611459
33665	0.0005495943255
33666	0.003567470289
33667	0.009404877187
33668	0.001558077045
33669	0.0002599945122
33670	0.01040445568
33671	0.003504341842
33672	0.002155030437
33673	0.001576181425
33674	0.001130904706
33675	0.00378735036
33676	0.0002437707111
33677	0.01031306768
33678	7.591981177e-05
33679	0.0007866113503
33680	0.008735057771
33681	0.0002950125062
33682	0.004499205238
33683	0.0006421374026
33684	0.0080805464
33685	0.0003928898369
33686	6.034809258e-05
33687	0.000230073792
33688	0.00176154089
33689	0.0004983723786
33690	0.006581146662
33691	0.002599876223
33692	0.0002722476767
33693	0.001520228785
33694	0.01317576073
33695	0.003441220902
33696	0.00672865076
33697	0.00645026113
33698	0.0008420127993
33699	0.004689943939
33700	0.003304296575
33701	0.0125145454
33702	0.0005773792567
33703	0.0003769062527
33704	0.003047901046
33705	0.0004227171993
33706	0.0009160237302
33707	0.003214958941
33708	0.006016772305
33709	0.0004604907053
33710	0.009121142299
33711	8.883292643e-05
33712	0.001157606418
33713	0.0006467955261
33714	0.006455131487
33715	0.0003319347655
33716	0.0002507675813
33717	0.01160015509
33718	0.001315327892
33719	0.001071226215
33720	0.000758377388
33721	0.0001154264263
33722	0.0009185925552
33723	0.003029687144
33724	0.0002088219844
33725	0.00769395651
33726	0.0005894793084
33727	0.007224362502
33728	0.0009982462881
33729	0.02280745065
33730	0.001344579691
33731	0.0006476315732
33732	0.0002153784216
33733	0.008134717493
33734	0.004225977089
33735	0.0003456983421
33736	0.0007269372516
33737	0.0002611764223
33738	0.001099165425
33739	0.01681092479
33740	0.001728955044
33741	0.002903034935
33742	0.00067224769
33743	0.01004230505
33744	0.01805524212
33745	0.0006048326335
33746	0.01437161087
33747	0.001796030775
33748	0.001010662999
33749	0.002954911097
33750	0.003810790208
33751	0.00564900007
33752	0.00248332896
33753	0.0001747795919
33754	0.00970229057
33755	0.0007967267246
33756	0.01688732164
33757	0.0004821907593
33758	0.004841587053
33759	0.0004210380924
33760	0.001063462361
33761	0.0003681657156
33762	0.003978722144
33763	0.0007895296178
33764	0.0007426778212
33765	0.0005182187834
33766	0.004281187796
33767	0.004318775862
33768	5.745087397e-05
33769	0.002113885697
33770	0.0003818102018
33771	0.001543655918
33772	0.003275524248
33773	0.008135034023
33774	0.0004107502979
33775	0.001129500165
33776	0.002602514261
33777	0.006803714634
33778	0.0006475183154
33779	0.0006441401474
33780	0.0002391422746
33781	0.0006811586332
33782	0.0004266781564
33783	0.001620473636
33784	0.002049488876
33785	0.0004965768359
33786	0.004390834938
33787	0.000374459412
33788	0.001262466495
33789	0.0008269074688
33790	0.001295371878
33791	0.002347683932
33792	0.0007517732968
33793	0.0001120688702
33794	0.0006320142816
33795	0.0009466773207
33796	0.01244126681
33797	0.001169946649
33798	0.01078178591
33799	0.01167774711
33800	0.005223172446
33801	0.02353581564
33802	3.808511345e-05
33803	0.002064172722
33804	0.004223304428
33805	0.01158265266
33806	0.0004117689139
33807	0.01137806124
33808	0.002463571013
33809	0.01094512421
33810	0.0005781637603
33811	0.002955716984
33812	0.001825845585
33813	0.01213910461
33814	0.006973216351
33815	0.003359957961
33816	0.001121250524
33817	0.004580756983
33818	0.001322828872
33819	0.01081786415
33820	0.001860377389
33821	0.007576236611
33822	0.002157156936
33823	0.008266548116
33824	0.000472204395
33825	0.00712588609
33826	0.003630145749
33827	0.0007767782683
33828	0.001697957278
33829	0.001053786933
33830	0.003967015161
33831	0.000685480777
33832	0.0004946278219
33833	0.003229638225
33834	0.001169188419
33835	0.002122519286
33836	0.0005345999498
33837	0.00203111719
33838	0.0002787764101
33839	0.0003246849614
33840	0.004303312944
33841	0.001282792058
33842	0.01156721144
33843	0.003667558495
33844	0.003132098113
33845	0.003396556483
33846	0.0001681236367
33847	0.007071835462
33848	0.01249723595
33849	0.007649135178
33850	0.001760120104
33851	0.002039581175
33852	0.002986574692
33853	0.01216434081
33854	0.002601845982
33855	0.006321727308
33856	0.00530487501
33857	0.001465934784
33858	0.00137896679
33859	0.007938784042
33860	0.0002158358848
33861	2.640734079e-05
33862	0.008476221533
33863	0.0006572627386
33864	0.0004709582063
33865	0.001111367241
33866	0.003213810987
33867	0.007133406035
33868	0.00140659906
33869	0.0004642622207
33870	0.009782985846
33871	0.0009819932548
33872	0.001268045667
33873	0.01905662205
33874	0.001249258506
33875	0.004266598545
33876	0.008913798178
33877	0.02575050372
33878	0.0001978908595
33879	0.01934321285
33880	0.00489217486
33881	0.00639462998
33882	0.01114864588
33883	0.007578266622
33884	7.551680261e-05
33885	0.007216464944
33886	0.0004319380271
33887	0.0009329615927
33888	0.003440402463
33889	0.008688962867
33890	0.01349728364
33891	0.0004973755226
33892	0.000995189111
33893	0.0006132818886
33894	0.0004578717889
33895	0.000148841589
33896	0.005512774812
33897	0.003396382998
33898	0.0006666862885
33899	0.006200033785
33900	0.00994175783
33901	0.0006768033721
33902	0.0006482706823
33903	0.002108721006
33904	0.002854469518
33905	0.0007638053821
33906	0.001690951412
33907	0.0001595227618
33908	0.002697241506
33909	0.01563692605
33910	0.01402794329
33911	0.02241599883
33912	0.001127778346
33913	0.005989578454
33914	0.0009505433657
33915	0.007995147216
33916	0.001080285785
33917	0.003602210309
33918	0.01078526725
33919	0.001070993253
33920	0.0001896832428
33921	0.007515825567
33922	0.007373915685
33923	0.004555971277
33924	0.003863103912
33925	0.004450283706
33926	0.008384798681
33927	0.001655491586
33928	0.0009538182721
33929	0.002768832746
33930	3.567810549e-05
33931	0.003160302046
33932	0.003415024917
33933	0.005863676864
33934	0.0006362733063
33935	0.0002303957767
33936	0.0005121593845
33937	0.0001101272307
33938	0.001338248609
33939	0.003552548221
33940	0.005481178475
33941	0.002235800752
33942	0.03979644084
33943	0.0005767481164
33944	0.0008680867002
33945	0.002426530153
33946	0.001121251452
33947	0.009368196235
33948	0.003203097454
33949	0.01235368206
33950	0.008200862381
33951	0.002115202915
33952	0.0005808654654
33953	0.001652634711
33954	0.001777392453
33955	0.0004292909962
33956	0.005825868466
33957	0.002537930912
33958	0.0002202821709
33959	0.006053763234
33960	0.02426531064
33961	0.007245656477
33962	0.004328238573
33963	0.01977198625
33964	0.0005304591816
33965	0.01272931177
33966	0.0008682044749
33967	0.01152354236
33968	0.002814337772
33969	0.001028567496
33970	0.006356390756
33971	0.000427708528
33972	0.0003006309145
33973	0.0008162700902
33974	0.0002243932072
33975	6.078414279e-05
33976	0.000112229281
33977	0.0002288828867
33978	0.0007870261796
33979	0.0009994667511
33980	0.02390013316
33981	0.001105122975
33982	4.443172613e-05
33983	0.0003410570264
33984	0.001583275334
33985	0.00546866681
33986	0.0003376325308
33987	0.006363101323
33988	0.01324665017
33989	1.014366721e-05
33990	0.00835269784
33991	0.00802312303
33992	0.01531886659
33993	0.0008036335177
33994	0.01102262838
33995	0.0005940143761
33996	0.001748456013
33997	0.001487061451
33998	0.0001792728745
33999	0.00018931757
34000	0.01062102714
34001	0.01069682093
34002	0.006343981633
34003	0.008217985508
34004	0.006357996172
34005	0.0003345844306
34006	0.001184639055
34007	0.009821112674
34008	0.0005282459185
34009	0.001084173939
34010	0.006097147064
34011	0.009406263942
34012	0.01268774108
34013	0.001448826011
34014	0.004450948195
34015	0.00242575848
34016	0.007347949261
34017	0.0003267856398
34018	0.006564850729
34019	0.02824506498
34020	0.003915280228
34021	0.0002673489854
34022	0.009051722085
34023	0.01157430327
34024	4.46769639e-05
34025	0.01381439082
34026	0.002183823597
34027	0.001073582553
34028	0.004466356719
34029	4.058843961e-06
34030	0.0004439468986
34031	0.007196834144
34032	0.001739401543
34033	0.0004479614125
34034	0.0007662287654
34035	0.001964240269
34036	6.872763384e-05
34037	0.0009866162717
34038	0.0003825324331
34039	0.0004490642774
34040	0.00192986592
34041	0.006700348794
34042	0.0001525557853
34043	0.007292139967
34044	0.01098434198
34045	3.969453484e-05
34046	0.0015410772
34047	0.004263203181
34048	0.008080143028
34049	0.001359418484
34050	0.004715674404
34051	0.001526121381
34052	0.00227209428
34053	0.0009009499599
34054	0.002698868211
34055	0.02352943252
34056	0.0004200328638
34057	0.0004353082534
34058	0.0008235849849
34059	0.000431536543
34060	0.003220159195
34061	0.003507942737
34062	0.0007246606296
34063	0.0001261937037
34064	0.002995101173
34065	0.0009416986808
34066	0.0006219341454
34067	0.0008805422816
34068	0.008668542127
34069	0.0006235096612
34070	0.0086001077
34071	0.0003168323629
34072	0.0002082861039
34073	0.01155565477
34074	0.007771877335
34075	0.001134225926
34076	0.01954930613
34077	0.0007950102261
34078	0.003731717365
34079	0.001046289597
34080	0.0004641187458
34081	0.01093374025
34082	0.0008668181478
34083	0.0006711654667
34084	0.009979834084
34085	0.001607931264
34086	0.002370375746
34087	0.0002336892076
34088	0.006032116059
34089	0.0002676798935
34090	0.001436843614
34091	0.02092999086
34092	0.01109764287
34093	0.007633074052
34094	0.0004462465945
34095	0.001431665919
34096	0.001370742451
34097	0.0007839697101
34098	0.01454938136
34099	0.001296606239
34100	0.0009126852216
34101	0.01288698724
34102	0.01460695412
34103	8.888053536e-05
34104	0.001747136019
34105	0.0007565489547
34106	0.006313177556
34107	0.01740461987
34108	0.003756561724
34109	0.0004046481572
34110	0.0001546902084
34111	0.01242145386
34112	0.0001805045576
34113	0.000888224987
34114	0.007965498752
34115	0.005539666442
34116	0.0006023903596
34117	7.913704471e-05
34118	0.004129346915
34119	0.001187794246
34120	0.0111012456
34121	0.0009232926096
34122	0.01044580366
34123	0.008865310317
34124	0.001987631267
34125	0.0009239219722
34126	0.0005251649572
34127	0.009401476501
34128	7.502372397e-05
34129	0.009433483349
34130	0.001855340778
34131	0.001169723688
34132	0.006799182215
34133	0.0002950012486
34134	0.008620564712
34135	0.009115788357
34136	0.0007580688783
34137	0.0005745457335
34138	0.0005807904213
34139	0.0004472166328
34140	0.01850308166
34141	0.01595851207
34142	0.002921873062
34143	0.0003970695128
34144	0.002770342517
34145	0.0002026564086
34146	0.001423942494
34147	0.007588721694
34148	0.009441257558
34149	0.0007584139522
34150	0.003287526115
34151	0.004197403283
34152	0.002909436465
34153	0.0009626865115
34154	0.0006434728016
34155	0.0008808221505
34156	0.0003243984287
34157	0.001765759108
34158	0.0005707911457
34159	0.00159579408
34160	0.0005805187364
34161	0.003102156482
34162	0.00154534895
34163	0.00139033779
34164	0.001879061179
34165	0.0153991271
34166	0.01456597552
34167	0.0001557447765
34168	0.001312260886
34169	0.01404347203
34170	0.0003844796384
34171	0.01048260057
34172	0.002191909691
34173	0.0002281290495
34174	0.003262044659
34175	0.0001918272486
34176	0.001236794784
34177	0.002910791779
34178	0.001125641617
34179	0.003551387566
34180	0.00734083096
34181	0.0110485767
34182	0.01895726524
34183	0.002093064007
34184	0.02252379582
34185	0.004532461289
34186	0.003498622734
34187	0.002559603888
34188	0.0009791509673
34189	0.0002819760759
34190	0.0001306552636
34191	0.01385522142
34192	0.001005387279
34193	0.002352887691
34194	0.0001582140999
34195	8.702065117e-05
34196	0.01007872727
34197	0.001555787386
34198	0.006277707742
34199	0.004683834308
34200	0.0002871602634
34201	0.0004015835978
34202	0.0006336373911
34203	4.004801017e-05
34204	0.009874425736
34205	0.003526075312
34206	0.007701377338
34207	0.0023501024
34208	0.002656294028
34209	0.008702544547
34210	0.006217116118
34211	0.001262614767
34212	0.0005368502936
34213	0.007759808021
34214	0.0004005794344
34215	0.002272658532
34216	4.016094989e-05
34217	0.02373149387
34218	0.0004061350707
34219	0.001689422629
34220	0.002995219401
34221	0.003569358855
34222	0.008249651703
34223	0.00140502582
34224	0.0001923910388
34225	0.0002616811632
34226	0.001502422106
34227	0.000263103073
34228	0.004775013807
34229	0.002855884268
34230	0.001020504789
34231	0.0005625148241
34232	0.006006586338
34233	0.003942841599
34234	0.005213563793
34235	8.090680646e-05
34236	0.000616529469
34237	0.006118341594
34238	0.004338238226
34239	4.038886993e-05
34240	0.0009024873736
34241	8.676423762e-05
34242	0.0001244474828
34243	0.001593767663
34244	0.0102042309
34245	0.002281919396
34246	0.01492686116
34247	0.01869385116
34248	0.0003830600413
34249	0.003563877575
34250	0.001827894527
34251	0.0004962027029
34252	0.002079992532
34253	0.00152123454
34254	0.004487837662
34255	0.0008803734739
34256	0.005474063289
34257	1.14673809e-06
34258	0.002837534798
34259	4.544266887e-05
34260	0.001067594482
34261	0.0001566411187
34262	0.007031281578
34263	0.001978136786
34264	0.0005153860603
34265	0.0009279628171
34266	0.0005158954179
34267	0.009796524797
34268	0.008059838604
34269	0.01055552236
34270	0.0006884458498
34271	0.0002739699477
34272	0.0004284355131
34273	0.001250442626
34274	0.002332911853
34275	0.005654865356
34276	0.01135138948
34277	0.007467776964
34278	0.00606118906
34279	0.002287957913
34280	8.368093642e-05
34281	0.01304331395
34282	0.001460682812
34283	0.01024399555
34284	0.004565806432
34285	0.001249681951
34286	0.0006085010146
34287	0.009799109814
34288	3.849447239e-05
34289	0.001040892446
34290	0.01252339965
34291	0.009947711664
34292	0.00093611841
34293	0.001099272215
34294	0.01110169883
34295	0.0001750011956
34296	0.01778378936
34297	0.0009128489629
34298	0.01471497754
34299	0.0007009662734
34300	0.005098832598
34301	0.003652246065
34302	0.005977949332
34303	0.0006139168993
34304	0.0005363207591
34305	0.001064872261
34306	0.0004376658286
34307	0.01275260118
34308	0.001144357307
34309	0.002448171042
34310	0.00255129208
34311	0.001261528196
34312	0.001681377664
34313	0.0008108710441
34314	0.002541781881
34315	0.005568418941
34316	0.005642669563
34317	0.0006223895154
34318	0.001418839938
34319	0.007725455084
34320	0.002258792824
34321	0.0001435819898
34322	0.01377456761
34323	0.002753116118
34324	0.000128209333
34325	0.02490902407
34326	0.001176829162
34327	0.01412378671
34328	0.003547459342
34329	0.0007231267712
34330	0.02475506793
34331	0.0005797523399
34332	0.006099781977
34333	0.00150529543
34334	0.0009619361422
34335	0.001200666144
34336	0.01171946271
34337	0.001308910924
34338	0.00351774665
34339	0.0007040044794
34340	0.001287415219
34341	0.0009917015841
34342	0.001329560298
34343	7.013169196e-05
34344	3.046413432e-06
34345	0.005609706512
34346	0.0005056685919
34347	0.0001835082704
34348	0.004631158121
34349	0.003313141934
34350	0.009344379165
34351	0.003884068233
34352	0.002939597929
34353	0.005276799956
34354	0.0003063521166
34355	0.001863287775
34356	0.001330557806
34357	0.006824186962
34358	0.005163826928
34359	0.003589305783
34360	1.761120239e-06
34361	0.001014353223
34362	0.004305307684
34363	6.411873279e-05
34364	0.0005101022753
34365	0.003359227244
34366	0.0009995549973
34367	0.002245414741
34368	0.0004738715691
34369	0.01538416331
34370	0.0008044610971
34371	0.005015796489
34372	0.0008712041008
34373	0.01017541812
34374	0.00205501518
34375	0.0001423740152
34376	0.007909889514
34377	0.0009363308898
34378	0.002302180659
34379	0.003537802002
34380	0.003561439015
34381	0.003123546703
34382	0.01006132109
34383	0.00934665154
34384	0.0003217692365
34385	0.0001488328096
34386	0.0137751031
34387	0.004581965562
34388	0.03436065622
34389	0.0110191213
34390	0.001308664649
34391	0.005403199229
34392	0.006782389624
34393	0.0001415798909
34394	0.01867535346
34395	0.000396191789
34396	0.005348051871
34397	0.02055000477
34398	0.006100084786
34399	0.004409240317
34400	0.002432372396
34401	0.001097067125
34402	0.008887890122
34403	0.02166103567
34404	0.0003003136905
34405	0.01605089458
34406	0.0001945825248
34407	0.002009337761
34408	0.008658305157
34409	0.00115065046
34410	0.0007208862118
34411	0.003416182664
34412	0.000449167626
34413	0.004274590534
34414	0.008961044231
34415	0.002020011349
34416	0.001145980416
34417	0.01985145211
34418	0.001755934505
34419	0.0005590551173
34420	0.004443913007
34421	0.0004279607801
34422	5.765201155e-05
34423	0.009194431606
34424	0.0005057883416
34425	0.0007432487304
34426	0.009526830357
34427	0.01103063969
34428	0.0007309107471
34429	0.007348130467
34430	0.0009895476675
34431	0.003605440437
34432	0.005919133579
34433	0.001733438327
34434	0.009784942273
34435	0.0006802040653
34436	0.009350298827
34437	0.008784704903
34438	0.006935180293
34439	0.00719250795
34440	0.0004076627046
34441	0.004660800888
34442	0.01373218473
34443	0.001197637286
34444	0.004134118689
34445	0.0003866314324
34446	0.00403737378
34447	0.001236422942
34448	0.005244618631
34449	0.003498390335
34450	0.0005371802761
34451	0.009541428725
34452	0.00534858727
34453	0.0009958218645
34454	0.01344560206
34455	0.0003481062709
34456	0.005124853441
34457	6.391876748e-05
34458	0.001240184482
34459	0.01419877008
34460	0.008848867644
34461	0.007886734184
34462	0.0008102585222
34463	0.003082765241
34464	1.320291699e-05
34465	0.0005627153063
34466	0.004887192839
34467	0.0002434552151
34468	0.001985224272
34469	0.009521196394
34470	0.0008049532925
34471	0.01147664422
34472	0.0003209772291
34473	0.01734599724
34474	0.001357437848
34475	0.0006639648284
34476	4.934547148e-05
34477	0.01011437636
34478	0.01275968282
34479	0.003658672641
34480	0.006338834849
34481	0.0004124760354
34482	0.009467394685
34483	0.001971935561
34484	0.0008498611352
34485	0.0003076876185
34486	0.001167979929
34487	0.006195726705
34488	0.001171069316
34489	0.0003124422122
34490	0.0006556145751
34491	0.0007524127226
34492	0.01490033489
34493	0.001478829034
34494	0.008098305325
34495	0.006180043514
34496	0.0009052960782
34497	0.002180973483
34498	9.186880527e-05
34499	0.01052392782
34500	0.0006878030066
34501	0.000711326672
34502	0.001975962755
34503	0.0005106299009
34504	0.0009756841797
34505	0.004569153326
34506	0.001398500523
34507	0.001035939034
34508	0.002375705278
34509	0.004953610017
34510	0.004474004803
34511	0.005161814643
34512	0.000290748376
34513	2.416082534e-05
34514	0.002885756734
34515	0.0002065577998
34516	0.0005336243267
34517	0.0005396398391
34518	0.002005516209
34519	0.0002025230959
34520	0.001584011444
34521	0.0005345845292
34522	0.0002409033618
34523	0.017523721
34524	0.001178159735
34525	0.01456550474
34526	0.004344842026
34527	0.001255360021
34528	5.354091941e-05
34529	0.0008212622206
34530	0.00240515907
34531	0.01255747624
34532	0.001567041225
34533	0.0005542859318
34534	0.002071286724
34535	0.0130841906
34536	0.01113990702
34537	0.01161998637
34538	0.01435378127
34539	0.007123212927
34540	0.001628438698
34541	0.001636195852
34542	0.0001763971242
34543	0.0007793579618
34544	0.01142068448
34545	0.003756786879
34546	0.0004454887154
34547	0.0008326553639
34548	0.001169660416
34549	0.01097505414
34550	0.001540752499
34551	0.001113021575
34552	0.001756845107
34553	0.0003828154801
34554	0.00205665545
34555	0.0001123388326
34556	0.003931734582
34557	8.136082907e-05
34558	0.0001923829712
34559	0.001718214896
34560	0.007839084882
34561	0.001256068483
34562	0.01435255406
34563	0.0004514246364
34564	0.003869912062
34565	0.001552059418
34566	0.004050181747
34567	0.008497533155
34568	0.0001073631303
34569	0.001300221876
34570	0.01409980605
34571	0.002816131175
34572	0.000322357262
34573	0.001340339791
34574	0.001607210833
34575	0.0003521701524
34576	0.0002350534878
34577	0.0003486262489
34578	0.008504980762
34579	0.0004112803885
34580	0.01222692761
34581	0.0001196159872
34582	0.003591042434
34583	0.0008055664777
34584	0.0001393473371
34585	0.001329461987
34586	0.0004568394633
34587	0.004120360392
34588	0.0007159015399
34589	0.004537978918
34590	0.0006448349686
34591	0.002231547383
34592	0.001648255054
34593	0.002997577207
34594	0.0003320667449
34595	0.002396135233
34596	0.008746810169
34597	0.001946598534
34598	0.001637996801
34599	0.0110269353
34600	0.01088820074
34601	0.0004690013405
34602	0.00672179741
34603	0.02240797767
34604	0.00209281135
34605	0.005654175584
34606	0.002771250972
34607	0.003149913795
34608	0.002429935885
34609	0.01240743478
34610	0.0001110589972
34611	0.01075850604
34612	0.004905439889
34613	0.002274245609
34614	0.00264005379
34615	0.003666522949
34616	0.01146336961
34617	0.005424372311
34618	0.0001644011177
34619	0.003770063164
34620	0.004305061056
34621	0.001720492309
34622	0.006318050591
34623	0.002260418323
34624	6.705307172e-05
34625	0.009166779335
34626	0.001644321855
34627	0.0006372570005
34628	0.00929332426
34629	0.001096556879
34630	0.0001907817644
34631	0.001272221383
34632	0.002146999087
34633	0.01202806627
34634	0.00823002205
34635	0.009666463533
34636	0.002495317363
34637	0.002548919204
34638	7.21533347e-05
34639	0.0213931065
34640	0.004581517044
34641	0.02479528397
34642	0.00127013076
34643	0.00805849771
34644	0.001470847592
34645	0.008394445002
34646	0.002296229839
34647	0.0005698849428
34648	0.0004137755764
34649	0.008762976374
34650	0.0004413331713
34651	0.003035135617
34652	0.002549302
34653	0.003449939844
34654	0.00189502875
34655	0.0008836310778
34656	0.003693842137
34657	0.003612208199
34658	0.0004153003639
34659	0.01448154903
34660	0.003758378108
34661	0.0008709088598
34662	0.001206728267
34663	0.007966316755
34664	0.00528692725
34665	0.007543073796
34666	0.0007617360402
34667	0.0141490538
34668	0.008648561358
34669	0.0007956390627
34670	0.009003536307
34671	0.00154997764
34672	0.0005221790069
34673	0.001069553975
34674	0.008126253823
34675	0.01521647202
34676	0.001278685122
34677	0.007564402329
34678	0.002329993004
34679	0.000541664417
34680	0.0005061307093
34681	0.002472106901
34682	0.01894609
34683	0.005094324776
34684	0.004390024738
34685	0.001216291579
34686	0.002366058459
34687	0.0008468560588
34688	0.00498216767
34689	0.000498493872
34690	0.01236799943
34691	0.001246531842
34692	0.001158272058
34693	0.00467203386
34694	0.000564318533
34695	0.0009504073636
34696	0.001980956481
34697	0.007298336385
34698	0.0003392054855
34699	0.004940553486
34700	0.0006893847299
34701	0.00717824692
34702	0.0004771316574
34703	0.001612755694
34704	0.00344420249
34705	0.007044624596
34706	3.737805027e-05
34707	0.01035234025
34708	0.01517222253
34709	0.003492092621
34710	0.009093522323
34711	0.02657067755
34712	0.00533030629
34713	0.0003954768202
34714	0.02588757115
34715	0.0123237946
34716	0.001868934056
34717	0.01149114995
34718	0.002899964032
34719	0.002945469966
34720	0.01990043493
34721	0.0001146580252
34722	0.009933406317
34723	0.000432283955
34724	0.004314821033
34725	0.00716234157
34726	0.007879543718
34727	0.01209114686
34728	0.00258364246
34729	0.001436700509
34730	0.005304737275
34731	0.0003890034823
34732	0.0008001334595
34733	0.002844479281
34734	0.01132119939
34735	0.006088603915
34736	0.000520547517
34737	0.00590576582
34738	0.001446152483
34739	0.001771652743
34740	0.001109589503
34741	0.0002667522168
34742	0.02143056177
34743	0.0006783536047
34744	0.005731246089
34745	0.01873239092
34746	0.002917476222
34747	0.0008055045724
34748	0.00319853681
34749	0.00541613612
34750	0.0009071695723
34751	0.006201496901
34752	0.003242334067
34753	0.009324491809
34754	0.001357941671
34755	0.002447026182
34756	0.001074075141
34757	0.01615562303
34758	0.002621806855
34759	0.004077611482
34760	0.0008939776031
34761	0.01071552043
34762	0.001996073573
34763	0.0006063302638
34764	0.0008442633837
34765	0.001853589764
34766	0.0004807234097
34767	0.0008609614254
34768	0.0003817622334
34769	0.002256207657
34770	0.0007541978837
34771	0.0004634002736
34772	0.0001441967398
34773	0.0001217972244
34774	0.0007383648929
34775	0.0001495399412
34776	0.001550065602
34777	0.007423775476
34778	0.0008741864548
34779	0.0005761019094
34780	0.0001402741776
34781	0.00120763329
34782	0.007676743927
34783	0.0007571628524
34784	0.0001045509354
34785	0.001005987305
34786	5.738062365e-05
34787	0.0008961707923
34788	0.001727870633
34789	0.001141003466
34790	0.0006870646537
34791	0.003428735245
34792	0.0009909255966
34793	0.001691498626
34794	0.0007003126085
34795	0.0008737019814
34796	4.678376312e-05
34797	0.00438375237
34798	0.000538731813
34799	0.004512648662
34800	0.000900811932
34801	0.006186299551
34802	0.0008022407913
34803	0.00223764948
34804	4.424139632e-05
34805	2.956841614e-06
34806	0.0002309052769
34807	0.008016878485
34808	0.001398039493
34809	0.0002427006431
34810	4.461530467e-05
34811	0.0004551464024
34812	0.0007596186628
34813	0.01183723032
34814	0.001197250204
34815	0.01606523899
34816	0.001076473774
34817	0.001713628357
34818	0.0001829805121
34819	0.005805069212
34820	0.000120741894
34821	0.005674380428
34822	0.0005935535087
34823	0.004560060178
34824	0.0006398430088
34825	0.0002363306235
34826	0.001287754091
34827	0.0004904415718
34828	0.001330584225
34829	0.001255992892
34830	0.0006122379425
34831	0.0005844483448
34832	0.0001063037608
34833	0.000238854996
34834	0.0003904196966
34835	0.001370754746
34836	0.0008870069348
34837	0.000853081973
34838	0.0005623533475
34839	0.0001833807494
34840	0.0004138255352
34841	0.0003997753791
34842	0.001186546372
34843	0.004011347229
34844	0.0002777802975
34845	0.002593685808
34846	0.002202982548
34847	0.003938366549
34848	0.0007233569263
34849	0.0009433315925
34850	0.001131258767
34851	0.0006853419417
34852	0.0003141616088
34853	0.00227883315
34854	0.001103190802
34855	0.0003452005018
34856	0.0004061552053
34857	0.003826440093
34858	0.00107727448
34859	0.002022834186
34860	0.0006044879588
34861	0.001622306766
34862	0.0009115176698
34863	0.001112168667
34864	0.006648926847
34865	0.01533415857
34866	0.001460338629
34867	8.331814932e-05
34868	0.004236970787
34869	0.003499065334
34870	0.00677449339
34871	0.002164458078
34872	0.001040256133
34873	0.007652444948
34874	0.004289636162
34875	0.004910813612
34876	0.001972420331
34877	0.0008353867645
34878	0.012403152
34879	4.355352831e-05
34880	0.003822792611
34881	0.009013064037
34882	0.01156634692
34883	0.0124976882
34884	0.004083984685
34885	0.000858489048
34886	0.01556475198
34887	0.001764368844
34888	0.01534248231
34889	0.006503778895
34890	0.007128984055
34891	0.0005413664718
34892	0.01389787181
34893	0.009014152644
34894	0.004281401538
34895	0.002782962722
34896	0.02341315577
34897	0.0008715915461
34898	0.00961304456
34899	0.005477696209
34900	0.0116406985
34901	0.004237590982
34902	0.004387783833
34903	0.001276341555
34904	0.0006427543624
34905	0.0085965977
34906	0.0006008843489
34907	0.003363852095
34908	0.01098612123
34909	0.005294185542
34910	0.007669910227
34911	0.0008133081604
34912	0.0006869860374
34913	0.0001023453259
34914	0.0008652753531
34915	0.0006054607155
34916	0.01399399962
34917	0.004793491773
34918	0.002853220174
34919	0.001489999559
34920	0.0004561670378
34921	0.01887043531
34922	0.003356975842
34923	0.005397618495
34924	0.002615082938
34925	0.001675176066
34926	0.006962529435
34927	0.0008517198582
34928	0.0006715313692
34929	0.0009397461363
34930	0.01323217335
34931	0.002154786611
34932	0.008030511555
34933	0.010561297
34934	0.006985721114
34935	0.007156894675
34936	0.01027098782
34937	0.0003510171299
34938	0.001418184929
34939	0.01025331027
34940	0.003145375115
34941	0.00576858446
34942	0.02064768099
34943	0.004058075277
34944	0.0004608624239
34945	0.000508968377
34946	0.01901756917
34947	0.007172360738
34948	0.009876252079
34949	0.01561917296
34950	0.0007496847065
34951	0.009898277073
34952	0.002215866585
34953	0.005473547219
34954	0.0009389702014
34955	0.0009286337147
34956	0.000137140327
34957	0.008676226252
34958	0.000565395574
34959	0.0001062263332
34960	0.001453898488
34961	0.001489893064
34962	0.004762046982
34963	0.0004412185375
34964	2.243077712e-05
34965	0.001475574423
34966	0.005182050351
34967	0.00132796229
34968	0.004049413986
34969	0.001720386866
34970	0.0005351881061
34971	0.00965443255
34972	0.003377163525
34973	0.01395463502
34974	0.002375538679
34975	0.004962215493
34976	0.0002872900684
34977	0.0118276469
34978	0.0002672441461
34979	0.001591086449
34980	0.005973018293
34981	0.00771008829
34982	0.008319778995
34983	0.003193223349
34984	0.00228337721
34985	0.007602620126
34986	0.002831651135
34987	0.0001157391353
34988	0.000251435985
34989	0.007245679435
34990	0.009314105883
34991	0.001807972025
34992	0.008614163704
34993	0.001243140404
34994	0.003246972464
34995	0.004510877031
34996	0.002365241599
34997	0.0003959881912
34998	0.001046137215
34999	0.002461491892
35000	0.003735419933
35001	0.01089705478
35002	0.004851029136
35003	0.03481270723
35004	0.000244825547
35005	0.004434209749
35006	1.748606012e-05
35007	0.002357794843
35008	0.0001623120607
35009	0.001940519341
35010	0.006719497775
35011	0.006924234769
35012	1.715487114e-05
35013	0.008738185949
35014	0.004007145286
35015	0.001006572832
35016	0.003945079988
35017	0.001979854277
35018	0.002014046319
35019	0.002918055223
35020	0.0006680481075
35021	0.001152692568
35022	0.005279598855
35023	0.0006372027128
35024	0.01522280312
35025	0.01437720975
35026	0.0171730419
35027	0.006066564631
35028	1.615369365e-05
35029	0.005715404438
35030	0.008582524763
35031	0.02533099489
35032	0.007664134605
35033	0.005382722683
35034	0.005264203227
35035	0.002099823228
35036	0.008475733511
35037	0.003145017211
35038	0.00115459378
35039	0.0009999618917
35040	0.0001108441864
35041	0.0003191731891
35042	0.001942211567
35043	0.002188348732
35044	0.007340247108
35045	0.0005698213991
35046	0.001572050709
35047	0.000881007553
35048	0.003024656408
35049	0.001029923978
35050	0.0007849648683
35051	0.006861382007
35052	0.006121258168
35053	0.009689269014
35054	0.001669869368
35055	0.01573307856
35056	0.001312048348
35057	0.0008992854157
35058	0.0005420352308
35059	0.001807439893
35060	0.002171413758
35061	0.001651674484
35062	0.002234343573
35063	0.0003963128647
35064	0.000157429333
35065	0.00029539341
35066	0.003024077604
35067	0.01601181024
35068	0.0001676243653
35069	0.001149299001
35070	0.001645636155
35071	0.0008611782851
35072	0.00262110702
35073	0.001014177145
35074	0.0004802055762
35075	0.001906044281
35076	5.233146457e-05
35077	0.003245130308
35078	0.001785669164
35079	0.003271169036
35080	0.0002087711739
35081	0.0005978352846
35082	0.001666097909
35083	0.002662127812
35084	0.004451876394
35085	0.0007381177141
35086	0.008783458101
35087	0.006365640904
35088	0.0005283274548
35089	0.001579880586
35090	0.0180615683
35091	0.005366963312
35092	0.0003571385935
35093	0.0003703048892
35094	0.0009298053553
35095	0.004450792897
35096	0.006449443828
35097	0.01147789541
35098	0.01199661272
35099	0.008796947035
35100	0.004469824178
35101	0.007789217664
35102	0.0005824147562
35103	0.002220002278
35104	0.0003350984518
35105	0.007144707801
35106	0.00694325923
35107	0.01737579977
35108	0.002440003519
35109	0.0007977785641
35110	0.006982408169
35111	0.001328709609
35112	0.0001882558843
35113	0.006616578527
35114	0.009296132912
35115	0.001321157884
35116	0.0007249599833
35117	0.005363919661
35118	0.001680675289
35119	0.004967243373
35120	0.001586909975
35121	0.003156223687
35122	0.002447918997
35123	0.0005205923224
35124	0.002320216864
35125	0.005499638584
35126	0.0009334014046
35127	0.001092506759
35128	0.004376456344
35129	0.0005417854911
35130	0.001833397316
35131	0.001131970226
35132	0.02466171127
35133	0.004180431658
35134	0.009000476155
35135	0.01217000725
35136	0.004628329458
35137	0.004023891734
35138	0.0002117219884
35139	0.0007804819778
35140	0.02341493805
35141	0.004509627034
35142	0.002476173809
35143	0.001970720867
35144	0.0009276157912
35145	0.001098191444
35146	0.001146447848
35147	0.0001373521936
35148	0.004427249909
35149	0.003422878279
35150	0.003040207348
35151	0.0004462735331
35152	0.003874178141
35153	0.004022454235
35154	0.00300396373
35155	0.001254402543
35156	0.003419580644
35157	2.450805902e-05
35158	0.0009825614471
35159	0.002266095839
35160	0.001422148206
35161	0.02324755608
35162	0.001003664658
35163	0.006360507833
35164	0.002922508229
35165	0.001821214781
35166	0.0001660808878
35167	0.002660386896
35168	0.001863321392
35169	0.004563716452
35170	0.003133073357
35171	0.03795392594
35172	0.006502816501
35173	2.006452941e-05
35174	0.001343621428
35175	0.0009643214189
35176	0.003877403725
35177	0.001090703089
35178	0.002186814632
35179	0.007859461277
35180	0.004263504861
35181	0.0002972900438
35182	0.001251673549
35183	4.889279586e-05
35184	0.007595188352
35185	0.009265908316
35186	0.01160102569
35187	0.0003445720407
35188	0.001340151543
35189	0.008209147934
35190	0.0002435952906
35191	0.002153152352
35192	0.001578792217
35193	0.0002906545876
35194	0.003483176961
35195	0.001542755452
35196	0.0005203623591
35197	0.007451289034
35198	0.006134114887
35199	0.002229901503
35200	0.0001652768523
35201	0.0002361118243
35202	0.0006471682514
35203	0.0007170743919
35204	0.001806650488
35205	0.0002541112969
35206	0.01462116797
35207	0.008050050025
35208	0.009800918504
35209	0.007942221983
35210	0.003895804579
35211	0.0007885542405
35212	0.001709797367
35213	0.004369825842
35214	0.01028117809
35215	0.001216291755
35216	0.001387739511
35217	0.001308105708
35218	0.006534829431
35219	0.0002662105852
35220	0.0006741458479
35221	1.702082635e-05
35222	0.003838152106
35223	0.002914363205
35224	0.002627975808
35225	0.0006373110384
35226	0.0002517153752
35227	0.008755021641
35228	6.374833196e-05
35229	0.002114550576
35230	0.007271264362
35231	0.004999858253
35232	0.005042781231
35233	0.002484580483
35234	0.0007568919675
35235	0.001507251383
35236	0.005613874942
35237	0.001833477885
35238	0.001569335404
35239	0.0003879359698
35240	0.0002231642558
35241	8.290030325e-05
35242	0.0004433069393
35243	0.0008623056336
35244	0.007301062125
35245	0.001734709712
35246	0.0004245173933
35247	0.004937573599
35248	0.01160194631
35249	0.005322686451
35250	0.0002837280266
35251	0.0003873074063
35252	0.001352778982
35253	0.0008349570107
35254	2.768644926e-05
35255	0.00159453254
35256	0.004458018571
35257	0.001365696315
35258	0.01634257937
35259	0.001695302019
35260	0.0003168590568
35261	0.002106622603
35262	0.0008608229519
35263	0.005334911338
35264	0.02200573142
35265	0.001945896631
35266	0.01964755786
35267	0.002067463487
35268	0.01163483212
35269	0.003704359897
35270	0.0002184735401
35271	0.0002552664675
35272	0.008206235409
35273	0.0003144874975
35274	0.008627375124
35275	0.001084600042
35276	0.002996038361
35277	0.02088585026
35278	0.004940231109
35279	0.0009928281947
35280	0.008430654495
35281	0.006582551199
35282	0.008397414151
35283	0.02215067946
35284	6.605032431e-05
35285	0.009139122233
35286	0.02192482376
35287	0.002043110019
35288	0.002296725493
35289	0.002119643575
35290	0.004031016082
35291	0.001985236097
35292	0.0001693306514
35293	0.001002633892
35294	0.0005872665629
35295	0.0006040383643
35296	0.007338173714
35297	0.0007132702704
35298	0.004541625797
35299	0.001530710328
35300	0.02281755951
35301	0.00566443549
35302	0.006596111657
35303	0.02541826983
35304	0.007259950958
35305	0.009188996677
35306	0.0007732045656
35307	0.0005491698491
35308	0.0009974556652
35309	0.0002500084802
35310	0.00242411903
35311	0.003864169596
35312	0.0008533403944
35313	0.00958382787
35314	0.0002051533782
35315	0.005212813425
35316	0.0006982290332
35317	0.01249581429
35318	0.000451947999
35319	0.002403604209
35320	0.001657442455
35321	0.003531691538
35322	0.004136960404
35323	0.002567997214
35324	0.002787938025
35325	0.003298579646
35326	0.00848237055
35327	0.01460391909
35328	0.0003032866622
35329	0.004691758221
35330	0.0004512380473
35331	0.002052130003
35332	0.01187113538
35333	0.0005431295303
35334	0.0005532915781
35335	0.001082928638
35336	0.0007253010063
35337	0.007962095924
35338	0.003847099922
35339	0.006524018958
35340	1.207165213e-05
35341	0.008112778783
35342	0.007768959771
35343	3.518312198e-05
35344	0.006068460958
35345	0.01066372298
35346	0.02337093567
35347	0.005694114866
35348	0.00859124805
35349	0.001565853816
35350	0.0007392140306
35351	0.0008408781787
35352	0.001978324403
35353	0.0007087342852
35354	0.0003050223855
35355	0.005647726451
35356	0.000377016269
35357	0.0186432881
35358	0.001503153424
35359	0.001205749127
35360	0.002094914539
35361	0.01895148031
35362	0.009427888461
35363	0.008614222518
35364	0.002670282641
35365	0.005607906845
35366	0.005089740198
35367	0.0004516410907
35368	0.0008808858156
35369	0.0006740924654
35370	0.004342677627
35371	0.003441457258
35372	0.0001260958298
35373	0.002083148937
35374	0.001087254258
35375	0.001089504797
35376	0.01045990621
35377	0.005577873476
35378	0.002308186539
35379	0.0004461856862
35380	0.0003179729178
35381	0.0053058017
35382	0.001459192723
35383	0.005281187748
35384	7.637262142e-05
35385	0.0003014453385
35386	0.008666170707
35387	0.0008335973753
35388	0.0100343601
35389	0.007645418154
35390	0.001002295005
35391	0.00121469333
35392	0.0006465077111
35393	0.01086342755
35394	0.000354225757
35395	0.0009581101237
35396	0.005238623977
35397	0.002481560005
35398	0.007219148967
35399	0.001564311023
35400	0.00233173285
35401	0.003556820476
35402	0.000520298238
35403	0.001505561667
35404	0.0007592828009
35405	5.009900807e-06
35406	0.001564579359
35407	0.009136368966
35408	0.002841301996
35409	0.00140433328
35410	0.00184917408
35411	0.009036808013
35412	0.01120177331
35413	0.001967918827
35414	0.0001866532451
35415	0.006905032322
35416	0.002750862175
35417	0.001029329093
35418	0.002341441598
35419	0.0001722579551
35420	0.0004001677236
35421	0.001673679311
35422	0.01324859417
35423	0.0001209193051
35424	0.000886551697
35425	0.001410936793
35426	0.0001001096054
35427	0.01163749269
35428	0.001279622611
35429	0.02783178247
35430	0.007774579494
35431	0.001109453986
35432	0.02182949897
35433	0.000465907689
35434	0.0001424329716
35435	0.001022404095
35436	0.0001020634525
35437	0.0009704024815
35438	0.0001896863225
35439	0.01213589419
35440	0.003247144374
35441	0.002866241025
35442	0.002084946489
35443	0.001008805301
35444	0.001775243342
35445	0.009376132378
35446	0.0007041769821
35447	0.005978553955
35448	0.001274257623
35449	0.003169990006
35450	0.0007395285781
35451	0.003851826567
35452	0.001608587733
35453	0.008776550949
35454	0.0009807627702
35455	0.002960733576
35456	0.003353541338
35457	0.006667966438
35458	0.003320688277
35459	0.0002997864266
35460	0.001796449674
35461	0.001261546509
35462	0.0004069310909
35463	0.0009070905854
35464	0.002803454725
35465	7.3412185e-06
35466	0.0005396456596
35467	0.0007610346623
35468	0.00113643226
35469	0.004415224896
35470	0.001006055223
35471	0.00133687338
35472	0.001177508773
35473	0.003576485123
35474	1.259503083e-05
35475	0.01049178594
35476	0.00211974012
35477	0.001995170509
35478	0.001076081463
35479	0.0002862870577
35480	0.0004496466796
35481	0.0001951793693
35482	0.006265828943
35483	0.0007732164863
35484	0.0008094980652
35485	0.01174409474
35486	0.01224401842
35487	0.0002039192767
35488	0.0002624464055
35489	0.0007679189878
35490	0.0003432582305
35491	0.0008014015969
35492	0.0003116076061
35493	0.008454290671
35494	0.001476797606
35495	0.006959891159
35496	0.003040308493
35497	0.001311149134
35498	0.00101108816
35499	0.0005426171895
35500	0.000103635691
35501	0.006670614715
35502	0.0003869659456
35503	0.01184675006
35504	0.002315587081
35505	0.0168301492
35506	0.0004049595875
35507	0.0202455495
35508	0.000911248194
35509	3.392470779e-05
35510	0.003590417986
35511	0.01171586577
35512	0.004492066589
35513	0.01646433284
35514	0.001442152393
35515	0.004057623119
35516	0.002528634008
35517	0.003892939721
35518	0.002492898083
35519	0.002638159304
35520	0.003679742679
35521	0.01238532862
35522	8.893308097e-05
35523	0.002437747723
35524	0.0222559188
35525	0.001261809607
35526	0.002022307779
35527	0.008210251027
35528	0.0008535337663
35529	0.0001844050498
35530	0.001980099283
35531	0.0226270249
35532	0.004567773067
35533	0.001641452385
35534	0.001958908105
35535	0.001649077317
35536	0.0007632936903
35537	0.01531658561
35538	0.004753407166
35539	0.002958925043
35540	0.001219858053
35541	0.0004675688536
35542	0.00205446496
35543	0.0007484692594
35544	0.0001835149155
35545	0.0185470337
35546	0.0004240466459
35547	0.0001825888518
35548	0.0001704213191
35549	0.007985306344
35550	0.001644348535
35551	0.001715456102
35552	0.007540977235
35553	0.0005031499689
35554	5.345597498e-05
35555	5.385585005e-05
35556	0.02447802651
35557	0.002779394062
35558	0.000673455889
35559	0.0005983698934
35560	0.001134829053
35561	0.0006246435788
35562	0.004331854079
35563	0.003521177438
35564	0.003730849783
35565	0.0002509951557
35566	0.00453441353
35567	0.01211202133
35568	0.003877662056
35569	0.002589405463
35570	0.001715641117
35571	0.005563400862
35572	0.002917949207
35573	0.006473643353
35574	0.004698903556
35575	0.001404412097
35576	0.001041561896
35577	0.001186441499
35578	0.001261304721
35579	0.0004264884301
35580	0.0001299618666
35581	0.00192690218
35582	0.001762193595
35583	0.004081493689
35584	0.02531172559
35585	0.004981039477
35586	0.006925880285
35587	0.0006261805052
35588	0.00212573235
35589	0.001511161847
35590	0.003216332594
35591	0.006563231284
35592	0.0006956859634
35593	0.006234687552
35594	0.002486122534
35595	0.01657327114
35596	0.0004493577893
35597	0.003461785816
35598	5.021914684e-05
35599	0.01029798312
35600	0.0001642024142
35601	0.02218110746
35602	0.01739197731
35603	0.001316307329
35604	0.006497144356
35605	0.008010393898
35606	0.01331718843
35607	0.004884872784
35608	0.003181291913
35609	0.0008000706645
35610	0.02041571254
35611	0.0005306862273
35612	0.0004637519717
35613	0.01576183275
35614	0.005316944474
35615	0.005527172956
35616	0.001552927908
35617	0.00112454582
35618	0.0009829301232
35619	0.01584136847
35620	6.74166116e-05
35621	0.001718194606
35622	0.0009855151519
35623	0.0001974419038
35624	0.003411002077
35625	0.00677149745
35626	0.0004815856257
35627	0.007794858806
35628	8.171366989e-05
35629	0.00424519754
35630	0.003841942302
35631	0.001935579527
35632	0.003716427008
35633	0.005488285053
35634	0.007030844633
35635	0.01046472143
35636	0.004182032575
35637	0.02117388897
35638	0.009182019175
35639	0.01415737391
35640	0.002016401933
35641	0.001124532681
35642	0.0002599471748
35643	0.007977351977
35644	0.01620496681
35645	0.003022072542
35646	0.005982282482
35647	0.002316393258
35648	0.0007796296385
35649	0.004779988669
35650	0.000781348364
35651	0.008341403247
35652	0.01376986163
35653	0.00336960552
35654	0.002246470651
35655	0.006474997968
35656	0.001665733922
35657	0.00177124672
35658	0.0005444470251
35659	0.0004793711973
35660	0.0009814601782
35661	0.001337812612
35662	0.0008484818872
35663	0.0005199075178
35664	0.0003032157178
35665	2.916919242e-05
35666	0.0002389087343
35667	0.004779946521
35668	0.001635323146
35669	0.0006697483481
35670	0.00072905643
35671	0.0008583384391
35672	0.0009770053087
35673	0.002215036091
35674	0.001635389488
35675	0.002223774061
35676	0.001800734051
35677	0.004291541091
35678	0.0009562213294
35679	0.01422115727
35680	0.009391769851
35681	0.002142026978
35682	9.191504234e-06
35683	0.0002672867476
35684	0.001320158712
35685	0.003037945656
35686	0.002346254973
35687	0.01043705818
35688	0.005238085805
35689	0.003150377012
35690	0.0005118854778
35691	0.0002831259761
35692	0.002164392771
35693	0.004689952377
35694	0.006719199789
35695	0.002489698124
35696	0.0001161308539
35697	0.0002896272868
35698	0.003664877805
35699	0.002724423901
35700	0.004756724512
35701	0.0005420174938
35702	0.001430687346
35703	0.005097056238
35704	0.00950501925
35705	0.0004483589977
35706	0.008266091945
35707	0.003279668252
35708	0.002473952913
35709	0.01400434835
35710	0.006591922633
35711	0.005714357021
35712	0.008745550715
35713	0.007982846429
35714	0.0002300278784
35715	0.001540616239
35716	0.005729827226
35717	0.0006984968712
35718	0.0004539951682
35719	0.00270424955
35720	0.001807814285
35721	0.0009180919562
35722	0.00112588629
35723	0.002867078858
35724	0.0002844773314
35725	0.0009145797288
35726	0.015851096
35727	0.00153971942
35728	0.002091373281
35729	0.001431943532
35730	0.00635049214
35731	0.006541846563
35732	0.005330522695
35733	0.0002559624943
35734	0.009549722366
35735	0.003316437827
35736	0.005426871923
35737	0.001134518139
35738	0.005565249226
35739	0.000942119818
35740	0.0008401093367
35741	0.007149794155
35742	0.004777890332
35743	0.0008736825197
35744	0.01089303863
35745	0.00053014763
35746	8.349752346e-05
35747	0.002653749762
35748	0.003197457546
35749	0.001714333593
35750	0.001777553119
35751	0.002752799528
35752	0.001504677978
35753	0.0005178542728
35754	0.0005183308533
35755	0.01572787618
35756	0.003445552335
35757	0.001108928438
35758	0.0006258842969
35759	0.001020059122
35760	0.006543411766
35761	0.0005433084897
35762	0.00306986791
35763	0.001046744167
35764	0.0009819993118
35765	0.01863116191
35766	0.00245913936
35767	0.000355648621
35768	0.0009775260825
35769	0.00347410846
35770	0.004757211136
35771	0.006883401591
35772	0.0007507654188
35773	0.01353495454
35774	0.0002332796517
35775	0.004124139983
35776	0.003859727068
35777	0.004148766372
35778	0.004936169125
35779	0.01737152415
35780	0.002133320187
35781	0.0200266758
35782	0.00126297588
35783	0.001488010691
35784	0.002377728111
35785	0.0007949310596
35786	0.008236655902
35787	0.0005205289593
35788	0.004356891347
35789	0.000381993982
35790	0.009101623813
35791	0.0004068853593
35792	0.001857928583
35793	0.001447572357
35794	3.182542702e-05
35795	0.008107983499
35796	0.005542822799
35797	0.0004200247007
35798	0.002821619306
35799	0.003165808167
35800	0.001012366731
35801	0.0004912938505
35802	0.001385492285
35803	0.0007837021445
35804	0.0003452483363
35805	0.01032249753
35806	0.001757714893
35807	0.004314172534
35808	0.02753059222
35809	0.006516191827
35810	0.006123248232
35811	0.00341610503
35812	0.0001958351906
35813	0.01008426343
35814	0.006242169163
35815	0.0002236666119
35816	0.004503736685
35817	0.009934258986
35818	0.0002109169996
35819	0.004505926802
35820	0.01267250946
35821	0.007736185025
35822	8.805385012e-05
35823	0.0007772693299
35824	0.0003630216275
35825	0.0009614901415
35826	0.0008495130228
35827	0.007441267894
35828	0.005924647089
35829	0.0007413640354
35830	0.0006353719662
35831	0.00103579235
35832	0.01323859757
35833	0.001643057311
35834	0.001140201757
35835	0.002191516877
35836	0.005107665328
35837	0.0009016573381
35838	0.0002830130833
35839	0.0009889565999
35840	0.004040872341
35841	0.0005973180126
35842	0.003660550321
35843	0.00115084609
35844	0.01463950949
35845	0.01064063867
35846	0.002226977315
35847	0.01304182706
35848	0.002611909966
35849	0.0009000461102
35850	0.01235634397
35851	0.001283864571
35852	0.0001710830873
35853	0.0005483938328
35854	0.003476030801
35855	0.01388898405
35856	0.001846051695
35857	0.006887239515
35858	0.009712742844
35859	0.003691645352
35860	0.0001162264148
35861	0.0005916665508
35862	0.00284478974
35863	0.001659114211
35864	0.005254664872
35865	0.002152667405
35866	0.004163542553
35867	0.0006858518788
35868	0.008701129108
35869	0.004733358559
35870	0.008581948395
35871	0.01297163759
35872	0.01255437594
35873	0.001015287056
35874	0.0004661054956
35875	0.001198311362
35876	0.0001897064856
35877	0.007528598573
35878	0.009233692773
35879	0.000937955007
35880	0.0006917047667
35881	0.005367285823
35882	0.001369764054
35883	0.007541275985
35884	0.001288873344
35885	0.0035060054
35886	0.0005144246679
35887	0.009304289644
35888	0.0004018965661
35889	0.001617379158
35890	0.0008207078833
35891	0.000727811951
35892	0.01121631887
35893	0.005271193325
35894	0.001144401918
35895	0.001496923239
35896	0.01396766812
35897	0.001426038185
35898	0.01072860966
35899	0.000290527856
35900	0.006353056454
35901	0.0001710491479
35902	0.0009403107887
35903	0.0004412411128
35904	0.0003166028197
35905	0.0005231662533
35906	0.0009017286766
35907	0.0005622753838
35908	2.351316135e-05
35909	0.0004792423651
35910	0.0003441215468
35911	0.0004498592574
35912	0.007693480111
35913	0.001704018667
35914	0.0003524212822
35915	0.001226337784
35916	0.001098559806
35917	0.001028725316
35918	0.004095214666
35919	0.0006792279328
35920	0.0001919296541
35921	0.001730395203
35922	0.0003580205172
35923	0.002823824163
35924	0.0003861537237
35925	0.02185548748
35926	0.0004569015081
35927	0.002813061733
35928	0.01794379538
35929	0.001540291945
35930	0.01656574211
35931	0.00085437139
35932	0.002390901197
35933	0.005393184603
35934	0.0004365113282
35935	0.0008214347146
35936	0.0006223127365
35937	0.004986345872
35938	0.002833964398
35939	0.004811588762
35940	7.567962725e-05
35941	0.00232135857
35942	0.00317129493
35943	0.00148212079
35944	0.02773403185
35945	0.01847637942
35946	0.001558372227
35947	1.776179136e-06
35948	3.802091153e-05
35949	0.0004658074243
35950	0.001031244312
35951	0.001069631705
35952	0.0007735504236
35953	0.009452648362
35954	0.01033307506
35955	0.005409398714
35956	0.007137726844
35957	0.01088080025
35958	0.006262000689
35959	0.0006414023482
35960	0.005485275808
35961	0.003018568845
35962	0.004306731682
35963	0.002967417189
35964	0.00821712773
35965	0.0002295317846
35966	3.169602959e-05
35967	0.006203047068
35968	0.0004215486673
35969	8.839593522e-05
35970	7.24644869e-05
35971	0.001169928295
35972	0.0132807593
35973	0.01187733028
35974	0.002757522494
35975	0.0005347750119
35976	0.002874621825
35977	0.0006747508441
35978	0.0005976964884
35979	0.0006146944238
35980	0.0005892460559
35981	0.007288309902
35982	0.006493450484
35983	0.002109048741
35984	0.005955483431
35985	0.002377047392
35986	0.0005259236014
35987	0.01095597561
35988	0.0001373527988
35989	0.0006210024537
35990	0.0004802702187
35991	0.00530242446
35992	0.0002916066485
35993	0.0001732023576
35994	0.01133036674
35995	0.00643008378
35996	0.001061771217
35997	0.01200300901
35998	0.002832026943
35999	0.0002383788692
36000	0.02014206582
36001	0.001794551061
36002	0.002030126222
36003	0.009160556833
36004	0.003614193466
36005	0.001814387686
36006	0.0002531972118
36007	0.003458552095
36008	0.007497540912
36009	0.00692142306
36010	0.002619340382
36011	0.0003673623333
36012	0.000783379141
36013	0.0001644452566
36014	0.001776520049
36015	0.007661462431
36016	4.150680561e-05
36017	0.004859950169
36018	0.007073889995
36019	0.0006676772531
36020	6.347328166e-05
36021	0.0007221233725
36022	0.0003037882096
36023	0.0002739427399
36024	0.001982667532
36025	1.587966908e-05
36026	0.00030090972
36027	0.001050911717
36028	1.262209393e-05
36029	0.001631339488
36030	0.0003848212539
36031	0.0008407545792
36032	0.01663171932
36033	0.01113476884
36034	0.004848846148
36035	0.001598979052
36036	0.0004352983915
36037	0.002443946556
36038	0.01447390192
36039	0.006027248235
36040	0.001332355444
36041	0.0001065116787
36042	0.002641656946
36043	0.0008572588823
36044	0.0002377869626
36045	0.001618942377
36046	0.00037682558
36047	0.009562287487
36048	0.0001371176805
36049	0.002263693892
36050	0.0004910775038
36051	0.006043001248
36052	0.001820772189
36053	0.0006198625133
36054	0.001881818789
36055	0.001255217428
36056	0.001633757309
36057	0.006906808572
36058	0.003270491056
36059	0.0008987417716
36060	0.001157039769
36061	0.004873253023
36062	0.0007889886253
36063	0.0004458420509
36064	0.005098867388
36065	0.0163749809
36066	0.0006789578457
36067	0.004366219076
36068	0.0007288282881
36069	0.002360478304
36070	5.886801511e-05
36071	0.0002010818494
36072	0.00136523649
36073	0.0002828408164
36074	0.008937456633
36075	0.0004251860397
36076	0.0004777223213
36077	0.005070212674
36078	0.0006566484657
36079	0.001031915896
36080	0.0001444109166
36081	0.02208830874
36082	0.002522014831
36083	0.005768399016
36084	0.003295448045
36085	0.001174827782
36086	0.0003960315602
36087	0.0001262046938
36088	0.0004548633547
36089	0.0001231169533
36090	0.002696506544
36091	0.003510439454
36092	0.003359586341
36093	0.0002329087386
36094	0.003925864402
36095	0.003035438165
36096	0.002541542658
36097	0.000604390671
36098	0.003656457293
36099	0.001123893254
36100	0.007504809683
36101	0.01121696953
36102	0.03157349756
36103	0.0002398917858
36104	0.01677038729
36105	0.0008198809994
36106	0.005479731884
36107	0.02196986037
36108	0.007223622228
36109	0.0005276001479
36110	0.01319347508
36111	0.01307662001
36112	0.02338852739
36113	0.0003323591633
36114	0.00218088412
36115	8.471676224e-06
36116	0.005124050661
36117	0.0003419213669
36118	0.01159287971
36119	0.00138926796
36120	1.952801905e-05
36121	0.001097411577
36122	0.002553173255
36123	0.003568153158
36124	0.0007965483365
36125	0.0001010069973
36126	0.002322920869
36127	0.001490908378
36128	0.006822986563
36129	0.0009727729541
36130	0.0001887677476
36131	0.004256383331
36132	0.0003655538497
36133	0.0003145972203
36134	0.001919853789
36135	0.002431517592
36136	0.002404109273
36137	0.001098083932
36138	0.004692299247
36139	0.008831280123
36140	0.0006466186518
36141	0.001250322029
36142	0.004006164983
36143	0.002513712748
36144	0.002118665274
36145	0.01093892044
36146	0.006043767051
36147	0.0008383980574
36148	0.003728667171
36149	0.006483325192
36150	0.0008521555989
36151	0.00409892758
36152	0.004505305469
36153	0.003760923698
36154	0.0006720571431
36155	0.0004112625085
36156	0.001425219758
36157	0.001630138173
36158	0.004015542827
36159	0.0004399779302
36160	0.001855518615
36161	0.000206234206
36162	0.003675056359
36163	0.0003364514142
36164	0.0002936103418
36165	0.001804500662
36166	0.0007082758998
36167	0.008015223026
36168	0.01196304592
36169	0.0009412090303
36170	0.001341534089
36171	0.005257872615
36172	0.01464235809
36173	0.0007500561286
36174	0.0004823551082
36175	0.005459757005
36176	0.007208527286
36177	0.01452474502
36178	0.02588235041
36179	0.004161343104
36180	0.007028974001
36181	0.002371480377
36182	0.0002996541218
36183	0.01676752407
36184	0.009083123164
36185	0.0006588037973
36186	0.0009567140651
36187	7.986772694e-05
36188	0.007644794734
36189	0.0009509573104
36190	0.0009972280248
36191	0.003217420545
36192	0.000382077645
36193	0.007423989611
36194	0.002398518905
36195	0.0002842441392
36196	0.006451469225
36197	0.001812852546
36198	0.003986361753
36199	0.0009011706308
36200	0.0005426991216
36201	0.001529345637
36202	0.001170761714
36203	0.001329098213
36204	0.00412583759
36205	0.0009590869711
36206	0.0008033361258
36207	0.002643938287
36208	0.01148997739
36209	0.0012677589
36210	0.007549222876
36211	0.001377986869
36212	0.002742243192
36213	0.001626658603
36214	0.0004612489588
36215	0.0002871568811
36216	0.001012815752
36217	0.0007406879128
36218	0.001018684034
36219	0.01140327468
36220	0.004593065085
36221	0.009363221596
36222	0.0003624268967
36223	0.0001840515956
36224	0.005243814966
36225	0.002853241295
36226	0.001212875432
36227	0.0006641018969
36228	9.984069476e-05
36229	0.0003935262532
36230	0.001106925657
36231	0.0007280048576
36232	0.0120172752
36233	0.009778093315
36234	0.001156797611
36235	0.003626162114
36236	0.006092077052
36237	0.005171456342
36238	0.005312538627
36239	0.008563074868
36240	0.0005322034535
36241	0.001449068879
36242	1.947111499e-05
36243	0.01540889877
36244	0.01011758313
36245	0.002505749512
36246	0.00856155176
36247	0.002948477276
36248	0.01151783029
36249	0.0001476308409
36250	0.02186822693
36251	0.002670547843
36252	0.008556641433
36253	4.700689536e-06
36254	0.0160782411
36255	0.00568885962
36256	0.002881482615
36257	0.01352036213
36258	0.001546305672
36259	0.000395283732
36260	0.000552019112
36261	0.008468028087
36262	0.003007002573
36263	0.0004803819841
36264	0.004915790632
36265	0.003163209293
36266	0.01343525949
36267	0.001451948406
36268	0.0005912835
36269	0.002382189096
36270	0.006510114077
36271	0.0002110911802
36272	0.003066225741
36273	0.008971532154
36274	0.003700824375
36275	0.001948879323
36276	0.009982734389
36277	0.004525770732
36278	0.0005713738601
36279	0.003962894225
36280	0.001295203203
36281	0.002471857033
36282	0.01277690668
36283	0.004360151001
36284	0.0008170070819
36285	0.006353521704
36286	0.00145558655
36287	0.0008359394862
36288	0.006305473826
36289	0.002135085251
36290	0.01072324568
36291	0.004161127468
36292	0.00451295172
36293	0.0004285132485
36294	0.001067057526
36295	0.0001499002883
36296	0.01791812989
36297	0.0006737044167
36298	0.003332767153
36299	0.0004056083609
36300	0.002762021589
36301	0.001129210337
36302	0.0003908727568
36303	0.0004534036175
36304	0.009863373004
36305	0.004510486635
36306	0.001578267875
36307	1.344156946e-05
36308	0.002343940936
36309	0.0002632756307
36310	0.004613264214
36311	0.002724318514
36312	0.005653571391
36313	0.001548076538
36314	0.001369327866
36315	0.004422376983
36316	0.01643454001
36317	0.01828364012
36318	0.0007789199553
36319	0.01482730959
36320	0.001910891065
36321	0.001489120695
36322	0.000746832524
36323	0.002009257565
36324	0.008550638736
36325	0.001318953319
36326	0.0005889045879
36327	0.004655152856
36328	0.0003156300901
36329	0.0007181332739
36330	0.02100476459
36331	0.0009229758463
36332	0.003055605305
36333	0.01405028892
36334	0.004065919764
36335	0.0009192839719
36336	0.0004918658826
36337	0.001987031229
36338	0.001943817954
36339	0.001850741373
36340	0.000630765087
36341	0.001654952431
36342	0.009536326771
36343	0.001359862653
36344	0.005753307137
36345	0.009140624772
36346	0.006385264004
36347	0.002667278322
36348	0.001164385674
36349	0.0004378041644
36350	0.0004347929815
36351	0.00328259659
36352	0.001451980289
36353	0.001373927884
36354	0.001295918336
36355	0.002944345595
36356	0.000545072991
36357	5.760763947e-05
36358	0.001874820414
36359	0.004906014921
36360	0.001729851592
36361	0.001311061894
36362	0.005453602922
36363	0.001357461837
36364	0.00322741996
36365	0.0001518866399
36366	0.002542242286
36367	0.005854850454
36368	0.0003373982519
36369	0.0127035308
36370	0.002439583662
36371	0.003618456034
36372	0.004647902245
36373	0.00099423487
36374	0.00258115506
36375	0.002278098505
36376	0.0106062642
36377	0.000136915538
36378	0.000321726749
36379	0.0001877274941
36380	0.0006852167566
36381	0.001835047404
36382	0.008906066828
36383	0.00760475337
36384	0.002910757356
36385	0.01574689983
36386	0.004025710188
36387	0.0002286121305
36388	0.01031319401
36389	0.0005547548309
36390	0.01013403681
36391	0.001000764746
36392	0.005665265385
36393	0.008382430266
36394	0.00971523606
36395	9.920112177e-05
36396	0.0003878420896
36397	0.01424362619
36398	0.01701236059
36399	0.001161932725
36400	0.002144685912
36401	0.002894195338
36402	0.01198152028
36403	0.002804752316
36404	0.005132991642
36405	0.0004937057841
36406	0.00106765982
36407	0.002320988109
36408	0.0115747824
36409	0.0009152240152
36410	0.0008648147587
36411	0.003226266207
36412	0.0266037597
36413	0.001325373262
36414	0.0007888513856
36415	0.00659155202
36416	0.0002560048364
36417	0.001429061512
36418	0.0003059976032
36419	0.002037777571
36420	0.001737053853
36421	0.003346032419
36422	0.005957060182
36423	0.001258333037
36424	0.008483369182
36425	0.00148343014
36426	1.595328172e-05
36427	0.01268050679
36428	0.01106916934
36429	5.24294787e-05
36430	0.003997116786
36431	0.006524475816
36432	0.008734848316
36433	0.0009424622238
36434	0.009926606211
36435	0.01423031804
36436	0.008789313864
36437	0.007746983802
36438	0.0007732315803
36439	0.005939435944
36440	0.01209685798
36441	0.001175929349
36442	5.805514036e-05
36443	0.001069171906
36444	0.007295229053
36445	0.0001372285465
36446	0.008058873346
36447	7.304421279e-05
36448	0.003088771263
36449	0.01631234299
36450	0.003890945085
36451	0.0276453627
36452	0.003045463398
36453	0.003610393207
36454	0.007748315427
36455	0.001826176488
36456	0.00563397686
36457	0.001341987783
36458	0.002372874812
36459	0.0005382965942
36460	0.01110596447
36461	0.005942603084
36462	0.0003331080422
36463	0.01725821371
36464	0.006097149483
36465	0.002963481258
36466	0.002830724237
36467	0.01236200263
36468	0.002312588634
36469	4.900575288e-05
36470	0.0008135037223
36471	0.0001372120219
36472	0.0007568543251
36473	0.007161710614
36474	0.002749486851
36475	0.01021833101
36476	0.0006255755259
36477	0.003452376466
36478	0.004734741383
36479	0.0004138988821
36480	0.01470477406
36481	0.001916890978
36482	0.001689505469
36483	0.004883170172
36484	0.0003256214417
36485	0.003824832507
36486	0.001591296036
36487	0.0004850592131
36488	0.002502495274
36489	0.003067958015
36490	0.0001526324365
36491	0.007192369665
36492	0.002342559502
36493	0.001414425507
36494	0.00371865652
36495	0.005844952619
36496	0.000830186585
36497	0.005335299716
36498	0.001718583335
36499	0.0003564131029
36500	0.006217124518
36501	0.001729210541
36502	0.0007780589901
36503	0.0008263568848
36504	0.0008861600524
36505	0.005826006147
36506	0.00233047356
36507	0.0004748911284
36508	0.01198912018
36509	0.009437186914
36510	0.001826304605
36511	0.01074663276
36512	0.000655035268
36513	0.001065507217
36514	0.001149112169
36515	0.01042585012
36516	0.01722234392
36517	0.0002079193703
36518	0.0007060689156
36519	0.001353752518
36520	0.01635570119
36521	0.001164264841
36522	0.0009761125112
36523	0.001278474961
36524	0.004283674642
36525	0.01024249157
36526	0.0006424834167
36527	0.0136392482
36528	0.0008008199686
36529	0.006126472526
36530	0.005294689063
36531	0.004371500097
36532	3.023116392e-05
36533	0.004583983992
36534	0.01366947935
36535	0.000592058923
36536	5.191154155e-05
36537	0.005547460843
36538	0.007368368055
36539	0.0008047374726
36540	0.003223657124
36541	0.003235436203
36542	0.00140758022
36543	1.974244516e-05
36544	0.001366514992
36545	0.002182463643
36546	0.0003901858773
36547	0.004512541507
36548	0.009771004268
36549	0.002920144122
36550	0.0004612936247
36551	0.005592311564
36552	0.007692501904
36553	0.000303329392
36554	0.006946906325
36555	0.008034260096
36556	0.001309615849
36557	0.003337920029
36558	0.001172587624
36559	6.768948568e-05
36560	0.01126596719
36561	0.002595818599
36562	0.01058120761
36563	0.0006024617596
36564	0.004147592093
36565	0.0002305217283
36566	0.002802091306
36567	0.01538114306
36568	0.0001736240429
36569	0.001272210617
36570	0.001032020677
36571	0.0002326396457
36572	0.001324972256
36573	0.02272846481
36574	0.0007120044648
36575	0.008604757768
36576	0.00054356314
36577	0.001143336839
36578	0.01275128205
36579	0.005827926479
36580	0.0002466679985
36581	0.001220244891
36582	0.00130291793
36583	7.530742189e-05
36584	0.000194603577
36585	0.00120244098
36586	0.00391739891
36587	0.0003338568135
36588	0.0006996932872
36589	0.003240377554
36590	0.001485859215
36591	0.0006524815535
36592	0.01682856927
36593	0.001288633862
36594	0.0001140744646
36595	0.003943325958
36596	0.02298801561
36597	0.007970587633
36598	0.001265627424
36599	0.002649916682
36600	0.00177430723
36601	0.01336028788
36602	0.01006559031
36603	0.0001395991134
36604	0.0002389264053
36605	0.005734899496
36606	0.004610021576
36607	3.807384049e-05
36608	0.0004605734792
36609	0.003786607572
36610	0.009476527003
36611	0.0008261454926
36612	0.0006770975984
36613	0.009595697778
36614	0.0004957042756
36615	0.01200075533
36616	0.007150539566
36617	0.001056325086
36618	9.303862817e-05
36619	0.0004140733122
36620	0.003813800134
36621	0.01271535234
36622	0.000134472916
36623	0.0004637316881
36624	0.01104757998
36625	0.003830064189
36626	0.004935995014
36627	0.0005425144806
36628	0.001683718268
36629	0.0002104093918
36630	0.01286901303
36631	4.817480523e-05
36632	0.0005894225489
36633	0.006248917142
36634	0.007142496373
36635	0.004581464886
36636	0.001686023834
36637	0.006152651769
36638	0.0005311472785
36639	0.0008318855367
36640	0.0003127265841
36641	0.0002741423494
36642	0.02547151298
36643	0.000263996343
36644	0.003810557347
36645	0.00184743495
36646	0.0005191575303
36647	0.00346048895
36648	0.0003391632903
36649	0.001621110436
36650	0.0002605902285
36651	0.0001426023189
36652	0.001717292297
36653	0.0175212779
36654	0.004312830819
36655	0.001486099905
36656	0.005411907025
36657	0.006663131008
36658	0.0007583031519
36659	0.00615714342
36660	0.004077266532
36661	0.0002972249461
36662	0.008612463919
36663	0.009317185734
36664	0.01189075066
36665	8.769801027e-05
36666	0.007941028759
36667	0.0003469910452
36668	0.007729438697
36669	0.0009704828365
36670	0.01732896935
36671	0.01200133818
36672	0.01156996176
36673	0.0003903556834
36674	0.01534855739
36675	0.0001076882054
36676	0.002948346912
36677	0.005654830461
36678	0.01703301875
36679	0.00583940477
36680	0.01526442313
36681	0.002188619731
36682	0.002579394854
36683	0.006623246823
36684	2.72322734e-05
36685	0.0005213432174
36686	0.008647902686
36687	0.003144780594
36688	0.006911075448
36689	0.004915448911
36690	0.008414150891
36691	0.001028262712
36692	0.0001857216556
36693	0.0001345506329
36694	0.0002194756575
36695	0.001348056178
36696	0.0005558655967
36697	0.003554119426
36698	0.002110146688
36699	0.002055181328
36700	0.01379546451
36701	0.0003333405114
36702	0.0002890649249
36703	0.005368643992
36704	0.01053918564
36705	0.01384088999
36706	0.01868600511
36707	0.001789007909
36708	0.008145408653
36709	0.001105004448
36710	6.161125409e-05
36711	0.0022979406
36712	0.01164712711
36713	0.008044346875
36714	0.00177450398
36715	0.001365851094
36716	0.001445189245
36717	0.001371934138
36718	0.005201549103
36719	0.004961876171
36720	0.003550650376
36721	0.001315532564
36722	0.01673300398
36723	0.01231742256
36724	0.003101475631
36725	0.00269450455
36726	0.001085429265
36727	0.006837026106
36728	0.01582467253
36729	0.005414219126
36730	0.003116992293
36731	0.0101972067
36732	0.001114282432
36733	0.0003946219286
36734	3.659598423e-05
36735	0.009632588772
36736	0.001698663753
36737	0.0136413505
36738	0.000820210786
36739	0.001036592665
36740	0.003019588362
36741	0.0004655562303
36742	0.0002398311526
36743	0.0007717359108
36744	0.00610307119
36745	0.002810693605
36746	0.003554464812
36747	0.0006523548873
36748	0.0005422082142
36749	0.0057346459
36750	0.005006249666
36751	0.007370698183
36752	0.000635624932
36753	0.0006026499729
36754	0.0001649161938
36755	0.00248427298
36756	0.001228178983
36757	0.005172506731
36758	0.0006841599458
36759	0.003170176463
36760	1.309573495e-05
36761	0.000757276389
36762	0.001313013609
36763	0.005773976289
36764	0.005270882236
36765	0.01406446839
36766	0.01291975668
36767	0.01030894428
36768	0.001188979183
36769	0.003336437046
36770	0.002175635896
36771	0.01210054574
36772	0.001354144336
36773	0.0003352950961
36774	0.0006228149359
36775	0.002565719261
36776	0.0007180781027
36777	0.02208601855
36778	0.001537439978
36779	0.008288613812
36780	0.01535932571
36781	0.003146533174
36782	0.002847811598
36783	0.0007577339926
36784	0.0005905475008
36785	0.002616388926
36786	0.001352958163
36787	0.01345142316
36788	0.0002584168013
36789	0.0002006384185
36790	0.006305257006
36791	0.006166137796
36792	0.002816601311
36793	0.002937803325
36794	1.916835071e-05
36795	0.0004607305811
36796	0.01106151766
36797	0.001716701355
36798	0.002392593254
36799	0.001644732251
36800	0.001904371694
36801	5.51427819e-05
36802	0.001741603241
36803	0.001120503735
36804	0.0007735411853
36805	0.00496057547
36806	0.0003232368478
36807	0.003359965688
36808	0.01083258097
36809	0.005564356994
36810	0.001753946048
36811	0.001165799759
36812	0.0007487925545
36813	0.001058695224
36814	0.00035433055
36815	0.00384666917
36816	0.001842665589
36817	0.003776306111
36818	0.0009275815388
36819	0.0002001847107
36820	0.001543741781
36821	0.004901859193
36822	0.007844712109
36823	0.006374017084
36824	0.02614603788
36825	0.01272860016
36826	0.0006257250243
36827	0.001986120359
36828	0.008411107969
36829	0.01300048698
36830	0.004923001018
36831	0.0008152628674
36832	0.01007645
36833	0.001905004661
36834	0.00282919264
36835	0.0008729529386
36836	0.01837760789
36837	0.0004297573633
36838	0.0005436879072
36839	0.0009317456757
36840	0.0125421095
36841	0.008767074981
36842	0.0001768506354
36843	0.02228712477
36844	0.001035579995
36845	0.02374522594
36846	0.003025903466
36847	0.001145529317
36848	0.01179069117
36849	0.00225038397
36850	0.002009330901
36851	0.006674325624
36852	0.004809337959
36853	0.01339457595
36854	0.001357691564
36855	0.008066250567
36856	0.002353413979
36857	0.007894453971
36858	0.0007593238883
36859	0.002406532509
36860	0.0006144183032
36861	0.003661320564
36862	0.002189928753
36863	0.001950895305
36864	0.007060221041
36865	0.01116507697
36866	0.0007599481522
36867	0.00243516159
36868	0.02137764377
36869	0.000776391366
36870	0.001544301118
36871	0.007641332417
36872	0.0008891726176
36873	0.000956847537
36874	0.003221623864
36875	0.002309113216
36876	0.0009769339699
36877	0.001617683063
36878	0.01083854649
36879	0.002276718058
36880	0.009948716361
36881	0.004219341617
36882	0.0006140307684
36883	0.01012643899
36884	0.0001174968815
36885	0.0003483901839
36886	0.003812736762
36887	0.002846464178
36888	0.006258811179
36889	0.001394271377
36890	0.001925490769
36891	0.01057698581
36892	0.01582161361
36893	0.005088200846
36894	0.0008083061668
36895	0.0005766165866
36896	0.001872998008
36897	0.003297612696
36898	0.000369568273
36899	0.0005444914583
36900	0.0006840383302
36901	0.001940950634
36902	0.001267785987
36903	0.0001918870992
36904	0.01277775934
36905	0.001191506717
36906	0.0003935687392
36907	0.02191552107
36908	0.01754454026
36909	0.0004079728195
36910	0.000608965458
36911	0.0006543233557
36912	0.003334427764
36913	0.002236669378
36914	0.007096864784
36915	0.01086556102
36916	0.0003474995252
36917	0.002147431875
36918	0.009903505334
36919	0.001182501922
36920	0.002371773321
36921	0.005641615951
36922	0.01109773887
36923	0.0003920907111
36924	0.0003561255855
36925	0.005693810373
36926	0.005904641065
36927	0.0002330764848
36928	0.01382229513
36929	0.01831603908
36930	0.01519222764
36931	0.0003096648474
36932	0.0002758566118
36933	0.002373916401
36934	0.0004207791779
36935	0.001728110297
36936	0.0007674018868
36937	0.01290400324
36938	0.0009294143509
36939	0.0002377062072
36940	0.0001202662455
36941	0.0007991824234
36942	0.006481753539
36943	0.0003254233273
36944	0.0006458026286
36945	0.007958194423
36946	0.004194297387
36947	0.003803343828
36948	0.002671452278
36949	0.002671468108
36950	0.01225825508
36951	0.0001221987616
36952	0.01265637851
36953	0.001328994092
36954	0.01151838934
36955	0.001014125782
36956	0.0006504697699
36957	0.0191987451
36958	0.001570525378
36959	0.001299494492
36960	0.01204358791
36961	0.001218697371
36962	0.002660057647
36963	0.002211098713
36964	0.009465586134
36965	0.001566633914
36966	0.003951760295
36967	0.003690314125
36968	0.007012761972
36969	0.0004141328157
36970	1.259191149e-05
36971	0.0010205275
36972	0.0008214816387
36973	0.0008327344925
36974	0.01280585953
36975	0.007893455816
36976	0.00401780528
36977	0.001498632938
36978	0.004424766646
36979	0.00295471547
36980	0.008584757434
36981	0.009078520688
36982	3.622991968e-05
36983	0.0006306741828
36984	0.01148436499
36985	0.01099801479
36986	0.000586594742
36987	0.0001128671551
36988	0.0004918465789
36989	0.005578705451
36990	0.005476371643
36991	0.008249244746
36992	0.0002952097269
36993	0.006999056414
36994	0.001369212191
36995	0.004775475362
36996	0.0006009582723
36997	0.005699888885
36998	0.001883073746
36999	0.01328394923
37000	0.0115035748
37001	0.004375581951
37002	0.004527185195
37003	0.001115857406
37004	0.01210635109
37005	0.001679602113
37006	0.006589487529
37007	0.002642826894
37008	0.006012524917
37009	0.006880484757
37010	0.001269948899
37011	0.01302164934
37012	0.00910017269
37013	1.208336856e-05
37014	0.003258313836
37015	0.001074570697
37016	0.002001692498
37017	0.002973425769
37018	0.008138608273
37019	0.001571227875
37020	0.0005215199299
37021	0.009131543118
37022	0.00147405296
37023	0.005730212913
37024	0.0007744820329
37025	0.01980266017
37026	0.0111334216
37027	0.005700848447
37028	0.0001963701849
37029	0.008699002171
37030	0.002623463946
37031	0.007814251988
37032	0.00593600449
37033	0.0008148402143
37034	0.0003078511458
37035	0.01168625522
37036	0.005744527798
37037	0.008219939065
37038	0.0008583151837
37039	0.003827265331
37040	0.01819572815
37041	0.02296210084
37042	0.0009414615718
37043	0.003174411525
37044	0.009254981541
37045	0.0007656113802
37046	0.01538614458
37047	0.0006189953682
37048	0.002568800238
37049	0.003476489801
37050	0.0009340430639
37051	0.006333501113
37052	0.001072315831
37053	0.0001049698011
37054	0.003154983693
37055	0.01202855739
37056	0.006313142237
37057	0.0006884619375
37058	0.001254791206
37059	0.001196701249
37060	0.002042730417
37061	0.001481297135
37062	0.0003915004392
37063	0.01099025512
37064	0.0002253473286
37065	0.0003066911873
37066	0.001630773401
37067	0.004549141473
37068	0.008852319395
37069	0.0001419050592
37070	0.005891447168
37071	0.01694321718
37072	0.001741389567
37073	0.01745328072
37074	0.01352005856
37075	0.002668453963
37076	0.001297046974
37077	0.006459217474
37078	0.000463933612
37079	0.03288563398
37080	0.01326489998
37081	0.0006042755564
37082	0.01575199388
37083	0.000574320403
37084	0.001531220681
37085	0.001257077635
37086	0.01714955614
37087	0.003034647994
37088	0.001699650452
37089	0.003069626421
37090	0.002383703057
37091	0.01122625581
37092	0.005972079326
37093	8.930309714e-05
37094	0.0006208828011
37095	0.002032928695
37096	0.01379779767
37097	0.002065869621
37098	0.001180381695
37099	0.0005470064431
37100	0.001599594487
37101	0.00223206248
37102	0.001418358542
37103	0.001645428176
37104	0.0007307895471
37105	0.003230863142
37106	0.006756715706
37107	0.01358439484
37108	0.0002276121583
37109	0.01100043914
37110	0.009979272594
37111	0.004350411927
37112	0.0006529699306
37113	0.007320910709
37114	0.005227349477
37115	0.004754864232
37116	0.01318535206
37117	0.009718743322
37118	0.01252768845
37119	0.01406122596
37120	0.00299961794
37121	0.001370096524
37122	0.001081770784
37123	0.003256273079
37124	0.01593207852
37125	0.00016539703
37126	0.003412952107
37127	0.00874334343
37128	0.002012234507
37129	0.0001886824641
37130	0.001986967766
37131	0.002875776863
37132	0.01729702523
37133	0.004400773962
37134	0.0121768137
37135	0.007245129026
37136	0.004303877229
37137	0.004072613564
37138	0.0008051037488
37139	0.004960969222
37140	0.001539715792
37141	0.001142011798
37142	0.0001693271567
37143	0.002115521535
37144	0.009859593872
37145	0.003739371214
37146	0.0006048684663
37147	0.01284590575
37148	0.0003282333735
37149	0.004377457558
37150	0.0003188685826
37151	2.38197835e-05
37152	9.822547433e-05
37153	0.0006943452538
37154	0.0006771955499
37155	0.0001891939137
37156	0.001022049126
37157	0.003319751323
37158	0.008619590345
37159	0.000695071498
37160	0.000401103001
37161	0.001940648178
37162	0.0003807045337
37163	0.003698443383
37164	0.002363077038
37165	0.00118249967
37166	0.003735002759
37167	0.0005338024501
37168	0.00623483999
37169	0.01613904543
37170	0.0004756874439
37171	0.0006696271014
37172	0.001531594079
37173	0.0004021290249
37174	0.0003027945512
37175	0.008164515659
37176	9.005805513e-05
37177	0.008761269949
37178	0.00104970483
37179	0.01910414843
37180	0.009514602735
37181	0.005174502295
37182	0.001542320967
37183	0.005931185866
37184	0.007593617627
37185	0.001567947901
37186	0.003045391277
37187	0.003080006825
37188	0.00196157779
37189	0.004323394583
37190	0.009571236464
37191	0.00431287145
37192	0.009809013366
37193	0.004681757947
37194	0.0008527514996
37195	0.004968831844
37196	0.00118336856
37197	0.009504548989
37198	0.000602132485
37199	0.01299032856
37200	0.002263523285
37201	0.001153101947
37202	0.003819557082
37203	0.006163756741
37204	0.005625763662
37205	0.00466392433
37206	8.826479543e-06
37207	0.002101264306
37208	0.00588694794
37209	0.004517554072
37210	0.001119680905
37211	0.0009240583854
37212	0.01080416144
37213	0.0005309451329
37214	0.00736844702
37215	0.002057694319
37216	0.003103920316
37217	0.002270404435
37218	0.0052998583
37219	0.0004784327566
37220	0.0009943680417
37221	0.008986905798
37222	0.002657901189
37223	0.004689088635
37224	0.009040124189
37225	0.000529270446
37226	0.005965999499
37227	0.0008451305307
37228	0.003730229148
37229	0.01167276977
37230	0.0002777124763
37231	0.0003550395634
37232	0.01131912568
37233	0.003345329946
37234	0.008423837175
37235	0.001048195667
37236	0.0002139892289
37237	0.0002341848497
37238	0.006253494581
37239	0.000275757839
37240	0.001619246754
37241	0.002406248926
37242	0.005794636617
37243	0.002765923377
37244	0.0008433041639
37245	0.001421589974
37246	0.003656327112
37247	0.001058967039
37248	0.0001742933898
37249	0.002655256694
37250	0.003831072158
37251	0.002523149387
37252	0.0006896121778
37253	0.01385088388
37254	0.0003311187033
37255	0.002222948061
37256	0.000916042305
37257	2.117088058e-05
37258	0.0001710144759
37259	0.003914657997
37260	0.002438227579
37261	0.002844962448
37262	0.001068790419
37263	0.005077662511
37264	0.0057046433
37265	0.00691120185
37266	0.004739346615
37267	0.0004501234816
37268	0.01631576735
37269	0.001403997955
37270	6.718801584e-06
37271	0.008138868607
37272	0.0009176886337
37273	0.001024927288
37274	0.01488410737
37275	0.006980696426
37276	0.002194679008
37277	0.002199184778
37278	0.0009746060887
37279	0.01414130365
37280	0.009521574894
37281	0.001449175606
37282	0.001965839123
37283	0.004282820486
37284	0.00253824636
37285	0.001969874666
37286	0.006471303728
37287	0.0005725706684
37288	0.001847169022
37289	0.01068353433
37290	0.001183586516
37291	0.0002731970391
37292	0.009681364368
37293	0.005700489335
37294	0.0005888216935
37295	0.004395625935
37296	0.004845873895
37297	0.002877120573
37298	0.004869655556
37299	0.007188133776
37300	0.006440112677
37301	0.0007506895219
37302	0.0005999687028
37303	0.003153817598
37304	0.009024478914
37305	0.0008465436285
37306	0.003063502038
37307	0.0005940015004
37308	0.004216256408
37309	0.00187753134
37310	0.002906657348
37311	0.01911313255
37312	0.004725861328
37313	0.002831466898
37314	0.0002122055234
37315	0.001016309188
37316	0.0006375309173
37317	0.003930751421
37318	0.01445379014
37319	0.004140647281
37320	0.01349082576
37321	0.009889259099
37322	0.007936324322
37323	0.02122372125
37324	0.0003288887053
37325	0.002499859227
37326	0.005471850107
37327	0.00541241683
37328	0.001493620893
37329	0.004069402881
37330	0.0007403267883
37331	0.0009472119277
37332	0.0006903143678
37333	0.004020327661
37334	0.004938536986
37335	0.0001457781353
37336	0.001482236783
37337	0.01719887956
37338	0.001249697562
37339	0.004762691912
37340	0.004249831476
37341	0.006030339389
37342	0.001673661133
37343	0.0009778233215
37344	0.005886669766
37345	0.003057138473
37346	0.001547899889
37347	0.006207209484
37348	0.0008809019314
37349	0.007029485766
37350	0.0008392635003
37351	0.001102938187
37352	0.001877662517
37353	0.001779040442
37354	0.003327528214
37355	6.52890545e-05
37356	0.005834932035
37357	0.0006702942142
37358	0.0003671503301
37359	0.004828359609
37360	0.00126364104
37361	0.01888845642
37362	0.0001254095701
37363	0.01833911465
37364	0.004209928317
37365	0.008642289306
37366	0.003291540874
37367	0.001454339827
37368	0.003589385687
37369	0.01295536696
37370	0.02421493533
37371	0.002332465056
37372	0.001704633812
37373	0.006353112842
37374	0.0002950775889
37375	0.01325703875
37376	0.0008195668863
37377	0.002173448888
37378	0.002252259786
37379	0.001394055639
37380	0.00883420982
37381	0.006887866162
37382	0.0009154684668
37383	0.002704091005
37384	0.01184070032
37385	0.01119339402
37386	0.01434684318
37387	0.004111459688
37388	0.00308330031
37389	0.004473213665
37390	0.005616186936
37391	0.0004004716966
37392	0.000679321758
37393	0.001126111169
37394	0.001456015322
37395	0.002034397405
37396	0.003233141916
37397	0.001665900208
37398	0.009503320676
37399	0.00144200062
37400	0.01110736727
37401	0.003905889761
37402	0.002123253111
37403	0.000410321379
37404	0.005168005349
37405	0.004826844655
37406	0.009719247824
37407	3.61143667e-05
37408	0.001409828727
37409	0.03058816921
37410	0.0004044707398
37411	0.0002765100459
37412	0.0003557609722
37413	0.0003333746137
37414	0.000115771395
37415	0.0004506758512
37416	0.0007909524683
37417	0.0006569873321
37418	0.003863764803
37419	0.00568731695
37420	0.006228952854
37421	0.0002386754767
37422	0.005660833229
37423	0.01435961863
37424	0.001422915713
37425	0.01313460375
37426	0.001000208852
37427	0.000306614413
37428	0.01449652918
37429	0.001820070276
37430	0.001453748178
37431	0.003491162942
37432	0.001492367452
37433	0.003111686255
37434	0.001151338711
37435	0.003179626196
37436	0.001181688249
37437	0.0005100285993
37438	0.00634022368
37439	0.006647880741
37440	0.0007905305403
37441	0.004220491548
37442	0.001669865973
37443	0.001073103305
37444	0.02532291312
37445	0.001071952834
37446	0.01129365909
37447	0.0114853218
37448	0.00162804343
37449	0.00331010639
37450	0.001560850748
37451	0.003714393432
37452	0.01000372962
37453	0.001179216099
37454	0.002998975629
37455	0.001452345643
37456	0.007411140956
37457	0.005093954669
37458	0.004876526887
37459	0.0001167418326
37460	0.001527084204
37461	0.0009557619202
37462	0.01285069839
37463	0.002782654348
37464	0.003260366508
37465	0.003025281124
37466	0.004173869201
37467	0.003337981404
37468	0.009428217818
37469	0.005263638231
37470	0.008874060244
37471	0.0007013632195
37472	0.002168972415
37473	0.001005251808
37474	0.000813995969
37475	0.004161825116
37476	0.001502171567
37477	0.001775275618
37478	0.006849228539
37479	0.009938769618
37480	0.006696517227
37481	0.005520437854
37482	0.0109411723
37483	0.007379671489
37484	5.995347146e-07
37485	0.01839209367
37486	0.004173459711
37487	0.003885080839
37488	0.0004609873758
37489	0.003246232826
37490	0.001867025466
37491	0.0008831088442
37492	0.02011996378
37493	0.001745388574
37494	0.007086569385
37495	0.004022259924
37496	0.001347778842
37497	0.001359389769
37498	0.002456941381
37499	0.0005857707782
37500	0.01421535391
37501	0.00861762522
37502	0.0145948496
37503	0.0006154488415
37504	0.00701522607
37505	0.01297831069
37506	0.002434480436
37507	0.0009144483225
37508	0.0009454780904
37509	0.01050262574
37510	0.0008463583647
37511	0.008552905909
37512	0.0001105003542
37513	0.01635880754
37514	0.003448148529
37515	0.001954864799
37516	0.004471916896
37517	0.002434610002
37518	0.0004268848867
37519	0.003338124769
37520	0.0005584681352
37521	3.70942639e-05
37522	0.01103813186
37523	0.006353669297
37524	0.0182843085
37525	0.0002896989348
37526	0.001317085452
37527	0.02032766829
37528	0.001135680016
37529	0.0004371087204
37530	0.01809516341
37531	0.0001528590172
37532	0.001496816139
37533	0.00715816916
37534	0.01195249132
37535	0.006120205612
37536	0.001678800469
37537	0.001509818846
37538	0.0001661507808
37539	0.001079943234
37540	0.0002753027444
37541	0.004584805764
37542	0.0001256413489
37543	0.0008870617701
37544	0.001279613807
37545	0.0002086393907
37546	0.004181711934
37547	0.0008227582923
37548	0.004769773536
37549	0.00190523635
37550	0.002863086766
37551	0.001162067582
37552	0.004823596303
37553	0.003479516962
37554	0.01020310624
37555	9.204263713e-05
37556	3.831524287e-05
37557	0.00092859311
37558	0.001699228296
37559	0.001163830949
37560	0.0008477668235
37561	6.67308931e-05
37562	0.001847719843
37563	0.004297858051
37564	0.0005781809573
37565	0.001461985692
37566	0.003898396879
37567	0.004558962037
37568	0.008374501136
37569	0.00807903197
37570	0.01295242794
37571	0.0001563896422
37572	0.002042719363
37573	0.001060426409
37574	0.01846959573
37575	0.000965167991
37576	0.006721888627
37577	0.0003341959558
37578	0.002414943116
37579	0.002172939955
37580	0.0003735763117
37581	0.001554185524
37582	0.001498386208
37583	0.001904341637
37584	0.01841136549
37585	0.002644596415
37586	0.00102284819
37587	0.01246244311
37588	0.002021857615
37589	0.0001268805138
37590	0.0009317459435
37591	0.002279264525
37592	0.003779206288
37593	0.001497747139
37594	0.001593628086
37595	0.0008777004422
37596	0.004357150648
37597	0.00896228138
37598	0.0009611837808
37599	0.001893334316
37600	0.0001859468702
37601	0.01129430777
37602	0.001525859551
37603	0.01006773779
37604	0.001390462947
37605	0.0004636061195
37606	0.001732346397
37607	0.001852781021
37608	0.002413519575
37609	0.000643396286
37610	0.001087683714
37611	0.01407526344
37612	0.001104057228
37613	0.0003352635641
37614	0.006073562168
37615	0.000867196079
37616	0.005341623178
37617	0.0002185815374
37618	0.00156260101
37619	0.003134547418
37620	0.00967712476
37621	0.002253314908
37622	0.001176424293
37623	0.008307887065
37624	0.001379598018
37625	0.0003351620331
37626	0.00765517113
37627	0.001031923629
37628	0.006087146723
37629	0.0037188714
37630	0.00102778082
37631	0.000885015096
37632	0.0001900224387
37633	0.002351356217
37634	0.01477583036
37635	0.004342707089
37636	0.009595545154
37637	0.004087719165
37638	0.0008270130078
37639	0.001694509783
37640	0.0001266927
37641	0.006009548629
37642	0.003576323044
37643	0.01184299309
37644	0.0009789783198
37645	0.003197625026
37646	0.001263957175
37647	0.002101531531
37648	0.001430820533
37649	0.0103119785
37650	0.001386211271
37651	0.0008792896024
37652	0.002852045308
37653	0.001368567769
37654	0.01550114797
37655	0.0006936640242
37656	0.001695153179
37657	0.001220687154
37658	0.000150901387
37659	0.002428815959
37660	0.0001598233409
37661	0.006516460006
37662	0.01144244803
37663	0.01547133602
37664	0.001020895988
37665	0.008281727614
37666	0.0002562165234
37667	0.0002155512261
37668	0.001163791319
37669	0.0006151494459
37670	0.007702263865
37671	0.007408245104
37672	0.000175878202
37673	0.0009510090988
37674	0.000545295618
37675	0.0005130009529
37676	0.00499082461
37677	0.0003400950961
37678	0.0006014230301
37679	0.00843680647
37680	0.001113140035
37681	0.001823210059
37682	0.00193266838
37683	0.003336684486
37684	0.00479883218
37685	0.0006415275917
37686	0.001093086531
37687	0.006254019929
37688	0.003975155345
37689	0.004740255444
37690	0.001406723859
37691	0.000103025275
37692	0.004460469885
37693	0.0002053535917
37694	0.008886993824
37695	0.002531657884
37696	0.005771847539
37697	0.0004866325645
37698	0.01311216655
37699	0.001325139963
37700	0.009280281104
37701	0.007376201749
37702	0.01827896505
37703	0.0003554959714
37704	0.0009283565589
37705	0.01197310544
37706	0.0001966164865
37707	0.004426029031
37708	0.01699206794
37709	0.0002766374881
37710	6.27972702e-05
37711	0.0001863656498
37712	0.005277514223
37713	0.0007971414459
37714	0.001086690077
37715	0.001416247908
37716	0.01448112459
37717	0.005171034256
37718	0.001619213813
37719	0.0001550907663
37720	0.002540244014
37721	0.0003466768687
37722	0.0003285273265
37723	0.001394730209
37724	0.002776338974
37725	0.001845174381
37726	0.001253075872
37727	0.0008320653297
37728	0.001031064742
37729	0.001924324125
37730	0.0001924841073
37731	0.000426584524
37732	0.004034791305
37733	0.0009294210588
37734	0.005703517895
37735	0.006124848686
37736	0.005453742277
37737	0.006823871245
37738	0.01247298503
37739	0.008450093856
37740	0.002324649389
37741	0.004402537699
37742	0.001776243351
37743	0.003119179422
37744	0.01384021203
37745	0.000326405517
37746	1.815709826e-06
37747	0.0001423263351
37748	6.953189947e-05
37749	0.01223268192
37750	0.01073018937
37751	0.002177406523
37752	0.001683771655
37753	0.001074293864
37754	0.0002398051503
37755	0.002051146771
37756	0.0003712856466
37757	0.01245645252
37758	0.0008020389897
37759	0.001354894531
37760	0.004898296325
37761	0.008981814538
37762	0.002962006834
37763	0.003868438709
37764	0.0002311675826
37765	0.01376617152
37766	0.009003738958
37767	0.00362102423
37768	0.001798953363
37769	0.005999951063
37770	0.0005995477567
37771	0.001372931175
37772	0.007507883465
37773	0.003762283867
37774	0.0002217873234
37775	0.0005952298203
37776	0.0006818043251
37777	0.007791168624
37778	0.009298259518
37779	0.004913590407
37780	0.002669150157
37781	0.0004975046218
37782	0.002392510625
37783	0.0008893475951
37784	0.0003356207251
37785	0.0004244619686
37786	0.01317992645
37787	0.002610776602
37788	0.0004759115007
37789	0.001910351156
37790	0.005141982484
37791	0.0007293131356
37792	0.0002276510961
37793	0.005197415576
37794	0.00387982411
37795	0.002724517477
37796	0.0006929479158
37797	8.036454745e-05
37798	0.004219197539
37799	0.009575270818
37800	0.003438936406
37801	0.005421472937
37802	0.002415667151
37803	0.002559224296
37804	0.005447368255
37805	0.01268917754
37806	0.00195156937
37807	0.0002772661733
37808	0.005321295592
37809	0.006619312274
37810	0.0008731398467
37811	0.01173256692
37812	0.008313636882
37813	0.001419666592
37814	0.0001538885187
37815	0.0003709896782
37816	0.0001209850283
37817	0.002228067421
37818	0.0007044058766
37819	0.01030146215
37820	0.0004748274947
37821	0.001396679983
37822	0.001600574456
37823	0.01051488808
37824	0.001115324497
37825	0.01092153074
37826	0.001093755878
37827	0.01266237029
37828	0.01578324634
37829	0.004635532409
37830	5.373629107e-05
37831	0.002936819886
37832	0.009525298429
37833	0.00232892154
37834	0.01272606614
37835	0.0001825392235
37836	0.00424622299
37837	0.0003027526759
37838	0.007963820652
37839	0.01113205518
37840	0.0004402158308
37841	0.008016595874
37842	0.0004890875198
37843	0.001577004165
37844	0.01300030122
37845	0.006417776784
37846	0.01491419586
37847	0.01924314676
37848	0.001799547568
37849	0.005821201356
37850	0.0001448669044
37851	0.001965114189
37852	3.426118541e-05
37853	0.009950108435
37854	0.002346588044
37855	4.189471924e-05
37856	0.0001919664213
37857	0.000938158384
37858	0.02286849794
37859	0.02268003319
37860	0.0001520000011
37861	0.005879814783
37862	0.0009133969715
37863	0.0002945586537
37864	0.003441253991
37865	0.0007228974468
37866	0.001134581001
37867	0.002217093995
37868	0.005783168235
37869	0.01037099868
37870	0.0007130057735
37871	0.005213544496
37872	0.003109979694
37873	0.0002609863513
37874	0.004906591579
37875	0.0005879669943
37876	0.001654653313
37877	0.005436224394
37878	0.0007467335561
37879	0.00240796275
37880	0.00247124275
37881	0.00151976046
37882	0.0008273521119
37883	0.0009311137185
37884	0.01373069481
37885	0.0001362234188
37886	0.000676781471
37887	0.001438485125
37888	0.01198217961
37889	0.002670161183
37890	0.000858870921
37891	0.0001233836243
37892	0.002463875422
37893	0.003750618839
37894	0.000712595428
37895	0.0006255532843
37896	0.001306964426
37897	0.000433829074
37898	0.000836954658
37899	0.0006279719459
37900	0.00396119907
37901	0.004277850202
37902	0.003241121577
37903	0.001570346346
37904	0.0003404356382
37905	0.01332970864
37906	0.001231795354
37907	0.001516707502
37908	0.004298910064
37909	0.004887470264
37910	0.001649841698
37911	0.006848024947
37912	0.0003194759078
37913	0.004258924946
37914	0.001368084719
37915	0.008007622676
37916	0.01652923144
37917	0.0009762225518
37918	0.01163963776
37919	0.0001661145291
37920	0.009357334714
37921	0.01248961651
37922	0.003382854862
37923	0.001844378866
37924	0.000485753683
37925	0.000159821215
37926	0.01671689583
37927	0.003581050103
37928	0.001196735707
37929	0.0009543236846
37930	0.0005496878519
37931	0.01597338141
37932	0.004546424398
37933	0.0007825411838
37934	0.009324030384
37935	0.003273235192
37936	0.001839112625
37937	0.002959947992
37938	0.0008210166852
37939	0.003811776966
37940	0.0001626687336
37941	0.002838325666
37942	0.0007699042633
37943	0.0058106219
37944	0.0008017050308
37945	0.0004293720478
37946	0.000783081764
37947	0.0007885048097
37948	0.01083098393
37949	0.002859927534
37950	0.01337137062
37951	0.01791876283
37952	0.004131129522
37953	0.003365841109
37954	0.0005259841249
37955	0.002191425656
37956	0.02164645059
37957	9.462775049e-05
37958	0.009128969157
37959	0.0002726333248
37960	0.000887059332
37961	0.002196256932
37962	0.000477947322
37963	0.0007410758889
37964	0.001671183275
37965	0.002489239286
37966	0.001606740596
37967	0.001227783009
37968	0.001744482185
37969	0.007208264796
37970	0.004612745396
37971	0.001064828906
37972	0.001378448195
37973	0.0003636377891
37974	0.006286810233
37975	0.0001172780161
37976	0.007355712144
37977	0.02249773503
37978	0.000522182256
37979	0.000203118845
37980	0.000481388778
37981	0.0007895767657
37982	8.16568277e-05
37983	0.004418352772
37984	0.001806478301
37985	0.001185545725
37986	0.001591142637
37987	0.004459635673
37988	0.01140140417
37989	0.0007003567221
37990	0.001458564204
37991	0.0005626099242
37992	0.001261245072
37993	0.01128584108
37994	0.004072585369
37995	0.00442875231
37996	0.01606319752
37997	0.001432499167
37998	0.0007807605949
37999	0.00263795953
38000	9.215062024e-05
38001	0.00559268466
38002	0.01108932887
38003	0.0005963263728
38004	0.0002975184019
38005	0.0004344477847
38006	0.009530517293
38007	0.003921568871
38008	0.003522989578
38009	0.0004454508719
38010	0.003240749206
38011	0.0002132858851
38012	0.004754442154
38013	0.004097939813
38014	0.004582774499
38015	0.006013771307
38016	0.004432557305
38017	0.00157439579
38018	0.01066295608
38019	0.01121567745
38020	0.003068434289
38021	0.00557275585
38022	0.0004127878213
38023	0.00644458369
38024	0.009004964688
38025	0.001140142825
38026	0.001910599671
38027	0.0005204706823
38028	0.001746934615
38029	3.461493194e-05
38030	0.0003809336178
38031	0.001558578455
38032	0.0005454915784
38033	0.00291340016
38034	0.01726548251
38035	0.0009805857553
38036	9.293546302e-05
38037	0.002892080009
38038	0.000784926555
38039	0.0034648326
38040	0.001882411653
38041	0.0008780856687
38042	0.0002057543821
38043	0.0001871619702
38044	0.003072969756
38045	4.304401839e-05
38046	0.0006901449591
38047	0.000391934556
38048	0.001099498886
38049	0.003254304535
38050	0.0006778508545
38051	0.00166906287
38052	0.001832297872
38053	0.001506978414
38054	0.005570572892
38055	0.007059364104
38056	0.004324614479
38057	0.01207013735
38058	0.0005264906462
38059	0.001111329091
38060	0.0005317586549
38061	0.01491896898
38062	6.3644203e-05
38063	0.0004028608824
38064	0.004844094902
38065	0.005133135392
38066	0.0008972779039
38067	0.001053778902
38068	0.0001808623168
38069	0.002890278003
38070	0.008367458962
38071	0.001084187037
38072	0.0002898598868
38073	5.023756774e-06
38074	0.0009634093855
38075	0.0007670479651
38076	0.009890552329
38077	0.0002004711623
38078	0.002416682646
38079	0.003602914247
38080	0.001571420682
38081	0.0001023624976
38082	0.003359120713
38083	0.008304003535
38084	0.0006736126007
38085	0.007149056681
38086	0.002746918439
38087	0.0002154997327
38088	0.0009598217633
38089	0.001491064234
38090	0.003633340752
38091	0.007926947592
38092	0.001017905451
38093	0.003042826036
38094	0.0009852359514
38095	0.0002205052645
38096	0.002541940298
38097	0.0002957574262
38098	0.004758022809
38099	0.01553118442
38100	0.01446495597
38101	0.006172492994
38102	0.001174795557
38103	0.002722086969
38104	0.0003512994231
38105	0.0004259456792
38106	0.0002502412526
38107	0.006721950744
38108	0.002442064398
38109	0.01131522969
38110	0.005991069094
38111	0.0006251406407
38112	0.0001942483211
38113	0.005110341984
38114	0.0005278920349
38115	0.0008000528524
38116	0.002505973455
38117	0.01118501636
38118	0.004532184173
38119	0.004789671079
38120	0.0001492657509
38121	0.0008611000969
38122	0.002321771836
38123	0.0008370974958
38124	0.004442132413
38125	0.001375885156
38126	0.006641107399
38127	0.0002374033022
38128	0.00671640818
38129	0.009020844463
38130	0.0002840723347
38131	0.001081776723
38132	0.01507544845
38133	0.0003220637646
38134	0.01238551995
38135	0.0002882384706
38136	0.005737718695
38137	0.01239823184
38138	0.00101264057
38139	0.0007514025244
38140	0.000708395624
38141	0.0004280238659
38142	0.007409814855
38143	0.002389967779
38144	0.001688171579
38145	0.004959197816
38146	0.01463813037
38147	0.007084902148
38148	0.01048103181
38149	0.02069743363
38150	0.01389815079
38151	0.004570388539
38152	0.01884880485
38153	0.002026420903
38154	0.0006934975856
38155	0.001538833274
38156	0.003375067239
38157	0.004616775261
38158	0.007559083468
38159	0.008871796934
38160	0.009897940626
38161	0.005211629577
38162	0.004169158588
38163	0.003292065314
38164	0.006421895511
38165	0.004835465546
38166	1.596263334e-05
38167	0.0006076598581
38168	0.0002393698614
38169	0.002902950744
38170	0.001127759306
38171	0.006375753264
38172	0.003432252894
38173	0.001013173367
38174	0.00786452202
38175	0.003641024544
38176	0.0002650722802
38177	0.008793366874
38178	0.0001808405884
38179	0.001415004024
38180	0.002432410928
38181	0.01252052922
38182	0.01390205438
38183	0.0008747193524
38184	0.01769873835
38185	8.840068413e-05
38186	0.0003278235869
38187	0.002613080245
38188	0.0003586526134
38189	7.497778622e-05
38190	0.008178909091
38191	0.001697764585
38192	0.0002175637111
38193	0.001070568638
38194	0.0004249033099
38195	0.0005176794448
38196	0.0005658807132
38197	0.001415502004
38198	0.0009883354651
38199	0.01268893831
38200	0.0002220759267
38201	0.00369811179
38202	0.0004451585661
38203	0.0006034834543
38204	0.0002783376849
38205	0.001955196973
38206	0.003147047282
38207	0.004644772228
38208	0.001197958906
38209	0.00392171052
38210	0.01525986765
38211	0.007093365062
38212	0.001284640733
38213	0.0007010829376
38214	0.00594664094
38215	0.004984412974
38216	0.001470567487
38217	0.01479768889
38218	0.0001283004401
38219	0.0001960298513
38220	0.007348269283
38221	0.001375811783
38222	0.02126544016
38223	0.001184266851
38224	0.002139447322
38225	0.0243814347
38226	0.002172926787
38227	0.005475630725
38228	0.006500167432
38229	0.0006015819594
38230	0.002613048427
38231	0.0004831641159
38232	0.0001878271144
38233	0.001288507495
38234	0.01084691041
38235	0.009072500526
38236	0.001050234586
38237	0.001815401422
38238	0.0003259784744
38239	0.003260289739
38240	0.01175876696
38241	0.002896639634
38242	0.001043023844
38243	0.01842466877
38244	0.0001991943314
38245	0.0005011526184
38246	0.0003607613849
38247	0.0007681486954
38248	0.000271241163
38249	0.002030674276
38250	0.001964567715
38251	0.0047856763
38252	0.00235824434
38253	0.001113526915
38254	8.513558889e-05
38255	0.000607940726
38256	0.0001547793293
38257	0.0002060713179
38258	0.005509508762
38259	0.005002019456
38260	0.002855012671
38261	0.004585314108
38262	0.002138072706
38263	0.005897263916
38264	0.005181876719
38265	0.002223553845
38266	0.0009927400048
38267	0.002990445641
38268	0.004391506539
38269	0.003864752008
38270	0.003794131496
38271	0.00228504286
38272	0.001772451372
38273	0.002431360125
38274	0.0008004646448
38275	0.005400985143
38276	0.00304929876
38277	0.003542886969
38278	0.0001361820139
38279	0.01308950608
38280	0.001497909076
38281	0.0003484467701
38282	0.001628702807
38283	0.004835089585
38284	0.006731337506
38285	0.01436725843
38286	0.01119389489
38287	0.003126607143
38288	0.001754062687
38289	0.0009663505095
38290	5.65421503e-05
38291	0.0001310097028
38292	0.001055292447
38293	0.0008157959227
38294	0.0001459816348
38295	0.000590684841
38296	0.000488121134
38297	0.006106758448
38298	0.000147125543
38299	0.00109768597
38300	0.000226733472
38301	0.0006417967505
38302	0.002081392776
38303	0.0003041865619
38304	0.00730120461
38305	0.01344011023
38306	0.0007829168795
38307	0.0004569771036
38308	0.00064933113
38309	0.006427302463
38310	0.003576492163
38311	0.005932464506
38312	0.001401976885
38313	0.002875076192
38314	0.009540189319
38315	0.006528854994
38316	0.0003892294962
38317	0.006835459232
38318	0.0005250549188
38319	0.0001625063455
38320	0.002709887127
38321	0.001276480629
38322	0.005285401062
38323	0.004569612338
38324	0.0007188973001
38325	0.000300471292
38326	0.0007658561175
38327	0.003380212234
38328	0.01320711421
38329	0.0007660317147
38330	0.005175221409
38331	0.001571829
38332	0.0039669515
38333	0.0004037460026
38334	0.0005015980724
38335	0.0007439103557
38336	0.0003855663101
38337	0.009330950092
38338	0.001351601541
38339	0.01974816115
38340	0.01806659991
38341	0.01485446779
38342	0.01015067664
38343	0.03281740219
38344	0.002296963329
38345	0.003894669118
38346	0.009647704992
38347	0.0001884295994
38348	0.01106741494
38349	0.007746897351
38350	0.00462719685
38351	0.003616555536
38352	0.003348725306
38353	0.003723738104
38354	0.0006070298039
38355	0.007544622526
38356	0.001457891744
38357	0.001859860757
38358	0.01004288142
38359	0.004797615247
38360	0.0002734991424
38361	0.0219610692
38362	0.0003470703847
38363	0.002056484241
38364	0.003388415023
38365	0.02880356312
38366	2.852981769e-05
38367	5.803981133e-05
38368	0.003119066702
38369	0.0009199645599
38370	0.008524678078
38371	0.01531123625
38372	0.002676844374
38373	0.0005061490571
38374	0.00841189808
38375	0.0006113501574
38376	0.007215386176
38377	0.01755528288
38378	0.0002409121634
38379	0.001984756092
38380	0.003674982663
38381	0.002915451177
38382	0.001883559508
38383	0.00871413638
38384	0.0002892467522
38385	0.009420731553
38386	0.004934073247
38387	0.009336445009
38388	0.00139655814
38389	0.0004983412256
38390	0.006861723873
38391	0.004491259937
38392	0.003401556935
38393	0.004126126023
38394	0.0003603548517
38395	0.003163452785
38396	0.001132419385
38397	0.001193695379
38398	0.0003706938952
38399	0.004323993388
38400	0.005205494951
38401	0.01049758169
38402	0.001067289364
38403	0.0003611771036
38404	0.001035600475
38405	0.008201667192
38406	0.008185773772
38407	0.0005984461264
38408	0.002251751439
38409	0.000397234114
38410	0.0007186951339
38411	6.283624238e-05
38412	0.002854923261
38413	0.002742995332
38414	0.002169460477
38415	8.095533437e-06
38416	0.0007722361667
38417	0.00114024118
38418	0.0003088857881
38419	0.008507704927
38420	0.0001488648561
38421	0.001790560287
38422	0.003645848493
38423	0.0004805803037
38424	0.0004836368938
38425	0.006517254036
38426	0.0001611630299
38427	0.0003721549729
38428	0.00953344227
38429	0.00268427038
38430	0.0005488345424
38431	0.004214612015
38432	0.007210179911
38433	0.02229967089
38434	0.000274765929
38435	0.000294139795
38436	0.004805231394
38437	0.007124610092
38438	0.0002431707745
38439	0.0006355635737
38440	0.001963214599
38441	0.02694679246
38442	0.007402931205
38443	0.0008996579806
38444	0.0009234863369
38445	0.001346755238
38446	0.001588148292
38447	0.0001687466334
38448	0.001111624937
38449	0.001087368482
38450	0.01315614659
38451	0.001758200788
38452	0.02183254004
38453	0.0008773159061
38454	0.005334755893
38455	0.001158995479
38456	0.005271671277
38457	9.783240923e-05
38458	0.0002294544901
38459	0.0008060691631
38460	0.003254005523
38461	0.0003501263446
38462	0.01297026301
38463	0.000382158865
38464	0.00106370279
38465	9.908269339e-05
38466	0.0002960094932
38467	0.001344558992
38468	0.0003939668442
38469	0.01848028894
38470	3.54271742e-05
38471	0.0009353947852
38472	0.004665677312
38473	0.02636731209
38474	0.001343783737
38475	0.002535207591
38476	0.01460669583
38477	8.968468961e-05
38478	0.0006194029754
38479	0.001168355985
38480	0.0001541596491
38481	0.01113123112
38482	0.001217038846
38483	0.0009732089447
38484	0.006322840928
38485	0.001009480738
38486	0.001172233112
38487	0.002080337356
38488	0.004555253092
38489	0.001048130232
38490	0.006146814911
38491	0.003223165115
38492	0.007819114661
38493	0.02390311259
38494	0.01955319757
38495	0.008751839004
38496	0.001909722529
38497	0.02589317811
38498	0.002859322285
38499	0.0002174017808
38500	0.001813940989
38501	0.0008547095759
38502	0.0002870342652
38503	0.004749486164
38504	0.007559207723
38505	0.001150412207
38506	0.002681740749
38507	0.009519241957
38508	0.02868745754
38509	0.009931896622
38510	0.005838700888
38511	0.0001802577714
38512	0.002639534826
38513	0.001751889802
38514	0.004676858751
38515	0.001715766794
38516	0.001793637167
38517	0.001252100932
38518	0.002072943384
38519	0.009509524793
38520	0.004641226031
38521	0.001748646814
38522	0.0005446417372
38523	0.0009437492889
38524	0.001137026383
38525	0.0002520771476
38526	0.01175284211
38527	0.001988953935
38528	0.000248879677
38529	0.004326757838
38530	0.0003607252598
38531	0.004503566934
38532	0.000363957825
38533	0.001562930756
38534	0.0005286854171
38535	0.0009490365709
38536	0.01033363127
38537	0.001234683235
38538	0.0002902429363
38539	0.001867194211
38540	0.03030640051
38541	0.000875011723
38542	0.02116763506
38543	0.001784106031
38544	0.001679399874
38545	0.006771105804
38546	0.0001490652402
38547	0.001091465576
38548	0.001095563243
38549	0.002451742354
38550	0.004359129337
38551	0.003211825951
38552	0.0001651194981
38553	0.0007360898076
38554	0.008311404611
38555	0.009436807651
38556	0.01139072554
38557	0.001250979342
38558	0.008808002577
38559	3.816959499e-05
38560	0.0197544739
38561	0.006716108806
38562	0.01603235715
38563	0.006099183318
38564	0.003636048107
38565	0.02653277516
38566	0.0002311440331
38567	0.01373221483
38568	0.0009754472816
38569	0.001096642167
38570	0.005846974408
38571	0.003055539403
38572	0.01165699039
38573	0.0008638455529
38574	0.0005088095463
38575	0.00684881766
38576	0.006292317071
38577	0.01274381164
38578	0.002269918377
38579	0.01368377612
38580	0.001300067715
38581	0.0004346238159
38582	0.003584129692
38583	0.0161628253
38584	0.006019954257
38585	0.00693190582
38586	0.002859130789
38587	0.02777749541
38588	0.01146131251
38589	0.004349225066
38590	0.0007643656571
38591	0.0007122055754
38592	0.01398513748
38593	0.005592032799
38594	0.005059199173
38595	0.002686403049
38596	0.00198877328
38597	0.001740717931
38598	0.001064065784
38599	0.0120206558
38600	0.0002014360354
38601	0.002425939028
38602	0.001428227345
38603	0.0006823577432
38604	0.0001559643808
38605	0.0006585368365
38606	7.68638282e-05
38607	0.0006362544309
38608	0.008113773087
38609	0.001010672248
38610	0.001099220074
38611	0.0007182922658
38612	0.01908675734
38613	0.001745475945
38614	0.0001919307344
38615	0.009271371173
38616	0.006049400495
38617	0.001068949676
38618	0.006529917738
38619	0.004235361831
38620	0.009124778977
38621	0.0001196697827
38622	0.0001415851086
38623	0.0001179260252
38624	0.001368740305
38625	0.01511986039
38626	0.0004815503098
38627	0.001618624881
38628	0.01189700696
38629	0.00109255973
38630	0.000832943862
38631	0.01418935836
38632	0.009374896947
38633	0.0001378711361
38634	0.000286195967
38635	0.0006412591897
38636	0.001359215928
38637	0.0008871947662
38638	0.00121277923
38639	0.004478586589
38640	0.001738820803
38641	0.01427910963
38642	0.005851636133
38643	0.000871135092
38644	0.0005365137571
38645	0.01062069637
38646	0.0009348345214
38647	0.000591488684
38648	0.000872550114
38649	0.01119383927
38650	0.005778113505
38651	0.0007264763982
38652	0.001612419249
38653	0.001007237648
38654	0.01231956601
38655	0.007189091913
38656	0.000655307647
38657	0.001984475052
38658	0.0009006560552
38659	0.00267005907
38660	0.008492114878
38661	0.00157685872
38662	0.01593322714
38663	0.002794909861
38664	0.000945939463
38665	0.005477907205
38666	0.004801469372
38667	0.004278396906
38668	4.341289351e-05
38669	0.001523000362
38670	0.003108141308
38671	0.01456293605
38672	0.0004590937756
38673	0.002988320702
38674	6.644013932e-05
38675	0.001177215775
38676	0.01324823718
38677	0.0007490023889
38678	0.002927059132
38679	0.0005214905301
38680	0.007522523396
38681	0.005775516711
38682	0.01812501547
38683	0.003403394746
38684	0.01086045778
38685	0.004811182561
38686	0.001236155216
38687	0.003584550759
38688	0.0003734839
38689	0.005885729751
38690	0.0008922644831
38691	0.003052955979
38692	0.0006717901773
38693	0.005593147059
38694	0.000144892669
38695	0.0007292544041
38696	0.002242630389
38697	0.007591297342
38698	0.001422972418
38699	0.002117249905
38700	0.00230962859
38701	0.0002906166346
38702	0.01094001301
38703	0.003906734308
38704	0.001058925133
38705	0.001235103963
38706	0.004702316038
38707	0.00079663261
38708	0.000457276297
38709	0.002107586556
38710	0.0005912209169
38711	0.0007320397151
38712	0.0033846991
38713	0.01153032956
38714	0.000282491817
38715	0.000616681947
38716	0.001477731408
38717	0.000179208578
38718	0.001240356919
38719	0.001320864367
38720	0.01994054045
38721	0.01274888936
38722	0.01196366051
38723	0.0004670144883
38724	0.0001094200305
38725	0.007647043576
38726	6.329944956e-05
38727	0.004238452272
38728	0.002401294457
38729	0.0004702748057
38730	0.001522619756
38731	0.000598232324
38732	0.01066664642
38733	0.0005441134769
38734	0.001064459685
38735	0.00094799284
38736	0.00109809465
38737	0.004348922953
38738	0.006630491251
38739	0.01190018254
38740	0.000336035739
38741	0.0003631466217
38742	0.0008564329699
38743	0.0122041323
38744	0.001562040725
38745	0.001461258244
38746	0.0001745685621
38747	0.003310009735
38748	0.0001170630622
38749	0.0001879068949
38750	0.01199664488
38751	0.003826132093
38752	0.001147468775
38753	8.046695558e-05
38754	0.0006989310948
38755	0.008241339725
38756	0.001420306548
38757	0.001472146114
38758	0.0004913845176
38759	0.01554308589
38760	0.0008229144202
38761	0.006656779411
38762	0.0004790915597
38763	0.0002684275398
38764	0.0005564254781
38765	0.004450118227
38766	0.0004924666583
38767	0.01119690858
38768	0.01201440017
38769	0.000568889615
38770	0.0006006533589
38771	0.01368998992
38772	0.0009197751231
38773	0.009159086473
38774	0.0002957830089
38775	0.000514954626
38776	0.0006431881374
38777	0.001445067853
38778	0.007146675646
38779	0.001973109524
38780	0.00490702776
38781	0.006852919705
38782	0.0001735630629
38783	0.0007716564513
38784	0.001172130316
38785	0.001632742414
38786	0.0005310183946
38787	0.0007760867
38788	0.008685960013
38789	0.00160547755
38790	0.0003002280911
38791	0.01552125273
38792	0.001026471986
38793	0.002593104616
38794	0.0005197401764
38795	0.0007541105873
38796	0.0002171683897
38797	0.001170753466
38798	0.002348836437
38799	0.0001442207553
38800	0.002266802892
38801	0.0008240121701
38802	0.0005066418733
38803	0.0005727855539
38804	0.0009414815886
38805	0.0007816056908
38806	0.008059487602
38807	0.002393149705
38808	0.005418947386
38809	0.0006696757854
38810	0.002580241556
38811	0.001971215216
38812	0.001601329598
38813	0.0007852913193
38814	0.0008060166814
38815	0.0001156840174
38816	0.0138704035
38817	0.001708565547
38818	0.0006292842073
38819	0.00118200075
38820	4.142568017e-05
38821	0.0003821977099
38822	0.0008636582456
38823	0.002347800128
38824	0.003148794885
38825	0.003700002666
38826	0.006763862911
38827	0.008517596333
38828	0.0006572121401
38829	0.002575857178
38830	0.0001179934483
38831	0.009901530385
38832	0.001772763846
38833	0.0007563883688
38834	0.0009505811213
38835	0.0003912080934
38836	0.0008494165037
38837	0.005498765587
38838	0.01374079955
38839	0.0006343138582
38840	0.0001088409993
38841	0.001118649445
38842	0.0007081641485
38843	0.0003528680151
38844	0.00564920752
38845	0.01554400018
38846	0.009826706462
38847	0.001098860661
38848	0.002861409858
38849	0.001469875332
38850	0.01070555456
38851	9.544407909e-05
38852	0.001102964733
38853	0.0010127155
38854	0.001854974626
38855	0.005142372661
38856	0.007730904571
38857	0.007458431894
38858	0.001034557812
38859	0.001064887608
38860	0.001779143519
38861	0.003384518966
38862	0.0003277904294
38863	0.00149283305
38864	0.0009507276038
38865	0.00130037367
38866	0.0008530124914
38867	0.003402173654
38868	0.00839855781
38869	0.0001425964834
38870	0.0005317521446
38871	0.004007974263
38872	0.005582499287
38873	0.001653020655
38874	0.02044711471
38875	0.003607726058
38876	0.001624348509
38877	0.001808495233
38878	0.006112373941
38879	0.00190594203
38880	0.002065994387
38881	0.009664463749
38882	0.01103152534
38883	0.0001982070272
38884	0.01450503829
38885	0.0004154449437
38886	0.006364388535
38887	0.001289401601
38888	0.009819618049
38889	0.008444302289
38890	0.01463351818
38891	0.00264876499
38892	0.01632826489
38893	0.0002603593728
38894	0.008317212537
38895	0.0006904530271
38896	0.00041880648
38897	0.002076459089
38898	0.0001728395039
38899	4.621954403e-05
38900	7.199044508e-05
38901	0.006204571807
38902	0.006341434529
38903	0.004772027206
38904	0.001737182864
38905	0.001612904262
38906	0.003923819682
38907	0.0005064953074
38908	0.009487056935
38909	0.0006935773136
38910	0.004967683635
38911	0.0001696176599
38912	0.0002754492998
38913	0.004507388893
38914	0.01019410581
38915	0.001311626517
38916	0.003177489774
38917	0.002824490847
38918	0.0004220824454
38919	0.02437166214
38920	0.000450949757
38921	0.009822557071
38922	0.001474392007
38923	0.001423730168
38924	0.004482834017
38925	0.00299092471
38926	6.984444233e-05
38927	0.0005580202682
38928	0.003240755328
38929	0.0001985593968
38930	0.0004638712958
38931	0.002350773001
38932	0.0001186862751
38933	0.000149408923
38934	0.0002478817378
38935	0.003210627258
38936	0.01913956356
38937	0.002056896432
38938	0.01050905936
38939	0.01211530564
38940	0.0001853259286
38941	0.003481577521
38942	0.0008812451189
38943	0.0008219339932
38944	0.001831643364
38945	0.004798193321
38946	8.660891732e-05
38947	0.001812301003
38948	0.001176024016
38949	0.00106778236
38950	0.0005361831813
38951	0.0006251904331
38952	0.001010989242
38953	0.01009112567
38954	0.0004244929151
38955	0.001475205867
38956	0.003664871952
38957	0.00105876305
38958	0.001504506195
38959	0.02741370996
38960	0.000875187287
38961	0.001922558065
38962	0.0008907235562
38963	0.002075398073
38964	0.0005642002488
38965	0.005860376564
38966	0.001050444038
38967	0.001576072324
38968	8.057058518e-05
38969	0.02221626413
38970	0.005147830141
38971	0.000580405427
38972	0.002207189007
38973	0.001294369964
38974	0.002470827947
38975	0.006700110097
38976	0.002244734827
38977	0.006700396706
38978	0.0029600915
38979	0.0003113916924
38980	0.0005507061375
38981	0.003049473302
38982	0.002926983066
38983	0.0002634737557
38984	0.00183165522
38985	0.006328292974
38986	0.004981451475
38987	0.002867032206
38988	0.005911420049
38989	0.001577132493
38990	0.004556758032
38991	0.001790988926
38992	0.002448595192
38993	0.0008374479346
38994	0.0002890779111
38995	0.0012151951
38996	0.01067116369
38997	0.000143353544
38998	0.002337609834
38999	0.002911839955
39000	0.008565727375
39001	0.0153033286
39002	0.000938557415
39003	0.0006930943046
39004	0.005020024309
39005	8.03513083e-05
39006	0.004565309598
39007	0.002617975722
39008	0.004216633071
39009	0.001403351627
39010	0.0006030854783
39011	0.007716661996
39012	0.01064313527
39013	0.0001910076894
39014	0.0004428249473
39015	0.001330480492
39016	0.003883963419
39017	0.002055835561
39018	0.01536159277
39019	0.0004189543771
39020	0.01059937402
39021	0.01094154987
39022	0.004138733937
39023	0.004962576155
39024	0.003089612874
39025	0.003547125607
39026	0.0005864768038
39027	0.0008892205658
39028	0.001281288816
39029	0.0003185829236
39030	5.223207179e-05
39031	8.717385817e-05
39032	0.00998855635
39033	0.00113779045
39034	5.670153862e-05
39035	0.001111843748
39036	0.01603140566
39037	0.001692744665
39038	0.002039023405
39039	0.0004742046238
39040	0
39041	0.009104355673
39042	0.00969457831
39043	0.0002715342257
39044	0.0003966872502
39045	0.0003728751257
39046	0.003963970625
39047	0.003630122473
39048	0.006971321472
39049	0.003524628734
39050	0.0009819755839
39051	0.009326731967
39052	0.003145231096
39053	0.0003659388695
39054	0.01305646887
39055	0.006212987196
39056	0.001681404976
39057	0.01715197766
39058	6.548938288e-06
39059	0.0007783057615
39060	0.001845152784
39061	0.000510263184
39062	7.478384154e-05
39063	0.0003117301068
39064	0.0007489153897
39065	7.310775417e-05
39066	0.004409574066
39067	0.001524625355
39068	0.001401623857
39069	0.01077025899
39070	0.02066050138
39071	0.003954596399
39072	3.635439488e-05
39073	0.0009109214095
39074	0.002930537145
39075	0.002282100025
39076	0.0005762176936
39077	0.0007289622159
39078	0.004302160063
39079	0.00247303596
39080	0.003854186343
39081	0.00216763907
39082	0.00838843396
39083	0.0001834339877
39084	0.01095110635
39085	0.001441603401
39086	0.002093034574
39087	0.01060077985
39088	0.0009073045853
39089	0.008257596626
39090	0.00668822653
39091	0.0008114864352
39092	0.0001697277711
39093	0.00119692918
39094	0.001924348031
39095	0.0003246592091
39096	0.0117278628
39097	0.0001070057893
39098	0.0003645905547
39099	0.01120761797
39100	0.005965107697
39101	0.01581542846
39102	0.0008836368347
39103	3.950268438e-06
39104	0.00117499379
39105	0.0176958072
39106	0.0004100623033
39107	0.00105059006
39108	0.001528892257
39109	0.007762110484
39110	0.01284045358
39111	0.003554956324
39112	0.000884829396
39113	0.001252159852
39114	0.001224466691
39115	0.0009525227906
39116	0.0006334426638
39117	0.001481280574
39118	0.01788330963
39119	0.006406826564
39120	0.006151470234
39121	0.001074260892
39122	0.01066432737
39123	0.000241781374
39124	0.01451238141
39125	9.218774864e-05
39126	0.007227004767
39127	0.0001335667019
39128	0.0008235693697
39129	0.0007608197546
39130	0.004728970159
39131	0.0004230559766
39132	0.0009874121637
39133	0.01424230868
39134	0.001733848491
39135	0.006785245719
39136	0.001471117782
39137	0.001017415136
39138	0.0007741639086
39139	0.004630284185
39140	0.001304716902
39141	0.003595865331
39142	0.00965226551
39143	0.001930659209
39144	0.000483219948
39145	0.0126356675
39146	0.02138727012
39147	0.004144923382
39148	0.00226234255
39149	0.0004520520503
39150	0.004591147608
39151	0.0001875010591
39152	0.003232076958
39153	0.0006180074915
39154	0.001970012854
39155	0.003826900127
39156	0.0006319637801
39157	0.001039940974
39158	0.00171097729
39159	0.003322888183
39160	0.00193600472
39161	0.002505257455
39162	0.005598500534
39163	0.008515517997
39164	0.000256616816
39165	0.004906401734
39166	0.01327035612
39167	0.005723806837
39168	0.01206236991
39169	0.006215272089
39170	0.008488196032
39171	0.005203439688
39172	0.004055325703
39173	0.00965354564
39174	0.001334536379
39175	0.0009241890958
39176	0.01140963339
39177	0.002474274721
39178	0.0007114069115
39179	0.01088582976
39180	0.001363431686
39181	0.008488535366
39182	0.00097929754
39183	0.000735161952
39184	0.001876737899
39185	0.006740913055
39186	0.001127370988
39187	0.01533024965
39188	0.01758581898
39189	0.01964667511
39190	0.0006874274104
39191	0.02035406989
39192	0.007978793038
39193	0.002576815612
39194	0.01367565818
39195	0.0003846681637
39196	0.0007851551033
39197	0.005772866619
39198	0.004765971388
39199	0.00384047319
39200	0.0004446561449
39201	0.004688658395
39202	0.005194709947
39203	0.003439891923
39204	0.006680994348
39205	0.009825543712
39206	0.01141182565
39207	0.001584930894
39208	0.002060667406
39209	0.01124216783
39210	0.00267548696
39211	0.00153481501
39212	0.0001893682776
39213	0.001419774008
39214	0.008299133242
39215	0.004046881438
39216	0.007571613543
39217	0.00069077834
39218	0.0012581724
39219	0.000310660695
39220	0.003798534311
39221	0.000731935232
39222	0.006898970668
39223	0.0003217510323
39224	0.006974032075
39225	0.008940256253
39226	0.0005212526099
39227	0.005897086544
39228	0.001636623076
39229	0.0009468028835
39230	0.004796055758
39231	0.0005045900734
39232	0.005762519482
39233	0.004904136338
39234	0.004975583348
39235	0.001127094512
39236	0.000630297562
39237	0.0134034957
39238	0.0129718178
39239	0.006966552645
39240	0.0004945605538
39241	0.006726385083
39242	0.005220860348
39243	1.095218106e-05
39244	0.009329114992
39245	0.001994571337
39246	0.01070894436
39247	0.01572721152
39248	0.0008058011028
39249	0.009676557139
39250	0.004386520237
39251	0.004760642408
39252	0.0004016578616
39253	0.001886591289
39254	0.004299476606
39255	0.001208873979
39256	0.02030436419
39257	0.00103364355
39258	0.0008080902065
39259	0.002225092673
39260	0.006817579662
39261	0.008988102308
39262	0.00409102787
39263	0.0007580019781
39264	0.00165811291
39265	0.00139960706
39266	0.001851703263
39267	0.008853059475
39268	0.006704460373
39269	0.00157014596
39270	0.009713510837
39271	0.0001312563867
39272	0.004115768769
39273	0.0002040621635
39274	0.0003187338932
39275	0.008921831757
39276	0.001231161122
39277	0.005106096204
39278	0.004103567459
39279	0.0136386161
39280	0.00138762422
39281	0.001202246693
39282	0.0003090706915
39283	0.004993384377
39284	0.01198974537
39285	0.00310748
39286	0.002647105206
39287	0.0003240484821
39288	0.006631501073
39289	0.005861888468
39290	0.0008658660323
39291	0.005868973422
39292	0.0007651925034
39293	0.001560968126
39294	0.004213413386
39295	0.01041990153
39296	6.563385049e-07
39297	0.001137218993
39298	0.004181342889
39299	0.002669853562
39300	0.001227944096
39301	0.009591094292
39302	0.0002620427081
39303	0.005436203535
39304	0.0006370532954
39305	0.02486254208
39306	0.003184498834
39307	0.006901375338
39308	0.002502410625
39309	0.004400623126
39310	0.01157471342
39311	0.004698588162
39312	0.00032584694
39313	0.0008634210229
39314	0.0009514846263
39315	0.001833464656
39316	0.001160770067
39317	0.006143380405
39318	0.00224675903
39319	0.005869073851
39320	0.0003495330024
39321	0.01318235176
39322	0.001781244269
39323	0.003423307395
39324	0.001383805839
39325	1.343722251e-05
39326	0.0005194356948
39327	0.003822557783
39328	0.0008058296768
39329	0.0006345352378
39330	0.001674799257
39331	0.001839428304
39332	0.00683128921
39333	0.003152999977
39334	0.00116147375
39335	0.0002011104383
39336	0.003311442416
39337	0.004745411632
39338	0.0003810865597
39339	0.0004680920369
39340	0.00442137461
39341	0.007405653728
39342	0.006238751921
39343	0.00149140353
39344	0.002468009881
39345	0.004810865546
39346	0.01224148478
39347	0.000919596765
39348	0.0122505083
39349	0.001784378084
39350	0.002953304874
39351	0.003036102017
39352	0.002166158061
39353	0.002649264297
39354	0.01382487147
39355	0.002656301392
39356	0.006100536638
39357	0.009222146207
39358	0.01558848478
39359	0.001533143072
39360	0.0128093051
39361	0.007811587556
39362	0.004913719383
39363	0.005300815592
39364	0.005875907768
39365	0.0005378075813
39366	0.001086282622
39367	0.01010263076
39368	0.001910237756
39369	0.002243376706
39370	0.0006193414687
39371	0.002807036351
39372	0.001289876023
39373	0.0007686827972
39374	0.007874394418
39375	0.009927591667
39376	0.001333413096
39377	0.003199431588
39378	0.004616682422
39379	0.0006457412335
39380	0.004076595423
39381	0.004084082405
39382	0.007295404355
39383	0.0006083235243
39384	0.000250767705
39385	0.01142683899
39386	2.557935506e-05
39387	0.004244250279
39388	0.0008062251072
39389	0.0002108470202
39390	9.650707501e-05
39391	0.0007672493545
39392	0.01187867455
39393	0.0009208028218
39394	0.0003036693999
39395	0.001855912507
39396	0.0004120308671
39397	0.008931020328
39398	0.001967779321
39399	0.01442127411
39400	0.01073324225
39401	0.007656317455
39402	0.02576415431
39403	0.001512306702
39404	0.001152137412
39405	0.003914616191
39406	0.005801677189
39407	0.006381001532
39408	0.001008117612
39409	0.003588354387
39410	0.0009233257127
39411	0.000444915812
39412	0.001217977587
39413	0.005564677267
39414	0.001345502975
39415	0.002688889419
39416	0.002823457429
39417	0.0002752657581
39418	0.009541969798
39419	0.003721118068
39420	0.0007415236315
39421	0.001296505343
39422	0.001601432595
39423	0.003070218402
39424	0.006971823332
39425	0.01056755023
39426	0.008929066586
39427	0.002321676261
39428	0.00729982356
39429	0.001942006591
39430	0.0003376306917
39431	0.0003433838455
39432	2.862623021e-06
39433	0.005499069939
39434	0.001479378741
39435	0.02116015575
39436	0.02276558326
39437	2.885958469e-05
39438	0.01136191412
39439	4.505338048e-05
39440	0.00546524721
39441	0.008281490728
39442	0.00146554839
39443	0.000609957088
39444	0.004398159521
39445	0.0009905498663
39446	0.0004329604901
39447	0.003710500343
39448	0.0009585980134
39449	0.003606226134
39450	0.01174151331
39451	0.0006050202757
39452	0.0009923627542
39453	0.001586938878
39454	0.0003930869784
39455	0.01169713109
39456	0.005524371433
39457	0.001291000255
39458	0.01133744372
39459	0.002699177546
39460	0.006753772924
39461	0.0003411756874
39462	0.01181808314
39463	0.002523497424
39464	0.001835571051
39465	0.01065567657
39466	0.0009198091732
39467	0.0003084439913
39468	0.00825879913
39469	0.01376454941
39470	0.00110082972
39471	0.02564341679
39472	0.002988735596
39473	0.005337276395
39474	0.01229945895
39475	0.009912829697
39476	0.008938851548
39477	0.002467914761
39478	0.001434664177
39479	0.001581221613
39480	0.0006438630105
39481	0.00122650279
39482	0.009966394907
39483	0.002657884091
39484	0.0002838041075
39485	0.001270200799
39486	0.0005111231267
39487	0.002756196549
39488	0.0009595986186
39489	0.000951861876
39490	0.002404547411
39491	0.001505771687
39492	0.000971892315
39493	0.004833576996
39494	0.01052596323
39495	0.002581510921
39496	0.0015935283
39497	0.002190962309
39498	0.008133735944
39499	0.003534354832
39500	0.001018783936
39501	0.003178753458
39502	0.005709742584
39503	0.002124083271
39504	0.001412598602
39505	0.02052719272
39506	0.001287175357
39507	0.005050257277
39508	0.00177364674
39509	0.001228140616
39510	0.0006254079476
39511	0.01948292378
39512	0.001276728222
39513	0.006274342368
39514	0.002078810992
39515	0.006782398478
39516	8.216509312e-05
39517	0.002281607573
39518	0.008212996691
39519	0.0009101706335
39520	2.962960894e-05
39521	0.009117828271
39522	0.0007682268753
39523	0.001005312955
39524	0.004218547412
39525	0.0003998239447
39526	0.004550494705
39527	0.00622547201
39528	0.001727118853
39529	0.008807876175
39530	0.006542057819
39531	0.01250847242
39532	0.0003640089228
39533	0.0007891151644
39534	0.001993269311
39535	0.005171372474
39536	0.007734483517
39537	0.003345810821
39538	0.005340777773
39539	0.002044849475
39540	0.006832989692
39541	0.002281410769
39542	0.0002763185937
39543	0.003102139901
39544	0.002839799009
39545	0.005778089193
39546	0.0005986834677
39547	0.002667984578
39548	0.001800321096
39549	0.0001522460544
39550	0.009041637378
39551	0.003723509345
39552	0.005170196405
39553	0.0002623113739
39554	0.01413816861
39555	0.0003564221309
39556	1.512536116e-05
39557	0.003185651283
39558	0.006510539812
39559	0.008643325951
39560	0.005679270453
39561	0.01469301326
39562	0.01120865644
39563	4.824546787e-05
39564	0.001325597921
39565	0.004963245216
39566	0.003483571613
39567	0.0001293731736
39568	0.0004634567137
39569	0.0005976179674
39570	0.001515949866
39571	0.002564874127
39572	0.01358822719
39573	0.0007061234484
39574	0.0009004502296
39575	0.003018037041
39576	0.01648742699
39577	0.001613727787
39578	0.01044924733
39579	0.0046673272
39580	0.001026205613
39581	0.007543783283
39582	0.003631435551
39583	0.001533500554
39584	0.0234669919
39585	0.0008233635972
39586	0.01730975673
39587	0.001329412661
39588	0.00869361397
39589	0.01433589939
39590	0.0002426521164
39591	0.007553725881
39592	0.007742817819
39593	7.950408992e-05
39594	0.0009762472585
39595	0.004105100592
39596	0.0009916250505
39597	0.004047582021
39598	0.006984361948
39599	0.007915480503
39600	0.009937232444
39601	8.841794929e-05
39602	0.001278930951
39603	0.0009668807835
39604	0.0003651040771
39605	0.003991209263
39606	0.004376975492
39607	6.834994982e-05
39608	0.00101126961
39609	0.001196960841
39610	0.006781984395
39611	0.001619104975
39612	0.001215879404
39613	0.0003560869671
39614	0.01557951197
39615	0.009178604529
39616	0.008171786952
39617	0.006201864174
39618	0.001199078092
39619	0.01013861228
39620	0.003318015605
39621	0.0005636796899
39622	0.000144718555
39623	0.004648803164
39624	0.001042783387
39625	0.002090877968
39626	0.007983472581
39627	0.00255553367
39628	0.003680468976
39629	8.842214848e-05
39630	0.02016470701
39631	0.007249932451
39632	0.003508668021
39633	0.00471456595
39634	0.01083664327
39635	0.0001306897698
39636	0.003160693562
39637	0.0009526693021
39638	0.01102757359
39639	0.0004988075598
39640	0.01244067011
39641	0.02058972119
39642	0.003243754386
39643	0.002850104651
39644	0.0004108854043
39645	0.0011672484
39646	0.006832127409
39647	0.00351946501
39648	0.000578550346
39649	0.0006301504631
39650	0.0008028677342
39651	0.0002440551416
39652	0.0006328402487
39653	0.01399387972
39654	0.005648028559
39655	0.0003302615025
39656	0.0005372785533
39657	0.01020975212
39658	0.0008201445272
39659	0.004579177531
39660	0.000512999251
39661	0.0001439227525
39662	0.0001242984318
39663	0.01836094681
39664	0.0008640290375
39665	0.001835630289
39666	0.0006121683905
39667	0.000384685557
39668	0.0002169921503
39669	0.0006481637252
39670	0.001316040697
39671	0.0001558607186
39672	0.001521836101
39673	0.005535470393
39674	0.01401106786
39675	0.01086677514
39676	0.005295500399
39677	0.01230397457
39678	0.0008892591173
39679	0.0001430482737
39680	0.002709063134
39681	0.0001665635328
39682	0.004452708842
39683	0.02394918879
39684	0.007461796677
39685	0.001005538107
39686	0.005658699901
39687	0.009482439888
39688	0.0002086307793
39689	0.003565664113
39690	0.009014534278
39691	0.004392250233
39692	0.015487771
39693	0.003921715276
39694	0.0008755225728
39695	0.0005858651664
39696	0.005569203057
39697	0.001634761371
39698	0.004133334071
39699	0.0005417569742
39700	0.00123011158
39701	0.003178073931
39702	0.0007763880846
39703	0.007100006806
39704	0.002869483377
39705	0.021208148
39706	0.005748878992
39707	0.00145128629
39708	0.0004848827925
39709	0.01864594644
39710	0.0002100630837
39711	0.009602526314
39712	0.0009750551793
39713	0.0006498906364
39714	0.003805894056
39715	0.001431138674
39716	0.000555426544
39717	0.006574687277
39718	0.001258944719
39719	0.004219150648
39720	0.008978328695
39721	0.003024843508
39722	0.0002747209948
39723	0.008345160514
39724	0.001277730202
39725	0.0005440674184
39726	0.0004395089193
39727	0.0003915194546
39728	0.0009814863194
39729	0.00248396901
39730	0.002517003537
39731	0.0007234794918
39732	0.00597296387
39733	0.0001241500415
39734	0.0005446788331
39735	0.003471075477
39736	0.001968945785
39737	0.0005520858327
39738	0.005720858485
39739	0.01524250172
39740	0.009984422365
39741	0.003573034256
39742	0.0004034223571
39743	0.0001537386752
39744	0.003956290415
39745	0.002094477904
39746	0.001300546818
39747	0.001488067605
39748	0.01123684734
39749	0.00227093305
39750	0.0001472189342
39751	0.005386745857
39752	0.01064846745
39753	0.0002007297843
39754	0.003207623085
39755	0.008738544683
39756	0.006406554541
39757	2.742916818e-05
39758	0.01066198075
39759	0.002981505007
39760	0.01384974551
39761	0.01035547383
39762	0.004672614099
39763	0.001673787461
39764	0.0026243967
39765	0.001761405535
39766	0.00756911939
39767	0.00345341166
39768	0.004994309821
39769	0.01923503833
39770	0.01426109034
39771	0.0008256769461
39772	0.005161341077
39773	0.0009379968881
39774	0.0003271752178
39775	0.0005166827525
39776	0.003965840767
39777	0.0002554059792
39778	0.0001526687657
39779	0.0005026926575
39780	0.0009293432803
39781	0.00161880852
39782	0.00101558945
39783	0.001708593903
39784	0.0001854023081
39785	0.0003510175085
39786	0.0002091766434
39787	0.0001100625607
39788	0.0116841624
39789	0.0002332882706
39790	0.003169597193
39791	0.001849340179
39792	0.01132304477
39793	5.272777804e-05
39794	0.005517254255
39795	0.01104628731
39796	0.008459294065
39797	0.00255498162
39798	0.001742769392
39799	0.007360912041
39800	0.0004711582252
39801	0.002784832794
39802	0.004466608337
39803	0.005754331414
39804	0.0005060913836
39805	0.01644685266
39806	0.0003137697269
39807	0.001860660292
39808	0.00492662063
39809	0.000373549416
39810	0.005694089774
39811	0.009681233358
39812	0.005258994462
39813	0.0007694737587
39814	0.01587140398
39815	0.0002683105042
39816	0.002737156971
39817	0.006100020597
39818	0.001766260338
39819	0.005513937456
39820	0.001445682001
39821	0.01252576921
39822	0.005007179145
39823	0.0002706762232
39824	0.004053811637
39825	0.001664972236
39826	0.002638735701
39827	1.663275737e-05
39828	0.0008888729686
39829	0.000634270632
39830	0.002795268656
39831	0.001961741493
39832	0.004251598665
39833	0.0004433943238
39834	0.001397760443
39835	0.001199261471
39836	0.0001929888868
39837	0.002576587537
39838	0.009504333614
39839	0.0005943962862
39840	0.0001281083288
39841	0.002927462243
39842	0.007156480668
39843	0.0005464167414
39844	0.001941755579
39845	0.0001257677835
39846	0.0003009437064
39847	0.01003345137
39848	0.00228921619
39849	0.0004701411541
39850	0.004859025502
39851	0.00372191831
39852	0.01539576986
39853	0.005728724293
39854	0.0008163684947
39855	0.005019017705
39856	0.002932512893
39857	0.004997857903
39858	0.0001090154224
39859	0.003745402236
39860	0.0004649530821
39861	0.01117307211
39862	0.01310883907
39863	0.01577303945
39864	0.005267642625
39865	0.009439367263
39866	0.003299691424
39867	0.008680356308
39868	0.0005421757698
39869	0.001194950432
39870	0.0009913076227
39871	1.698489807e-05
39872	0.003618965758
39873	0.0115375048
39874	0.001116605887
39875	0.01175496088
39876	0.0007471740911
39877	0.001622157484
39878	0.006537659351
39879	0.002308040354
39880	0.002307943994
39881	0.007758104929
39882	0.006362258864
39883	0.004154643413
39884	0.005139378515
39885	0.001297434101
39886	0.00134594958
39887	7.755376371e-05
39888	0.01044760542
39889	0.005815493727
39890	0.0004559272263
39891	0.001721743607
39892	0.0001156378054
39893	0.004003306173
39894	0.0007568843229
39895	0.01340860453
39896	0.003175488619
39897	0.0008603712083
39898	0.003353824379
39899	0.001197949278
39900	0.003016972861
39901	0.002045495041
39902	0.001351443664
39903	0.004474094815
39904	0.0002318634487
39905	0.009408189186
39906	0.00144837572
39907	0.003713486639
39908	0.002516004044
39909	0.01737921294
39910	0.003893778214
39911	0.009336638174
39912	0.0004635726426
39913	0.004656441877
39914	0.01417955317
39915	0.001793300006
39916	0.000275521729
39917	0.004814438338
39918	0.00559181429
39919	0.001570452913
39920	0.001690925087
39921	0.009994184565
39922	0.001973757917
39923	0.002918393791
39924	0.0003207245056
39925	0.004921187255
39926	0.0009150599325
39927	0.001950584246
39928	0.02595293544
39929	0.0002834085965
39930	0.001021275653
39931	0.002989321456
39932	0.01730259156
39933	0.005683421018
39934	0.001081716976
39935	0.008050304737
39936	0.007383152155
39937	0.01100913762
39938	0.002271625948
39939	0.00106579923
39940	0.001634661907
39941	0.0002324577831
39942	0.006656950997
39943	0.02633376491
39944	0.0002050357897
39945	4.127437203e-05
39946	0.0001501724123
39947	0.007130458759
39948	0.00112739521
39949	0.01492040847
39950	0.01652576671
39951	0.0003939178376
39952	0.0005534479758
39953	0.00990654861
39954	0.01318178551
39955	0.001183817519
39956	0.008088038807
39957	0.008358940588
39958	0.0001439984098
39959	0.004834900178
39960	0.0008249401508
39961	0.0008983128519
39962	0.007649930618
39963	0.008965971937
39964	0.001362815095
39965	0.003388285032
39966	0.0002496004876
39967	0.0004807237133
39968	0.01165023619
39969	0.004458048877
39970	0.0004444628054
39971	0.0002588881833
39972	0.00228987544
39973	0.0003284946706
39974	0.001692986391
39975	0.0114245564
39976	3.985477342e-05
39977	0.00182113242
39978	0.004197477141
39979	0.001365855575
39980	0.003378299398
39981	0.002315275232
39982	0.001204834214
39983	0.000208296926
39984	0.01043480573
39985	0.006505771773
39986	0.006732686468
39987	0.003153398998
39988	0.0005326433427
39989	0.007160599233
39990	0.0004762517671
39991	0.002521463779
39992	0.0009378359391
39993	0.005553674812
39994	0.01045245409
39995	0.006107365586
39996	0.001658676386
39997	0.01784623417
39998	0.0008198624558
39999	0.000519760468
40000	0.001704061931
40001	0.01099789439
40002	0.004027862358
40003	0.008125774744
40004	0.002611016936
40005	0.01256426379
40006	0.0004866607349
40007	0.001630978082
40008	0.0003348374048
40009	0.002062452654
40010	0.006001403498
40011	0.0003141029455
40012	0.001510324794
40013	0.01026469752
40014	0.006399510781
40015	0.005691657305
40016	0.01797560404
40017	0.004211038398
40018	0.003844774851
40019	0.0009914892782
40020	0.001256615005
40021	0.003392355169
40022	0.009999010153
40023	0.003626860703
40024	0.01479914772
40025	0.005975019075
40026	0.005634647817
40027	0.003908758198
40028	0.004771275132
40029	0.01168096173
40030	0.003867340719
40031	0.004786045537
40032	0.01033061496
40033	0.001158975969
40034	0.001064034742
40035	0.01098271997
40036	0.0006148560447
40037	0.0114020425
40038	0.005378616335
40039	0.009568349868
40040	0.009640969896
40041	0.000434649752
40042	0.002886988875
40043	0.0004262909708
40044	0.0007151663012
40045	0.001404461006
40046	0.007865355743
40047	0.0001010081308
40048	0.02093378462
40049	0.0002980956129
40050	0.0002690589838
40051	0.00295141907
40052	0.0004049081244
40053	0.0007470072376
40054	0.002112097638
40055	0.004733189832
40056	0.0002215355594
40057	0.003386905878
40058	0.006443160132
40059	0.006004275802
40060	0.00491640803
40061	0.001137801784
40062	0.0003084145893
40063	0.0001028738532
40064	0.003083462299
40065	0.0003293641043
40066	0.0003044316604
40067	0.003869103265
40068	0.01084556391
40069	0.00280677671
40070	0.007456981525
40071	0.00423747159
40072	0.007312467879
40073	0.007874989026
40074	0.00526789656
40075	0.007198374938
40076	0.01547407858
40077	0.002586345454
40078	0.004114206015
40079	0.000409561259
40080	0.001152056097
40081	0.002038195359
40082	0.0005081304957
40083	0.002686823066
40084	0.004624142613
40085	0.0003570631305
40086	0.001690227566
40087	0.005122856705
40088	0.004483396025
40089	0.0006207054258
40090	6.351007849e-05
40091	0.0007305649454
40092	0.0006075136053
40093	0.01057579852
40094	0.0006776631002
40095	0.0008490345604
40096	0.0003584309971
40097	0.001001763417
40098	0.001590908172
40099	0.002488670667
40100	0.01233016163
40101	0.003550653277
40102	0.008360492497
40103	0.0008326029735
40104	0.005011392878
40105	0.01407561157
40106	0.005006982792
40107	0.009626247455
40108	0.001220264831
40109	8.121038628e-05
40110	0.001380000147
40111	0.0004703236986
40112	0.0004287704181
40113	0.01061939974
40114	0.005599714723
40115	0.0002280959653
40116	0.0005261667454
40117	0.0001346890612
40118	0.0005597087073
40119	0.001232051713
40120	0.0005731913714
40121	0.0006272115061
40122	0.001914008949
40123	0.0008213895779
40124	0.0004743309386
40125	0.004248438727
40126	0.0001716270088
40127	0.005913372916
40128	0.002295995546
40129	0.01136266532
40130	0.001301052371
40131	0.005072956661
40132	0.0007611591112
40133	0.008906846546
40134	0.005543706012
40135	0.004627791905
40136	0.007788376406
40137	0.005245562166
40138	0.001432694316
40139	0.0006098302211
40140	0.001145469413
40141	0.006434395923
40142	0.001231612833
40143	0.0002867094444
40144	0.002158075656
40145	0.004495985778
40146	0.002946163126
40147	0.001129527337
40148	0.009502641581
40149	0.0009865175788
40150	9.512707419e-06
40151	0.0008118023958
40152	0.01039198197
40153	0.0002637785775
40154	0.0003909987107
40155	1.555697395e-05
40156	0.004392224104
40157	0.001211818417
40158	0.0008625075665
40159	0.0005409699121
40160	0.004894566279
40161	0.008460662505
40162	0.001634383893
40163	0.000173922698
40164	0.004324386362
40165	0.002525727844
40166	0.005480673603
40167	0.005810840456
40168	0.0007258718539
40169	0.002810993997
40170	0.003527325683
40171	0.001505118201
40172	0.005683068809
40173	0.0001611600865
40174	0.007674611233
40175	0.0001707574294
40176	0.001781989149
40177	0.0002700318439
40178	0.0001261075027
40179	0.0001909843987
40180	0.009256836353
40181	0.001946312061
40182	0.00354169166
40183	0.002502819253
40184	0.006498378263
40185	0.007194322978
40186	0.002178978902
40187	0.01872792728
40188	0.02162832763
40189	0.0005409686823
40190	0.01081107747
40191	0.001179667488
40192	2.961060732e-05
40193	0.0004835331022
40194	0.02739759596
40195	0.005529382317
40196	0.006011492756
40197	0.005939466814
40198	0.0004569968644
40199	0.001756826175
40200	0.001689354862
40201	0.002684921002
40202	0.003409409379
40203	0.0005974513095
40204	0.00544342066
40205	0.0004849433622
40206	0.001216380114
40207	0.01613166388
40208	0.007827617553
40209	0.003131685343
40210	0.003039408844
40211	0.004479777381
40212	0.005536290839
40213	0.0002939733964
40214	0.004503841237
40215	0.001071587312
40216	0.02241245467
40217	0.02694380088
40218	0.009832840359
40219	0.0005662267678
40220	0.002071012256
40221	0.002298574026
40222	0.003061260152
40223	0.001392643113
40224	0.00468332691
40225	0.004291341976
40226	0.01090726312
40227	0.006466491867
40228	0.004832417145
40229	0.008200709491
40230	0.002240459437
40231	0.002187137537
40232	0.005318912508
40233	0.005798375008
40234	0.02244142621
40235	0.0008312170809
40236	0.01658409026
40237	0.01305625386
40238	0.001523541884
40239	0.01258165593
40240	0.01076646301
40241	0.01290668047
40242	0.008796833957
40243	0.0005081354896
40244	0.0009846519358
40245	0.0002655690292
40246	0.003943702776
40247	0.007032209861
40248	0.0009281508441
40249	0.0001575672941
40250	0.000989549865
40251	0.0003858457246
40252	0.001042171065
40253	0.03079669151
40254	0.00275955206
40255	0.01514702902
40256	0.017293413
40257	0.006316907774
40258	0.0015733705
40259	0.006539736315
40260	0.01796005636
40261	0.0002038389914
40262	0.002827219267
40263	0.002686962233
40264	0.00592192429
40265	0.003333978745
40266	0.01747000073
40267	0.0003506501256
40268	0.01107412049
40269	0.001051737559
40270	0.0001860202381
40271	0.002030435984
40272	0.003039134185
40273	0.0001459042882
40274	0.001596060873
40275	0.000693861698
40276	0.003915890795
40277	0.001376612698
40278	5.876741922e-05
40279	0.001238699503
40280	0.0006345694709
40281	7.839240438e-05
40282	0.002889297196
40283	0.003290269491
40284	0.01082890763
40285	0.01415152851
40286	0.01070927551
40287	0.0007504996939
40288	0.003337405428
40289	0.02280562304
40290	0.002452784524
40291	0.009078246127
40292	0.007641246603
40293	0.0003726312754
40294	0.0001058210014
40295	0.004820784801
40296	0.00787926974
40297	0.0002599545646
40298	0.0003276068728
40299	0.02005019503
40300	0.005479890052
40301	0.005665190331
40302	0.009832555257
40303	0.01685372264
40304	0.005823771234
40305	0.001923238093
40306	0.001836502269
40307	0.0007946148347
40308	0.002512126991
40309	0.000688789194
40310	0.001270951114
40311	0.001396921115
40312	0.000822637704
40313	0.0008464091646
40314	0.0006162236321
40315	0.000880330026
40316	0.004748534389
40317	0.001006615242
40318	2.600553063e-05
40319	0.008633010317
40320	0.00538415874
40321	0.008015202977
40322	0.005028009383
40323	0.00280356298
40324	0.001000572555
40325	0.0003811501318
40326	0.0003457123141
40327	0.0009732621405
40328	0.03145407046
40329	0.00598040413
40330	0.001424650083
40331	0.02177375871
40332	4.122975237e-05
40333	0.0006292190921
40334	0.002860314048
40335	0.002834967227
40336	0.003069956562
40337	0.0005815750923
40338	0.001866145193
40339	0.0003736500654
40340	0.003441213473
40341	0.007859461176
40342	0.006780291768
40343	0.0002429411742
40344	0.009878246406
40345	0.002028832685
40346	0.01720582981
40347	0.001663267916
40348	0.01047167532
40349	0.0002179735507
40350	0.0002242397653
40351	0.002980419091
40352	0.007293150947
40353	0.0001219243731
40354	0.001212947253
40355	0.01510675281
40356	0.01607345254
40357	0.002919557997
40358	0.007629989324
40359	0.001467118139
40360	0.0009961557849
40361	0.003736058821
40362	0.004980866139
40363	0.0003300929467
40364	0.001487996747
40365	0.003163375324
40366	0.0009548853859
40367	0.01570198359
40368	0.00274763645
40369	0.004126582072
40370	0.0005981565437
40371	0.002004506301
40372	0.001081789318
40373	0.004319256549
40374	0.00107016973
40375	0.006613341215
40376	0.01496198469
40377	0.008288263282
40378	0.0008876624425
40379	0.004806823766
40380	0.001179402811
40381	0.01388288576
40382	0.01362853824
40383	0.0005829308402
40384	0.004400121746
40385	0.001617717105
40386	0.001705306755
40387	0.0009109757469
40388	0.005318180859
40389	0.0004719427005
40390	0.006486358627
40391	0.0005746478676
40392	0.001002672761
40393	0.0004670295014
40394	0.004146000992
40395	0.006616785456
40396	0.01947445892
40397	0.01638733262
40398	0.008180289125
40399	0.02171718437
40400	0.003395372375
40401	0.008613715812
40402	0.01066300314
40403	0.0005628733399
40404	1.806457806e-05
40405	0.002666041836
40406	0.007247267804
40407	0.0101249504
40408	0.001822514763
40409	0.002722214621
40410	0.004662234348
40411	0.005766567467
40412	0.006957862111
40413	0.001435543151
40414	0.004641695549
40415	0.002657964082
40416	0.00511099981
40417	0.009835683551
40418	0.007614932306
40419	0.01433787601
40420	0.002712235432
40421	0.00297025548
40422	0.01487204966
40423	0.003912302467
40424	0.0006678613693
40425	0.002777544531
40426	0.005606534558
40427	0.0002999288809
40428	0.002561231798
40429	0.01756244135
40430	0.001108433248
40431	0.01483914857
40432	0.002968034505
40433	0.001733622445
40434	0.0009565122788
40435	0.01392198169
40436	0.0007033003614
40437	0.0009833577504
40438	0.009532271077
40439	0.02874899921
40440	0.007811061234
40441	0.004828227264
40442	0.007329663914
40443	0.01203713078
40444	0.008085752783
40445	0.002502740496
40446	0.002514406056
40447	0.0003469681083
40448	0.008440893226
40449	0.001566094656
40450	0.007743703449
40451	0.005505361204
40452	0.001450320235
40453	0.009927699278
40454	0.002290515276
40455	0.0004001596596
40456	0.009470373823
40457	0.01028363383
40458	0.005654641976
40459	0.008557801078
40460	0.01119230254
40461	0.01047102888
40462	0.009058362074
40463	0.01069236913
40464	0.001411546578
40465	0.0219057581
40466	0.001167857177
40467	0.006529289556
40468	0.00504046542
40469	0.003964934218
40470	0.009236887359
40471	0.00314523516
40472	0.001478609036
40473	0.003721321849
40474	0.003718725507
40475	0.008906820936
40476	0.0002926724926
40477	0.0009529581666
40478	0.005516965197
40479	0.00919830712
40480	0.003733565957
40481	0.005840309206
40482	0.00299142357
40483	0.0007207704542
40484	0.001596960022
40485	0.001955850007
40486	0.01763681523
40487	0.0002363008854
40488	0.004299085217
40489	0.0003252508696
40490	0.002895900717
40491	0.0008673799581
40492	0.0006887021296
40493	0.0003168772927
40494	0.002758306029
40495	0.006583321343
40496	0.01392310565
40497	0.006073021726
40498	0.003431540579
40499	0.004843613596
40500	0.002249012923
40501	0.001236198366
40502	0.003338142547
40503	1.101034669e-05
40504	0.008792376548
40505	0.0005487506572
40506	0.003509843825
40507	0.001984578066
40508	0.002192962277
40509	0.01038402539
40510	0.0005561469551
40511	8.481563425e-05
40512	0.0009111543276
40513	0.01175191892
40514	0.01371693865
40515	0.00373223138
40516	0.007370497982
40517	0.00482675485
40518	0.00296100912
40519	0.001179833451
40520	0.004772252972
40521	0.01085293563
40522	0.01758650299
40523	0.000845168607
40524	0.002685634405
40525	0.01856570859
40526	0.00317839239
40527	0.00119925632
40528	0.002231809388
40529	0.002690191906
40530	0.001121271043
40531	0.009918070839
40532	0.003093202165
40533	0.005057231952
40534	0.001738461415
40535	0.006496741541
40536	0.0001469326091
40537	0.0009226601687
40538	0.01510915894
40539	0.005222064091
40540	0.0006552100207
40541	0.004725211663
40542	0.00217757362
40543	0.0002759601965
40544	0.0008021863114
40545	0.001646187319
40546	0.007022191919
40547	0.02395141694
40548	0.004345190886
40549	0.01944567618
40550	0.01043120779
40551	0.01308798034
40552	0.002378398571
40553	0.01366925238
40554	0.009601677771
40555	0.01335874568
40556	0.00803017113
40557	0.004618401554
40558	0.002263600467
40559	0.01821948183
40560	0.01418149927
40561	0.006281667169
40562	0.000634789355
40563	0.00206051716
40564	0.001504074401
40565	0.005767291423
40566	0.0009466570927
40567	0.006943896633
40568	0.0001400003758
40569	0.005762176337
40570	0.007443761186
40571	0.0007925891559
40572	0.005247330811
40573	0.0004419696588
40574	0.004144785512
40575	0.001979888693
40576	0.001825600752
40577	8.696635948e-06
40578	0.002440395994
40579	0.002574582657
40580	0.01254685029
40581	3.984433409e-05
40582	0.0001487735584
40583	0.001093557127
40584	0.0009747568423
40585	0.0002557614269
40586	0.00218731929
40587	0.006586756001
40588	0.003307832281
40589	0.02205662202
40590	0.0108476279
40591	0.005142181487
40592	0.003303708361
40593	0.001704951163
40594	0.001646716721
40595	3.253442853e-05
40596	0.0008239802195
40597	0.0002492693978
40598	0.002426312564
40599	0.01364290901
40600	0.001205568214
40601	0.01041977384
40602	0.01123603641
40603	0.001515850778
40604	0.0006512485817
40605	0.0006124593194
40606	0.0006599736772
40607	0.001601625389
40608	0.006427106534
40609	0.008048578477
40610	0.002768355712
40611	0.01259690002
40612	0.005699614567
40613	0.01047475878
40614	0.001674294484
40615	0.002260572044
40616	0.001544945059
40617	0.004175474409
40618	8.377385939e-05
40619	0.007472944441
40620	0.004969913855
40621	0.0001155927489
40622	0.008352920987
40623	0.007327007404
40624	0.005398600949
40625	0.0001424655075
40626	5.611978385e-05
40627	0.0001884460643
40628	0.01269003147
40629	0.0003863391973
40630	0.0005120040753
40631	0.00964894914
40632	0.000520708193
40633	0.0007414690941
40634	0.00300770264
40635	0.008143270247
40636	0.002455142669
40637	0.005505993071
40638	0.001153258394
40639	0.003901437563
40640	0.008927497691
40641	0.007448332022
40642	0.008494881303
40643	0.009659054848
40644	0.002801677869
40645	0.005140235502
40646	0.003735888202
40647	0.003480769948
40648	0.001813030521
40649	0.002952637944
40650	0.008265428781
40651	0.006361292676
40652	0.001134713786
40653	0.01459796277
40654	0.0003861547772
40655	0.0004517133191
40656	0.000205111821
40657	0.002466078736
40658	0.005194066371
40659	0.008303361108
40660	0.001786356389
40661	0.007412455761
40662	0.0001140621702
40663	0.008899070007
40664	0.01139231602
40665	0.0003135609235
40666	0.006523163528
40667	0.006084342679
40668	0.000930886394
40669	0.0128395937
40670	0
40671	0.005520273723
40672	0.004458071874
40673	0.001175987118
40674	0.005028674076
40675	0.005354310375
40676	0.004447532533
40677	0.009666366304
40678	0.0110398467
40679	0.0007762709274
40680	0.01163226285
40681	0.001795988197
40682	0.001259966825
40683	0.0006918380304
40684	0.00787953455
40685	0.0002216590039
40686	0.003204572066
40687	0.002366866071
40688	0.007987799957
40689	0.004935736414
40690	0.01311503337
40691	0.003397839933
40692	0.001965645937
40693	0.001794623731
40694	0.006795702393
40695	0.0005923300413
40696	0.001988765606
40697	0.003599521202
40698	0.02794025086
40699	0.002191622243
40700	0.002195074481
40701	0.014116167
40702	0.006946571371
40703	0.0005144148782
40704	0.0161081785
40705	0.0005322932557
40706	0.009844377773
40707	0.01700058115
40708	0.003056467366
40709	0.008036845549
40710	0.008335069645
40711	0.0003109592673
40712	0.001552439788
40713	0.003551807386
40714	0.001029011517
40715	0.005471247222
40716	0.002313310796
40717	0.002971478675
40718	0.001135236637
40719	0.001027950137
40720	0.003858072814
40721	0.002153253393
40722	0.003232155664
40723	0.02132692742
40724	0.01300197351
40725	0.003408204364
40726	0.002637912071
40727	0.01062460983
40728	0.01166850412
40729	0.005461042252
40730	0.0001665618931
40731	0.001452173255
40732	0.002597131603
40733	0.0006250998214
40734	0.003427100169
40735	0.0151214969
40736	0.001444574417
40737	0.007040158137
40738	0.001245017037
40739	0.001756168096
40740	0.01556578226
40741	0.004159686303
40742	0.01560958995
40743	0.003466853772
40744	0.003482879131
40745	0.01941926867
40746	0.001953183016
40747	0.00339690585
40748	0.002300419774
40749	0.01513113567
40750	0.01244980962
40751	0.001563522856
40752	0.01711120036
40753	0.002340759215
40754	0.002480887379
40755	0.0112188873
40756	0.01034486563
40757	0.005939507301
40758	0.003997086309
40759	0.001053299039
40760	0.001762383912
40761	0.00029619698
40762	0.001788679473
40763	0.008894590764
40764	0.008480241109
40765	0.0009792844377
40766	0.001188163461
40767	0.01333062119
40768	0.002431285838
40769	0.01104580953
40770	0.01365379043
40771	0.004923477033
40772	0.001851787305
40773	0.00223830122
40774	0.003422667347
40775	0.008146847723
40776	0.007535020786
40777	0.01475799928
40778	0.005272778981
40779	0.006239656625
40780	0.01463476937
40781	0.001012079014
40782	0.0135571152
40783	0.0002850649161
40784	0.001048930984
40785	0.0001353289583
40786	0.005186103147
40787	0.008831873879
40788	0.01276277905
40789	0.01468212368
40790	0.002973582715
40791	0.002224969103
40792	0.005904814557
40793	0.00173472055
40794	0.001488671572
40795	0.003017668995
40796	0.007105132707
40797	0.01060754608
40798	0.01780690511
40799	0.01460663842
40800	0.006461410608
40801	0.005871419063
40802	0.002530134808
40803	0.004768674525
40804	0.002062517708
40805	0.01149078846
40806	0.002670090497
40807	0.01484713341
40808	0.01750696893
40809	0.0001537587536
40810	0.01149446938
40811	0.0002117300112
40812	0.008841936495
40813	0.008280903353
40814	0.0002263182463
40815	0.001190939918
40816	0.007656497953
40817	0.0005495019228
40818	0.009575680758
40819	0.002614509667
40820	0.001047116885
40821	0.02121874338
40822	0.001216870045
40823	0.001795351721
40824	0.006620633919
40825	0.006543831769
40826	0.001204401002
40827	0.0006665824267
40828	0.001031686608
40829	0.001735054235
40830	0.004255193803
40831	0.00656522406
40832	0.01918139444
40833	0.00258456607
40834	0.01016380709
40835	0.0004152257922
40836	0.004627974584
40837	0.01990328017
40838	0.006220178218
40839	0.01889632335
40840	0.003750142455
40841	0.002479048567
40842	0.01742922868
40843	0.006345956468
40844	0.0057284519
40845	0.003624336552
40846	0.007311017371
40847	0.0004152482465
40848	0.01696445106
40849	0.002230002168
40850	5.171305159e-05
40851	0.004245617835
40852	0.01145974074
40853	0.0008378203966
40854	0.001300175327
40855	0.02031439746
40856	0.005614967121
40857	0.003238625502
40858	0.002128220366
40859	0.003935698422
40860	0.001718758086
40861	0.001367028468
40862	0.0005066319043
40863	0.003028453774
40864	0.0007176416074
40865	0.001453817108
40866	0.01198266111
40867	0.0008043285628
40868	0.0007125007328
40869	0.002037928707
40870	0.004334744652
40871	0.001340875614
40872	0.00462645326
40873	0.0007765261002
40874	0.005233992912
40875	0.0004943033326
40876	0.001581841032
40877	0.001747942007
40878	0.006030154992
40879	0.004232393856
40880	0.002672847855
40881	0.00479751455
40882	0.001655866
40883	0.001390181155
40884	0.004735414682
40885	0.003426418558
40886	0.0006295981721
40887	0.002086627105
40888	0.003556116048
40889	0.001691426383
40890	0.001971323851
40891	0.00143904318
40892	0.001366475715
40893	0.0004931262846
40894	0.0001717324521
40895	0.01414650054
40896	0.00556546393
40897	4.524252684e-05
40898	0.0005545714184
40899	0.006948616635
40900	0.005370384914
40901	0.004439527534
40902	0.0004630302982
40903	0.01851740719
40904	0.001400371135
40905	0.004183100509
40906	0.001496975516
40907	0.01038092543
40908	0.0003671390097
40909	0.008976319958
40910	0.002067310644
40911	0.004870454605
40912	0.001978867998
40913	0.00760628026
40914	0.004108047883
40915	0.003625272987
40916	0.001985987181
40917	0.00633434623
40918	0.003006039582
40919	0.008228020547
40920	0.001391206529
40921	0.0103107922
40922	0.003362089181
40923	0.003708954446
40924	0.00163135674
40925	0.0002690808225
40926	0.0003005923743
40927	0.01487818975
40928	0.0019112812
40929	0.01322144301
40930	0.01761023424
40931	0.0001446099609
40932	0.0004989615007
40933	0.01467751112
40934	0.015796046
40935	0.005950956836
40936	0.00151888466
40937	0.005442921106
40938	1.469152262e-05
40939	0.000671299145
40940	0.001649158695
40941	0.004813751102
40942	0.009604581444
40943	0.00112614472
40944	1.32987406e-05
40945	0.004666274239
40946	0.01067128831
40947	0.00257033094
40948	0.008458460005
40949	0.01447278445
40950	0.0008611807371
40951	0.009183594862
40952	0.009498312431
40953	0.004082443995
40954	0.0002851485873
40955	0.003026494625
40956	0.005798228915
40957	0.001903406219
40958	0.001410843985
40959	0.0004057399831
40960	0.02362381987
40961	0.0002691763972
40962	0.01206860212
40963	0.004849027118
40964	9.366025138e-05
40965	0.002584509259
40966	0.0004111220669
40967	0.0008109157491
40968	0.0180134663
40969	0.002869987793
40970	0.007190585911
40971	0.00128149524
40972	0.003250618454
40973	0.008497883944
40974	0.001702630508
40975	0.003744011402
40976	0.0002614402948
40977	4.283739604e-05
40978	0.003334462554
40979	0.0005501389224
40980	0.002535502522
40981	0.008347896057
40982	0.003874527059
40983	0.00508486768
40984	0.001559025814
40985	0.005255361663
40986	0.001617847213
40987	0.007839937722
40988	0.0008963716586
40989	0.00790599327
40990	8.209350751e-05
40991	0.02586984368
40992	0.001147502098
40993	0.01786631466
40994	0.01143768006
40995	0.009539603974
40996	0.0003722504763
40997	0.00452766323
40998	0.006483083769
40999	0.001045502984
41000	0.0007103240374
41001	0.005458509057
41002	0.002500671241
41003	0.006184321839
41004	0.00375851759
41005	0.0018273326
41006	0.002735050555
41007	0.0007799583827
41008	0.007339137664
41009	0.004719127465
41010	0.00457034726
41011	0.002610661459
41012	0.00142309371
41013	0.006768172154
41014	0.01006060838
41015	0.002559836746
41016	0.0003440087772
41017	0.002514363819
41018	0.002375231725
41019	0.001096327918
41020	0.0006881125593
41021	0.005027958733
41022	0.01334272642
41023	0.003562794983
41024	0.003297317903
41025	0.0003987132156
41026	0.00753901726
41027	0.0002759122964
41028	0.009740642586
41029	0.0007911717544
41030	0.00377047666
41031	0.002607287961
41032	0.005722390257
41033	0.007894133353
41034	0.005378176319
41035	0.002190450789
41036	0.001234125527
41037	0.02093731318
41038	0.002047393822
41039	0.002765984043
41040	0.002175507012
41041	0.0001772887779
41042	0.001660617734
41043	0.001701302801
41044	0.002732488917
41045	0.0004000460358
41046	9.232145358e-05
41047	0.0001885721046
41048	0.0111585586
41049	3.05491873e-05
41050	0.003975912045
41051	0.0138047591
41052	0.004856456695
41053	0.006587156466
41054	0.001543610767
41055	0.0007735366501
41056	0.003047994654
41057	0.0001943056723
41058	0.004230791636
41059	0.005797090221
41060	0.01056192034
41061	0.007173617519
41062	0.03014750128
41063	0.01322543514
41064	0.00109611529
41065	0.001992134965
41066	0.0003597127113
41067	0.008688008546
41068	0.009344358549
41069	0.0001021788257
41070	0.0006844269611
41071	0.008859146181
41072	0.02168346078
41073	0.00569217889
41074	0.01127039713
41075	0.009223065679
41076	0.009192240963
41077	0.000429104924
41078	0.003332153528
41079	0.005313744495
41080	0.01262271574
41081	0.0005240849104
41082	0.0002678662253
41083	0.001509536848
41084	0.009203991044
41085	0.01177647406
41086	0.0002113107468
41087	0.0008472420859
41088	0.01486336351
41089	0.005583842285
41090	0.001305644712
41091	0.007952904698
41092	0.007001867932
41093	0.008460195688
41094	0.004779908068
41095	0.0001513877621
41096	0.0007564337307
41097	0.005155266581
41098	0.001916520414
41099	0.00568561061
41100	0.02396136354
41101	0.02910171117
41102	0.006399812808
41103	0.0008408131993
41104	0.01264364183
41105	0.01680037725
41106	0.003514256012
41107	0.008590006333
41108	0.0008255603241
41109	0.0154385765
41110	0.009746201109
41111	0.002574550345
41112	0.001008190419
41113	0.01395072416
41114	0.004051317844
41115	0.0006875110837
41116	0.002376775261
41117	0.005471289316
41118	0.0004353614394
41119	0.0001204563905
41120	0.01356649384
41121	0.009969947852
41122	0.004094736414
41123	0.000387127855
41124	0.000428824298
41125	0.001124264737
41126	0.0003807620696
41127	0.006980175167
41128	0.0004008356807
41129	0.00180485366
41130	0.01078006635
41131	0.0005430105281
41132	0.0005119549135
41133	0.016856783
41134	0.003315562075
41135	0.004650792164
41136	0.003143755273
41137	0.000615122016
41138	0.004576240428
41139	0.0009508293949
41140	0.01062936313
41141	0.004111962932
41142	0.0001486719372
41143	0.0004920349067
41144	0.007388984216
41145	0.01246869278
41146	0.0130584456
41147	0.00051215445
41148	0.0035965611
41149	0.0009782352099
41150	0.007830335609
41151	0.02788212011
41152	0.003934623892
41153	0.001745997839
41154	0.01976979409
41155	0.001014747366
41156	0.006654543168
41157	0.001402377664
41158	0.0004594427597
41159	0.007849978231
41160	0.009360992444
41161	0.002306842719
41162	0.005496450136
41163	0.001675498521
41164	0.0008096063426
41165	0.001879364309
41166	0.0168315296
41167	0.01339418196
41168	0.01262741251
41169	0.0003798135929
41170	0.0001209948269
41171	0.004114278123
41172	0.0005274925984
41173	0.000330329634
41174	0.00381464464
41175	0.004357942024
41176	0.01318333179
41177	0.000879786191
41178	0.0002994470573
41179	0.01404754043
41180	0.009877221523
41181	0.006058900251
41182	0.01476292799
41183	0.01334818038
41184	0.0107793358
41185	0.0005297946565
41186	0.002024238221
41187	0.00116582738
41188	0.008644608889
41189	0.0004500880247
41190	0.003304089647
41191	0.008814466179
41192	0.0002356910602
41193	0.008267385127
41194	0.007934889045
41195	0.01517847401
41196	3.356944491e-05
41197	0.00861598286
41198	0.0008315061712
41199	0.0003182580661
41200	0.004084587631
41201	0.000543482413
41202	0.0006388510425
41203	0.007528188052
41204	0.01192382775
41205	0.0008142610295
41206	0.002242043573
41207	0.01036572884
41208	0.0004000422062
41209	0.007746945103
41210	0.002180776188
41211	0.001021087668
41212	8.064123018e-05
41213	0.0003341430377
41214	0.01286231435
41215	0.004681430363
41216	0.003962210097
41217	0.008165188807
41218	0.0008008470996
41219	0.001437232983
41220	0.003054588217
41221	0.0008850141736
41222	0.001205392604
41223	0.0002261581854
41224	0.01686977363
41225	0.003224244179
41226	0.02433782616
41227	0.004545729939
41228	0.0005370079326
41229	0.002250479466
41230	0.0008973798395
41231	0.009944080416
41232	0.009267460641
41233	0.001737823589
41234	0.01229619454
41235	0.001845739478
41236	0.001455419036
41237	0.004712108706
41238	0.0001231973443
41239	0.00985050564
41240	0.008270180093
41241	0.01004512348
41242	0.001007446849
41243	0.01313726671
41244	0.004840557735
41245	0.0006743040686
41246	0.007801384946
41247	0.000389018817
41248	0.001469665193
41249	0.01369634883
41250	0.002519268569
41251	0.0001903375075
41252	0.01291075072
41253	0.02133903572
41254	0.01434499094
41255	0.0009873470713
41256	0.0001215282944
41257	0.0007466017625
41258	0.0006853556197
41259	0.0003419896446
41260	0.002858516852
41261	0.002952262457
41262	0.002912083832
41263	0.004454372203
41264	3.937900015e-05
41265	0.003471789885
41266	0.0002515077866
41267	0.002022520747
41268	0.0004672557428
41269	6.936907215e-05
41270	0.0009876532521
41271	0.01256921367
41272	0.005580794368
41273	0.0002333504385
41274	0.003804164932
41275	0.002789504654
41276	0.0003383515804
41277	0.01334413377
41278	0.002871739094
41279	0.002580007259
41280	0.00650708908
41281	0.0002223420386
41282	0.002397899843
41283	0.001363686865
41284	0.0009516331423
41285	0.001746924033
41286	0.0005712826757
41287	0.01122877653
41288	0.001634603348
41289	0.005734004609
41290	0.003719300105
41291	0.0102279953
41292	0.001241723885
41293	0.007189269392
41294	0.00997598737
41295	0.002478833823
41296	0.008121302667
41297	0.002071025344
41298	0.004649415487
41299	0.0003374334402
41300	0.003182713642
41301	0.002615293034
41302	0.009240301089
41303	0.02397954662
41304	0.0001025721485
41305	0.01562635717
41306	0.01461771577
41307	0.003884673864
41308	0.006202526008
41309	0.006419803286
41310	0.0005474427316
41311	0.003342640884
41312	0.0004194799407
41313	0.01381784824
41314	0.0002030211428
41315	0.01071849742
41316	0.004126474712
41317	0.006568248771
41318	0.001994398291
41319	0.01120811444
41320	0.001650811128
41321	0.001203301239
41322	0.0005109154081
41323	0.002176801513
41324	0.0005279672771
41325	9.624945838e-06
41326	0.007410857363
41327	0.0007052845232
41328	0.0005140409281
41329	0.0007785112255
41330	0.00513471806
41331	0.002174574787
41332	0.01429909953
41333	0.0006358586954
41334	0.008420886949
41335	0.004090605157
41336	0.01199633432
41337	0.01118604947
41338	0.003201385936
41339	0.001512629704
41340	0.002690670689
41341	0.003113119084
41342	0.0009745890097
41343	0.005381570723
41344	0.002421966731
41345	0.006943968423
41346	0.004343336706
41347	0.007862820026
41348	0.0001755508829
41349	0.0003722284313
41350	0.006951464823
41351	0.004995641372
41352	0.0003076321647
41353	0.006516422779
41354	0.0004471140852
41355	0.008964246467
41356	0.00850393379
41357	0.01145562862
41358	0.0003398232349
41359	0.003628278931
41360	0.008339432458
41361	0.001101477568
41362	0.00364372396
41363	0.006294751095
41364	0.0004243786239
41365	0.001352196387
41366	0.0005665237822
41367	0.003179505532
41368	0.0003560200933
41369	0.002582579381
41370	0.0007233924815
41371	0.0004996476254
41372	0.0003168592554
41373	0.01087759187
41374	0.007934643884
41375	0.01032194321
41376	0.002370508508
41377	0.002991585125
41378	0.002095465294
41379	0.001332566651
41380	0.001372814533
41381	0.003147648652
41382	0.001725312488
41383	0.01029631887
41384	0.001042158667
41385	0.004287820633
41386	0.006089159133
41387	0.01415432469
41388	0.0005258246411
41389	0.02535288424
41390	0.01837972417
41391	0.001150245826
41392	0.0082834643
41393	0.002408006601
41394	0.002675388362
41395	0.001317900283
41396	0.0008500542388
41397	0.01367016114
41398	0.0002487569339
41399	0.0002934953883
41400	0.01799395783
41401	0.0003213534135
41402	0.0009629219532
41403	0.005842878935
41404	0.001388998092
41405	0.002034015387
41406	0.001538026904
41407	0.002657361815
41408	0.0005023697408
41409	0.001067632707
41410	0.004324416668
41411	0.0003336821588
41412	0.0006575573754
41413	0.00562233456
41414	0.006561118668
41415	0.0003160568786
41416	0.0008466924831
41417	0.002181467982
41418	0.002080131852
41419	0.002529116536
41420	0.01842785477
41421	0.01016593054
41422	0.002412139239
41423	0.0009465443857
41424	0.002307888608
41425	0.0004526215447
41426	0.01526036732
41427	0.0008394744154
41428	0.002718970274
41429	0.009519076637
41430	0.005946126018
41431	0.002759755639
41432	0.00679923902
41433	0.0008374362748
41434	0.0005634612023
41435	0.002541804075
41436	0.0004809039976
41437	0.003500893932
41438	0.000460358358
41439	0.001265115772
41440	0.002539713571
41441	6.514407832e-06
41442	0.01132454152
41443	0.01193242432
41444	0.002046841987
41445	0.001733301146
41446	1.421072052e-05
41447	0.008075316137
41448	0.009637547513
41449	0.0001793996117
41450	0.008893232572
41451	0.01305758053
41452	0.001972347006
41453	0.001844798385
41454	0.0002128111028
41455	0.00521869528
41456	0.002445836475
41457	0.002409922492
41458	0.004373386971
41459	0.0005219959934
41460	0.0006882663464
41461	0.001158024479
41462	0.01154781587
41463	0.003101241043
41464	0.003456258264
41465	0.001243955229
41466	0.00781938865
41467	0.001177612339
41468	0.0001089329662
41469	0.0003908488728
41470	7.15588601e-05
41471	0.004324283357
41472	0.000535534687
41473	0.01184072489
41474	0.001867626567
41475	0.01211031742
41476	0.00487754892
41477	0.006712728086
41478	0.002319943642
41479	0.008802150906
41480	0.01435092682
41481	0.003045366561
41482	0.0002538028629
41483	0.001024607299
41484	0.0008842688801
41485	0.008465710767
41486	0.006598492476
41487	0.0003717025576
41488	0.001301462529
41489	0.004931026226
41490	0.004403940075
41491	0.009020357646
41492	0.001307366814
41493	0.001549173262
41494	0.007240471605
41495	0.0006486056892
41496	0.01484263525
41497	0.001418825757
41498	0.002784287775
41499	0.003423692964
41500	9.918591214e-05
41501	0.0002478157893
41502	0.0146804631
41503	0.01534278182
41504	0.01661260968
41505	0.01194022261
41506	0.01569960801
41507	0.002083483678
41508	0.01699610125
41509	0.01140444767
41510	0.01398025024
41511	0.003836911967
41512	0.002357538203
41513	0.000328486122
41514	0.0004417804148
41515	0.0002721077355
41516	0.0005971981744
41517	0.001443895715
41518	8.552732585e-05
41519	0.00133624629
41520	0.009118430633
41521	0.004079846137
41522	0.0155698525
41523	0.006988544536
41524	0.001091743706
41525	0.002096031548
41526	0.002330903427
41527	0.01092417217
41528	0.004204376497
41529	0.003161342636
41530	0.003923335328
41531	0.006310110951
41532	0.004781284319
41533	0.004748433702
41534	0.0215694057
41535	0.006592776148
41536	0.0006927327169
41537	0.0006469172378
41538	0.0008206474939
41539	0.003168018543
41540	0.01338527578
41541	0.01619305717
41542	0.01540063232
41543	0.0004262419351
41544	0.01109044347
41545	0.001964603937
41546	0.008939025812
41547	0.001896098972
41548	0.003032499733
41549	0.004972832702
41550	0.002159954167
41551	0.007445399594
41552	0.006249104394
41553	0.003924334471
41554	0.003693745333
41555	0.01549105448
41556	6.050463318e-06
41557	0.002469503651
41558	0.005404064154
41559	0.001193056139
41560	0.002678085403
41561	0.01933928215
41562	0.001382077461
41563	0.001823317503
41564	0.0003606328358
41565	0.001563038428
41566	0.003294509702
41567	0.0002077824153
41568	0.0003174857686
41569	0.003549237376
41570	0.003176326451
41571	0.0003406368587
41572	0.006909005225
41573	0.001100241414
41574	0.007006795322
41575	0.0001913639609
41576	0.006554728579
41577	0.0003988706482
41578	0.00130103212
41579	0.000595806565
41580	0.00531592561
41581	0.001344832173
41582	0.001101271922
41583	0.001536857579
41584	0.0005765259164
41585	0.0004317995353
41586	0.008392183171
41587	3.898631108e-05
41588	0.00116326193
41589	0.0005345192079
41590	0.01483013045
41591	0.0005853358647
41592	0.00647985352
41593	0.0125858709
41594	0.007017377989
41595	0.004920345847
41596	0.01217565006
41597	0.00666801351
41598	0.001575915483
41599	0.001959684113
41600	0.007249818598
41601	0.006812286102
41602	0.003127313218
41603	0.002969905221
41604	0.009865762488
41605	0.01950039839
41606	0.006510638439
41607	0.009474220293
41608	0.01054019169
41609	0.006377438425
41610	0.006164280641
41611	0.002006479367
41612	0.001448337566
41613	0.01049312692
41614	0.001936871523
41615	0.0007995194984
41616	0.01449324817
41617	0.007201465725
41618	0.006486928371
41619	0.002333018699
41620	0.00160077009
41621	0.006227938823
41622	0.009026366076
41623	0.002855019303
41624	0.003266368982
41625	0.0006733791307
41626	0.0003033292641
41627	0.007379255183
41628	0.003908695327
41629	0.00785045322
41630	0.009752693346
41631	0.005174341606
41632	0.002810062252
41633	0.001465142657
41634	0.0007460698077
41635	0.0006159803233
41636	0.002502704174
41637	0.001188806103
41638	0.01558186783
41639	0.008031435069
41640	0.005629182467
41641	0.002730868431
41642	0.001648001515
41643	0.001889744076
41644	0.001679649338
41645	0.004483805359
41646	0.001972505927
41647	0.005100447663
41648	0.0008793895074
41649	0.001599723395
41650	0.002457986389
41651	0.0004730936447
41652	0.0008830631663
41653	0.006854411523
41654	0.001433597237
41655	0.006066917545
41656	0.0003864479661
41657	0.003558686089
41658	0.02149566627
41659	0.006040334329
41660	0.005902403298
41661	0.005030661625
41662	0.006650518299
41663	0.001753945164
41664	0.005048039315
41665	0.01311859419
41666	0.002227175857
41667	0.0007858578784
41668	0.003940655534
41669	0.007461376771
41670	0.001398069481
41671	0.009999473332
41672	7.271414513e-05
41673	0.01069813143
41674	0.002241498124
41675	0.004908018899
41676	0.0001663431806
41677	0.0009786060267
41678	0.01056257476
41679	0.001388781023
41680	0.003989511665
41681	0.0009549623318
41682	0.01409075202
41683	0.004324727228
41684	0.004599401729
41685	0.006982647613
41686	0.01005409252
41687	0.002770173372
41688	0.01175809714
41689	0.01054589424
41690	0.001117979809
41691	0.001971016483
41692	0.002728700849
41693	0.0008703437258
41694	0.0005046036742
41695	0.008727070314
41696	0.006016089616
41697	0.02271465174
41698	0.003186310763
41699	0.01265603739
41700	0.0006293069256
41701	0.01679464394
41702	0.007747095818
41703	0.004833685631
41704	0.0008240369139
41705	0.01029245568
41706	0.0003561047262
41707	0.0007046632993
41708	0.004980128487
41709	0.0009738702545
41710	0.0008235706613
41711	0.003422434326
41712	0.0006024504723
41713	0.015428929
41714	0.001106306256
41715	0.02169454288
41716	0.009820064352
41717	0.001035621611
41718	0.01212216957
41719	0.002135216951
41720	0.001062647872
41721	0.0005934208231
41722	0.003281045236
41723	1.148944531e-05
41724	0.0006344631058
41725	0.003017311728
41726	0.01014187738
41727	0.0005285677924
41728	0.0004501576458
41729	0.004298010908
41730	0.007576445255
41731	0.001148801188
41732	0.007452982484
41733	0.001471351644
41734	0.007740638007
41735	0.002759664967
41736	0.01256177143
41737	0.00141291
41738	0.009873052253
41739	0.0008336270608
41740	0.005870527303
41741	0.006086148198
41742	0.00387473588
41743	0.01311090273
41744	0.002879656266
41745	0.003806446051
41746	0.001101094664
41747	0.0004733231159
41748	0.002106891496
41749	0.0005670066289
41750	0.005282823441
41751	0.007133959641
41752	0.003348417843
41753	0.001731320782
41754	0.004540010978
41755	0.004879016828
41756	0.0001941337465
41757	3.0125622e-05
41758	0.01412632225
41759	0.007128245761
41760	0.004710039814
41761	0.003378777489
41762	0.003797864681
41763	0.003662386496
41764	0.0002533042403
41765	0.001743412904
41766	0.001424205234
41767	0.002053982614
41768	0.004115381944
41769	0.007866614044
41770	0.0001208753015
41771	0.0004045053664
41772	0.01118843167
41773	0.00671325821
41774	0.0090857484
41775	0.006673564281
41776	0.002953547458
41777	0.01125004445
41778	0.002922556405
41779	0.0005561309196
41780	0.0005174418965
41781	0.0005770187018
41782	0.02372668089
41783	0.008358663921
41784	0.0003735639804
41785	0.0116304781
41786	0.001492252783
41787	0.001899710719
41788	0.006582694746
41789	0.007787977213
41790	0.002334928304
41791	0.01532151125
41792	0.009488609274
41793	6.595487157e-05
41794	0.01673583097
41795	0.01452320528
41796	0.0002031153473
41797	0.009299075278
41798	0.002927199913
41799	0.008755232436
41800	0.01175376789
41801	0.01453449567
41802	0.00394890887
41803	0.01258556356
41804	0.0008314882471
41805	0.02404442094
41806	0.001018457825
41807	0.004347320961
41808	0.00364512765
41809	0.003506340906
41810	0.007575173599
41811	0.0008941444464
41812	0.001528230632
41813	0.000967200264
41814	0.0002337531539
41815	9.568576741e-05
41816	0.01328165318
41817	0.0007141244316
41818	0.006896499296
41819	0.0005104421666
41820	0.002250128575
41821	3.366622136e-06
41822	0.01171515044
41823	0.0001107026033
41824	0.007582814594
41825	0.001238267767
41826	0.02212863634
41827	0.01097863543
41828	0.006892210504
41829	0.002525826337
41830	0.0008793053577
41831	0.007492093
41832	0.004342118049
41833	0.0008796663477
41834	0.01202104948
41835	0.003847696257
41836	0.01229539325
41837	0.006300128299
41838	0.007045601194
41839	0.004743832197
41840	0.002871729256
41841	0.0004431161309
41842	0.007577910723
41843	0.002914933821
41844	0.0003344254022
41845	0.003197490669
41846	0.007747033283
41847	7.811372819e-05
41848	0.003620639327
41849	0.007544449194
41850	0.009155648568
41851	0.01099540829
41852	0.001605121758
41853	0.001427863819
41854	0.001221184963
41855	0.0002439995833
41856	0.003798269821
41857	0.00077376386
41858	0.008605785719
41859	0.002314838434
41860	0.0006275503138
41861	0.004775869614
41862	0.004967987681
41863	0.005768756279
41864	0.007297405454
41865	1.680678361e-05
41866	0.0005507343959
41867	0.00491380581
41868	0.003659069341
41869	0.001700844589
41870	0.007886460184
41871	0.002355427316
41872	9.306690756e-05
41873	0.007502219799
41874	0.002552837881
41875	0.0003578166092
41876	0.001842322037
41877	0.00124701468
41878	0.0003170411221
41879	0.001362446849
41880	0.001780291962
41881	0.001601423802
41882	0.001923845103
41883	7.899469237e-06
41884	5.006076014e-05
41885	0.0009167420522
41886	0.008890752739
41887	0.004789128265
41888	0.005165881094
41889	0.001847249544
41890	0.003426276605
41891	0.006808966909
41892	0.00146560419
41893	0.001780938458
41894	0.007431560557
41895	0.0001208324691
41896	0.0165713311
41897	0.008366108831
41898	0.004956849944
41899	0.001191178323
41900	0.004492945216
41901	0.0005766066809
41902	0.004354124593
41903	0.0009325111856
41904	0.001568230589
41905	0.001207582727
41906	0.003622713844
41907	0.00604277568
41908	0.01113795383
41909	0.0004096636226
41910	0.005045390155
41911	0.003669968078
41912	0.001646159868
41913	0.0107523262
41914	0.0009893226774
41915	0.003273423109
41916	0.01226368119
41917	0.009941930682
41918	0.006304914074
41919	0.01311980048
41920	0.004521141055
41921	0.004059669776
41922	0.01272443218
41923	0.003876217116
41924	0.001786397181
41925	0.005215514045
41926	0.0004905532038
41927	0.0001901515106
41928	0.00801219012
41929	0.02176064044
41930	0.005421100222
41931	0.001665851159
41932	0.00689182943
41933	0.0001749253802
41934	0.0007358249097
41935	0.01547764903
41936	0.003798036476
41937	0.006295309224
41938	0.001694923781
41939	0.01065372522
41940	0.01146604051
41941	0.01020842614
41942	0.0004892008416
41943	0.009471359463
41944	0.002963354201
41945	0.009298458867
41946	0.00745624858
41947	0.001340616275
41948	0.001172751286
41949	0.004471884213
41950	3.539214837e-05
41951	0.00131083033
41952	0.006096234052
41953	0.01314267666
41954	0.0007054793419
41955	0.01858748771
41956	0.0112878044
41957	0.0005289950345
41958	0.009596264859
41959	0.0001588993036
41960	0.02536677882
41961	0.001842938272
41962	0.01108391928
41963	0.0004407834843
41964	0.004553628167
41965	0.00402954809
41966	0.0006272344847
41967	0.01303685339
41968	0.001000039122
41969	0.008786880227
41970	0.0007401060136
41971	0.0005731006409
41972	0.01667107519
41973	0.0002188265954
41974	0.0006443429158
41975	0.003736028629
41976	0.00420819824
41977	0.001091965156
41978	0.01484510956
41979	0.01081542119
41980	0.004996315988
41981	0.005966645973
41982	0.000730869252
41983	0.001320895638
41984	0.000439091442
41985	0.005549348546
41986	0.0003528309713
41987	0.01022800415
41988	0.00384390666
41989	0.000265432222
41990	0.02270678913
41991	0.00811220917
41992	0.004418887384
41993	0.006285160028
41994	0.0003401412478
41995	0.0001456756481
41996	0.01638450559
41997	0.00106288269
41998	0.0005657670286
41999	0.002367442164
42000	0.005237632754
42001	0.002913810363
42002	0.01189112624
42003	0.001930033147
42004	0.002492209683
42005	0.0008503271835
42006	0.001085894542
42007	0.01556575365
42008	0.00906228532
42009	0.008263563606
42010	0.008425540415
42011	0.005274339473
42012	0.01428247247
42013	6.018858124e-05
42014	0.001044865368
42015	0.0001057878364
42016	0.005524766838
42017	0.001288072916
42018	0.001459847551
42019	0.005278171364
42020	0.002752937347
42021	0.0005365288979
42022	0.01312173904
42023	0.005718572485
42024	0.01240435061
42025	0.001989798606
42026	5.08658419e-05
42027	0.004405839092
42028	0.008351418484
42029	0.002979998614
42030	0.0006449362495
42031	0.0004377470418
42032	0.01029008948
42033	0.0003523865207
42034	0.007764360473
42035	0.0001728072607
42036	0.003123236836
42037	0.00590908771
42038	0.009276760561
42039	0.0003742264905
42040	0.003068038515
42041	0.0006118224742
42042	0.001896674368
42043	0.01652974876
42044	0.0003457679267
42045	0.000390927786
42046	0.001580295286
42047	0.003479124709
42048	0.006706877064
42049	0.0006511719303
42050	0.009820121643
42051	0.002970642666
42052	0.00109549227
42053	0.0005967376442
42054	0.0001120577007
42055	0.005122359249
42056	0.001291310366
42057	0.0005800372835
42058	0.003426212899
42059	0.0012950642
42060	0.001409182062
42061	0.004188733607
42062	0.009260780604
42063	0.007018184707
42064	0.006692281212
42065	0.0005041741661
42066	0.007132215218
42067	0.01082117964
42068	0.001053407364
42069	0.0009214125054
42070	0.001538551063
42071	0.01758750483
42072	0.0005628372066
42073	0.00851206899
42074	0.01274193373
42075	0.01301836649
42076	0.007218340593
42077	0.004508699191
42078	0.0002676934406
42079	0.02390230433
42080	0.00648109131
42081	0.0005384728741
42082	0.00534119173
42083	0.004628320999
42084	0.001637411767
42085	0.00157321547
42086	0.0002966892355
42087	0.004410548973
42088	0.002541666283
42089	0.0007253492103
42090	0.006003473493
42091	0.0009690426333
42092	0.01561333804
42093	0.008800100228
42094	0.002147911293
42095	0.0003713614344
42096	0.005483931777
42097	0.001379923225
42098	0.0002194496543
42099	0.0009413363969
42100	0.0001540171646
42101	0.003054677155
42102	0.00967717735
42103	0.0009645767011
42104	0.004713658226
42105	0.0004484816757
42106	0.009153689295
42107	0.001752526001
42108	0.003687614614
42109	0.01015171776
42110	0.002906212708
42111	0.0009059800177
42112	0.0001233695985
42113	0.008073197152
42114	0.006320081107
42115	0.003603747142
42116	0.001376179895
42117	0.01548812632
42118	0.009772502349
42119	0.005331799999
42120	0.0001622708931
42121	0.003279503847
42122	0.01073708173
42123	0.01934320989
42124	0.0001306958594
42125	0.001908602999
42126	0.008302623425
42127	0.007550881866
42128	0.0002530200536
42129	0.0009651211346
42130	0.006150447526
42131	0.002638258265
42132	0.001812334905
42133	0.004216917796
42134	0.006342908881
42135	0.01515798773
42136	0.01319573503
42137	0.003847738566
42138	0.0007928741112
42139	0.007641546067
42140	0.004406532474
42141	0.01979356682
42142	0.005107931878
42143	0.004515344615
42144	0.003392213311
42145	5.825823643e-05
42146	0.0006968120056
42147	0.00290738031
42148	0.006753068548
42149	0.0003043832431
42150	0.0001972082394
42151	8.023814358e-06
42152	0.003677372245
42153	0.01410080452
42154	0.001721739448
42155	0.0002902509224
42156	0.007071585366
42157	0.01440050816
42158	0.004843926734
42159	0.007398069487
42160	0.0194846347
42161	0.007262671775
42162	0.003685060638
42163	0.002569959602
42164	0.01600003983
42165	0.009264275414
42166	0.005061660828
42167	0.0008791651081
42168	0.002706715998
42169	0.001423231954
42170	0.01110687014
42171	0.004890023223
42172	0.0136122763
42173	0.003656122121
42174	0.01230483631
42175	0.002807810594
42176	0.0009472474374
42177	0.00421811472
42178	0.001847175958
42179	0.002702504883
42180	0.001624040687
42181	0.00432695765
42182	0.0006032869041
42183	0.0009452579965
42184	0.002386314931
42185	0.0009954710947
42186	0.003005247838
42187	0.005348198682
42188	0.005768333959
42189	0.0008604254412
42190	0.001501620946
42191	0.0002147560044
42192	0.002772464362
42193	0.0001415952571
42194	0.0052909187
42195	0.0013565683
42196	0.0001845113229
42197	0.001387193476
42198	0.002946422297
42199	0.001948402256
42200	0.003320800718
42201	0.009942518224
42202	0.0125662708
42203	0.0006194793066
42204	0.0006224982858
42205	0.002423215081
42206	0.001261444512
42207	0.00213480337
42208	0.0004359445579
42209	0.004009749479
42210	0.007937142982
42211	1.350309837e-05
42212	0.002338364737
42213	0.00129447756
42214	0.004625463083
42215	0.001108855458
42216	0.002941866964
42217	0.001710120312
42218	0.0007222282252
42219	0.0003405045042
42220	0.001326507513
42221	0.001139672659
42222	0.01208684286
42223	0.003720260854
42224	0.009048268437
42225	0.0007152783351
42226	0.004773982348
42227	0.0007386688226
42228	0.004641728513
42229	0.0012296619
42230	0.007911480233
42231	0.003650075959
42232	0.003538991326
42233	0.006075061261
42234	0.0007541970378
42235	0.00080664491
42236	0.0006464852521
42237	0.002742113414
42238	0.001662493435
42239	1.949902236e-05
42240	3.995137935e-05
42241	0.01781809805
42242	0.0003813823348
42243	0.0009193941274
42244	3.55880692e-05
42245	0.005126737519
42246	0.00630302725
42247	0.00439021326
42248	0.004507518178
42249	0.01202672459
42250	0.003212806445
42251	0.0004866706343
42252	0.0006365304304
42253	0.006524600282
42254	0.00103796244
42255	0.002004076019
42256	0.001834208499
42257	0.001442159363
42258	0.0007978783428
42259	0.006577511876
42260	0.005314607322
42261	0.007313541346
42262	0.0009588937299
42263	0.004363221959
42264	0.0005408099476
42265	0.001236562252
42266	0.001272607126
42267	3.807895853e-05
42268	0.007624846485
42269	0.0004728605421
42270	0.00289677437
42271	0.001558807834
42272	0.0002280563858
42273	0.002967464151
42274	0.01113368246
42275	0.0004854624403
42276	0.002561519115
42277	8.499543416e-06
42278	0.0140266335
42279	0.02545607079
42280	0.01018177057
42281	0.01115962858
42282	0.0005700416288
42283	0.004033397588
42284	0.0008529360336
42285	0.004314992437
42286	0.000220222783
42287	0.003741060184
42288	0.00256778216
42289	0.003555654741
42290	0.006040719029
42291	0.004117581152
42292	0.005463076099
42293	0.001573329792
42294	0.0005195595805
42295	0.01347368116
42296	0.015874783
42297	0.004708281651
42298	0.0002108242538
42299	0.007769979491
42300	0.008082965468
42301	0.0001682509721
42302	0.0005215531379
42303	0.003146108738
42304	0.002992257857
42305	0.008172288194
42306	0.003402982563
42307	0.01195335417
42308	0.0178112939
42309	0.003952975707
42310	0.0007453855482
42311	0.001677521266
42312	0.008244270359
42313	0.000114787724
42314	0.006111229675
42315	0.001945755477
42316	0.0008793036409
42317	0.00898206964
42318	0.001311300819
42319	0.0005698040588
42320	0.008903490666
42321	0.000371731005
42322	0.001536945943
42323	0.003600914846
42324	0.01284476816
42325	0.002952139323
42326	0.00783649167
42327	0.001515465907
42328	0.008282403587
42329	0.004679597995
42330	0.0002940604707
42331	0.007737667062
42332	0.001231898198
42333	0.0003930809829
42334	0.001799686895
42335	0.006082438998
42336	0.008126358659
42337	0.0001640339302
42338	0.001327519508
42339	0.002069100669
42340	0.002764122128
42341	0.000733650924
42342	0.002635817695
42343	0.002616734601
42344	0.005896840268
42345	0.02173477853
42346	0.0004539742536
42347	0.001100896195
42348	0.00058732974
42349	0.002985619321
42350	0.004843055942
42351	3.582053595e-05
42352	0.01379777143
42353	0.01595767558
42354	0.0001710804409
42355	0.004257638211
42356	0.0001744232928
42357	0.0002813199619
42358	0.0146697931
42359	0.000996743791
42360	3.869967305e-05
42361	0.0005222220022
42362	0.001060194711
42363	0.002044748948
42364	0.001644629506
42365	0.002840246512
42366	0.0009245355248
42367	0.0009871418778
42368	0.0002033524037
42369	0.002884698572
42370	0.004887937812
42371	0.00933655705
42372	0.0001612517826
42373	0.002499314905
42374	0.003055589927
42375	0.0008831838665
42376	0.001907482366
42377	0.000980156056
42378	0.001522970948
42379	0.0001789099286
42380	0.002335091216
42381	0.0004363637363
42382	0.0005604851313
42383	0.0009774622498
42384	0.008643661144
42385	0.0006629849325
42386	0.006305547922
42387	0.001487859146
42388	0.0004700758992
42389	0.00747883721
42390	0.0001804878783
42391	0.006593346649
42392	0.008056557631
42393	0.0002752762101
42394	3.278638361e-05
42395	0.0007040321352
42396	0.01190936252
42397	0.0001056841723
42398	0.0001570342561
42399	0.004833173649
42400	0.001913962297
42401	0.003072051966
42402	0.000119471091
42403	0.001154033852
42404	0.001204154744
42405	0.001720562773
42406	0.003666923111
42407	0.001120104712
42408	0.001450401587
42409	0.003503060816
42410	0.009720046904
42411	0.005376958736
42412	0.005268523331
42413	0.0007099362006
42414	0.0001424445286
42415	0.0006363581161
42416	0.0003365042055
42417	0.0005388455259
42418	0.002790335382
42419	0.0243719182
42420	7.842132181e-05
42421	0.001103159011
42422	0.005038269616
42423	0.0001074271851
42424	0.0004970223537
42425	0.009800409636
42426	9.491224083e-05
42427	0.004696029245
42428	0.00101354962
42429	0.0007393786689
42430	0.0001066362277
42431	0.002662200788
42432	0.016570174
42433	0.006343740358
42434	0.01572877627
42435	0.0007750597271
42436	0.001079645808
42437	0.001338673404
42438	0.0005722053995
42439	0.0005821398892
42440	0.0002621965537
42441	0.0007305197204
42442	0.0006092731722
42443	0.002068241596
42444	0.0004384472927
42445	0.005317018907
42446	0.0007950282445
42447	0.001066045966
42448	0.009033936832
42449	0.001374355057
42450	0.001456629861
42451	0.00031780771
42452	0.0004431550785
42453	0.007210881831
42454	0.002118858346
42455	0.0005681999006
42456	0.0007604199259
42457	0.000449573336
42458	0.0004414573197
42459	0.001207221241
42460	0.001330575031
42461	0.02085926182
42462	0.007121316742
42463	0.0006764748766
42464	4.717286861e-05
42465	0.01177026906
42466	0.01671719838
42467	0.001496677371
42468	0.00594935469
42469	0.0008086392699
42470	0.002687538032
42471	0.0009960200356
42472	0.001186417411
42473	0.001145984505
42474	0.003024244294
42475	0.005568821394
42476	0.0002683286154
42477	0.001503670622
42478	0.006590269912
42479	0.00135239016
42480	0.001504963733
42481	0.0006297638536
42482	0.001289382036
42483	0.005070211131
42484	0.00591315562
42485	0.003805217153
42486	0.0008311528123
42487	0.007254530559
42488	0.002240639694
42489	0.002240970865
42490	0.002908391035
42491	0.000245721821
42492	0.002095276723
42493	0.007074017996
42494	0.007507696043
42495	0.001088395687
42496	0.01132783809
42497	0.001641387721
42498	0.0005528993993
42499	0.002230466258
42500	0.006680754698
42501	7.190283345e-05
42502	0.0005205337007
42503	0.004665154436
42504	0.001249836397
42505	0.001103310258
42506	0.002133046602
42507	0.0003529359647
42508	5.205645205e-05
42509	0.002573859735
42510	0.006793691214
42511	4.567840682e-06
42512	0.001344074998
42513	0.003729636151
42514	0.0006453473692
42515	0.0007596336771
42516	1.638687073e-05
42517	0.003546433023
42518	0.0127418548
42519	0.0007273387246
42520	0.001453647489
42521	0.004573485954
42522	0.00476697243
42523	0.000871954836
42524	0.0008966638204
42525	0.001048798756
42526	0.002220548505
42527	0.01089703971
42528	0.003647519065
42529	0.0002154547871
42530	0.003158693249
42531	0.002318645713
42532	0.001215103602
42533	0.001901378989
42534	0.005731892395
42535	0.00153954433
42536	0.004203978735
42537	0.0002831893687
42538	0.001551724061
42539	0.000936562486
42540	0.0008308097765
42541	0.005831608973
42542	0.005962951607
42543	0.02406479528
42544	0.001073821246
42545	0.01452246377
42546	0.003316600466
42547	0.0006132260155
42548	0.001752345597
42549	0.003734512064
42550	0.001876602588
42551	0.00602591685
42552	0.0003508934721
42553	0.004327411843
42554	0.007116379902
42555	0.01015555242
42556	0.02277290727
42557	0.0001599085291
42558	0.005858345722
42559	0.0002353555745
42560	0.008333987743
42561	0.0005563192112
42562	0.0004615062064
42563	0.0008922877148
42564	0.001989590052
42565	0.001714833482
42566	0.005078806807
42567	0.002374711124
42568	0.003314699138
42569	0.003932848963
42570	0.003949651193
42571	0.002449199195
42572	0.0027961299
42573	0.004772572044
42574	0.0004961672056
42575	0.001177818057
42576	0.003366565757
42577	0.00388667031
42578	0.004357497618
42579	0.004485810162
42580	0.002814499369
42581	0.002479061321
42582	0.007191732004
42583	0.0009924541355
42584	0.006165618632
42585	0.002190266693
42586	0.02171467208
42587	0.002907763831
42588	0.002758150602
42589	0.00339898648
42590	0.0003277462708
42591	0.0002873053375
42592	0.002698832457
42593	0.0007986557567
42594	0.002510639999
42595	0.005058159187
42596	0.001241009328
42597	0.0002101902117
42598	0.001469660048
42599	0.01132471134
42600	0.004263180756
42601	0.002821275232
42602	0.0007780612631
42603	0.001911917495
42604	0.00141898061
42605	0.001693593285
42606	0.001433026944
42607	0.001718311145
42608	0.002116912958
42609	0.009376359837
42610	0.01287457375
42611	0.007824088505
42612	0.005098114142
42613	0.004332526868
42614	0.01011235712
42615	0.01849206123
42616	0.0009424124184
42617	0.005293808182
42618	0.005067958979
42619	0.001335168185
42620	0.008277503198
42621	0.003237337501
42622	0.01369602881
42623	0.007416485116
42624	0.004082523311
42625	0.009683336646
42626	0.0005403507299
42627	0.001618375788
42628	0.01026518498
42629	0.003694286142
42630	0.001473251681
42631	0.005945671617
42632	0.0001972982268
42633	2.85768125e-06
42634	0.01783077203
42635	0.007087640066
42636	0.009011129948
42637	0.003810007326
42638	0.001763885762
42639	0.001553650836
42640	0.004740077335
42641	0.007287304588
42642	0.0007455115399
42643	0.001174942217
42644	0.01218402831
42645	0.005675081972
42646	0.004815289704
42647	0.0091322894
42648	0.004785190046
42649	0.01057260482
42650	0.0002327225537
42651	0.006832994201
42652	0.001042479844
42653	0.006983907281
42654	0.0006716285621
42655	0.01692220093
42656	0.003055061649
42657	0.0003152173702
42658	0.001584456634
42659	0.0006998609604
42660	0.004953264593
42661	0.0006149486782
42662	0.002754265535
42663	0.0008122315986
42664	0.001078060423
42665	0.008066295955
42666	0.009394932235
42667	0.002551359775
42668	0.002321936385
42669	0.001653913107
42670	0.0003475150667
42671	0.0005558568954
42672	0.004938716179
42673	0.01150553038
42674	0.001476605485
42675	0.00675809491
42676	0.0004742857356
42677	0.0004051214253
42678	0.003390400565
42679	0.002449789207
42680	0.000131332286
42681	0.005571789984
42682	0.003843071844
42683	0.01105396219
42684	0.0002603872976
42685	0.000851451811
42686	0.008448411703
42687	0.00118102586
42688	0.005713507832
42689	0.0001520782527
42690	0.003582536414
42691	7.767216671e-05
42692	0.0002477986564
42693	0.01865646475
42694	0.00249924326
42695	0.0003434646937
42696	0.002321085169
42697	0.0002821912175
42698	0.00328241952
42699	0.007023211589
42700	0.008609979825
42701	0.0009786177015
42702	0.0006630384962
42703	0.00118006346
42704	9.922387112e-05
42705	0.00115260697
42706	0.00201565879
42707	0.00430151711
42708	0.002676778017
42709	0.01108953141
42710	0.0008767425175
42711	0.002563166048
42712	0.003208828768
42713	0.001762511601
42714	0.002134899342
42715	0.00129598931
42716	0.001946645511
42717	0.001443396576
42718	0.002071947405
42719	0.00849503315
42720	1.831539728e-05
42721	0.00399143026
42722	0.004603140829
42723	0.01252707985
42724	0.0009800836003
42725	0.0004854991032
42726	0.0009360656008
42727	0.00881201748
42728	0.002058591635
42729	0.003719791923
42730	0.0005379890173
42731	0.00334699295
42732	0.009415023983
42733	0.008467266339
42734	0.0002876452538
42735	0.001647792307
42736	0.0004305706892
42737	0.002077646936
42738	0.0001502973208
42739	0.005197159422
42740	0.007673720531
42741	0.004151756927
42742	0.0001948333805
42743	0.0005001302708
42744	0.0002318605036
42745	0.002155694249
42746	0.001271850026
42747	0.001978202077
42748	0.0005016371543
42749	0.00119541549
42750	8.10344852e-05
42751	0.001231053344
42752	0.0009332777605
42753	0.001503461168
42754	0.0002657496407
42755	0.007417049035
42756	0.0005050460037
42757	0.008222347988
42758	0.000476358125
42759	0.0004835618248
42760	0.004407392656
42761	0.0122257681
42762	0.0006704736054
42763	0.001785798789
42764	0.002436366308
42765	0.0004437687728
42766	0.0006031286305
42767	0.006443984333
42768	0.001047858741
42769	0.0003694305876
42770	0.01776871786
42771	0.001857221634
42772	0.008885145719
42773	7.446547284e-06
42774	0.001810149645
42775	0.0003170693157
42776	0.002732185496
42777	0.00283484401
42778	0.002792545805
42779	0.0006930180213
42780	0.001912485385
42781	0.002241590326
42782	0.00084128039
42783	0.00251728639
42784	0.008721119436
42785	0.0003316317743
42786	0.001047004105
42787	5.757142779e-05
42788	0.002150566104
42789	0.003719531759
42790	0.00161230433
42791	0.002224325705
42792	0.02499646538
42793	0.01021994636
42794	0.007844457956
42795	0.01813725578
42796	0.001489258256
42797	0.0002684762142
42798	0.01693243445
42799	0.001486438182
42800	0.0027321393
42801	0.00120082898
42802	0.003467384708
42803	0.0002293268089
42804	0.0001967241038
42805	0.01009776528
42806	0.0007099100664
42807	0.0006370868238
42808	0.002087561201
42809	0.0002422856151
42810	0.00374691205
42811	0.0008492696194
42812	0.0172642758
42813	0.000212545047
42814	0.0007227818775
42815	0.01555387226
42816	0.002753989367
42817	0.001679379386
42818	0.006528214144
42819	0.00727573317
42820	0.006704661036
42821	0.007535744802
42822	0.0009443879377
42823	0.001917639799
42824	0.0003522725497
42825	0.004283313787
42826	9.467676005e-05
42827	0.002924822498
42828	0.003187864292
42829	0.01520443106
42830	0.0008826456755
42831	0.009867815486
42832	0.001275011095
42833	0.001953013756
42834	0.001348971987
42835	0.0004438471301
42836	0.0008368092688
42837	0.0008408966264
42838	2.548516533e-05
42839	0.0005286989894
42840	0.0102402331
42841	0.001509557869
42842	0.001389788183
42843	0.01788774127
42844	0.009231628084
42845	0.000634425781
42846	0.001891252287
42847	0.0003498046088
42848	2.173408372e-05
42849	0.01362520414
42850	0.001449090151
42851	0.01316280644
42852	0.001679513987
42853	0.01113464485
42854	0.002643602808
42855	0.0004159284845
42856	0.004378950192
42857	0.005093158468
42858	0.001168646673
42859	0.002098071457
42860	0.00666372422
42861	0.003417456452
42862	0.01621957602
42863	0.0002683775357
42864	0.0004212366167
42865	0.001306655422
42866	0.008805214051
42867	0.001396052695
42868	0.0009073803005
42869	0.01255943877
42870	0.002902165772
42871	0.004925679629
42872	0.001676381582
42873	0.0100076148
42874	7.471145416e-05
42875	0.001451861386
42876	0.0009221042677
42877	7.90261276e-05
42878	0.004947810216
42879	0.02137024338
42880	0.0007438720684
42881	0.000388041876
42882	0.006623300311
42883	0.0004563525486
42884	0.0005055816491
42885	0.002538381918
42886	3.501356754e-05
42887	0.001042101044
42888	0.004580008848
42889	0.0006979712737
42890	0.007629283753
42891	0.003083105855
42892	0.006959649551
42893	9.810434465e-06
42894	0.002987127956
42895	0.001937750612
42896	0.01704737534
42897	0.004884501886
42898	0.0009433437595
42899	0.01603035603
42900	0.009507589444
42901	0.0004507635542
42902	0.0007566387475
42903	1.867193246e-05
42904	0.000312106712
42905	0.00408990402
42906	0.01531942256
42907	0.0008979780646
42908	0.002136442838
42909	0.002428843901
42910	0.0006780192664
42911	0.003307024197
42912	0.01263847475
42913	0.004449747655
42914	0.01064923568
42915	0.001088714047
42916	0.0001540576349
42917	0.005048903713
42918	0.002920382605
42919	0.0004898582744
42920	0.001122644839
42921	0.02051856372
42922	0.007266176769
42923	0.00720673403
42924	0.004401738161
42925	0.002044713316
42926	0.000990932416
42927	0.0006846160817
42928	0.0009976116489
42929	0.003762471571
42930	0.001479120933
42931	0.002127448673
42932	0.001585074965
42933	3.274559629e-05
42934	0.001279302595
42935	0.0002222947701
42936	0.002212631001
42937	0.002274988756
42938	0.0008560639298
42939	0.002703436034
42940	0.02891293656
42941	0.009264861787
42942	0.0151024217
42943	0.01992956198
42944	0.00409175255
42945	0.002271540182
42946	0.003361878724
42947	0.005844913622
42948	0.009848579541
42949	0.01518321869
42950	0.006271767564
42951	0.001028496561
42952	0.0002437038745
42953	0.01898507855
42954	0.01682963128
42955	0.00335221924
42956	0.005699346936
42957	0.0001739592306
42958	0.001848288789
42959	0.004180224435
42960	0.01109610484
42961	0.002379697447
42962	0.006844649901
42963	0.001032827317
42964	0.01857404245
42965	0.0009089409688
42966	0.005379524683
42967	0.005002938745
42968	0.0009486916242
42969	0.0006041680776
42970	0.009677812299
42971	6.475988e-05
42972	0.0005374243941
42973	0.002071557768
42974	0.0003579019036
42975	0.01434459371
42976	0.007372789794
42977	0.0003287218738
42978	0.003468700276
42979	0.005018159629
42980	0.03812993971
42981	0.00315090742
42982	0.0006042974118
42983	0.002631899927
42984	0.001566923378
42985	0.0005911859769
42986	0.001347995851
42987	0.002274496318
42988	0.0004034595679
42989	0.007161131725
42990	0.005420130542
42991	0.01772393568
42992	0.0008568154129
42993	0.0009430720005
42994	0.006589673705
42995	0.0002771260163
42996	0.002990983876
42997	0.002339142704
42998	0.002533918685
42999	0.00223181727
43000	0.008493845129
43001	0.004464929758
43002	0.00337119501
43003	0.006439911133
43004	0.002186879481
43005	0.03080904797
43006	0.00267000726
43007	0.0007208411159
43008	0.0008494981616
43009	3.664436137e-05
43010	0.0001522813283
43011	0.004319655685
43012	0.006505694201
43013	0.001040939588
43014	0.0009441355108
43015	0.0003249219933
43016	0.00174149617
43017	0.0007543757448
43018	0.0008649240889
43019	0.01354628209
43020	0.002957351909
43021	0.0005164423078
43022	0.002031136251
43023	0.0003531674613
43024	0.001399968252
43025	5.707036616e-05
43026	0.005201070047
43027	0.0006469801346
43028	0.006078653373
43029	0.007030298288
43030	0.00991494382
43031	0.02128103408
43032	0.002166270636
43033	0.007579217763
43034	0.001894238968
43035	0.005315548879
43036	0.002173434541
43037	0.001474799221
43038	0.007291726101
43039	0.006500396582
43040	0.02033048071
43041	0.00132045106
43042	0.01236501108
43043	0.0003270888242
43044	0.001139242715
43045	0.003401469323
43046	0.002873874922
43047	0.000624479576
43048	8.045826565e-05
43049	0.001347877869
43050	0.0001180447597
43051	0.001085921763
43052	0.01744103858
43053	0.008968286945
43054	0.001065072634
43055	0.005991557466
43056	0.007301433656
43057	0.004010406607
43058	0.000213762733
43059	0.002751388351
43060	0.0003303846422
43061	0.00271964218
43062	0.004791223116
43063	0.003367156803
43064	0.006152350139
43065	0.0007249409466
43066	0.001069535462
43067	0.005793821804
43068	0.002320261662
43069	0.01154142884
43070	0.01339206455
43071	0.00716058668
43072	0.0008918979294
43073	0.0002008556502
43074	0.001881087649
43075	0.0008595097959
43076	0.004240474426
43077	0.001052914274
43078	0.01400714027
43079	0.002907537472
43080	0.01018395547
43081	0.003378323778
43082	0.0008805710132
43083	0.01327486302
43084	0.007210530789
43085	0.001522425972
43086	0.004910433293
43087	0.003358370295
43088	0.0006260262644
43089	0.004122513467
43090	0.004530046953
43091	0.007543814567
43092	0.002692996998
43093	0.002158065702
43094	0.004047922961
43095	0.0008817954916
43096	0.02066621481
43097	0.002364515007
43098	0.004455875376
43099	0.01405929734
43100	0.0001330257317
43101	0.0009246897117
43102	0.001682578912
43103	0.001808479469
43104	0.003552449296
43105	0.00823455274
43106	0.0007891003692
43107	0.0006105297317
43108	0.006335829928
43109	0.0001237544244
43110	0.001210976585
43111	0.00679378226
43112	0.005149105011
43113	0.001511756993
43114	0.000119731174
43115	0.003726830302
43116	0.0009958395675
43117	0.006269104765
43118	0.007318816088
43119	0.006545119003
43120	0.009659411432
43121	0.01167377613
43122	0.003190305528
43123	0.007191418562
43124	0.002719185246
43125	0.0007912515548
43126	0.006937490219
43127	0.0003940098388
43128	0.008553677835
43129	0.002380170736
43130	0.01193457963
43131	0.000130339061
43132	0.002524728203
43133	0.007264001298
43134	0.0004074364011
43135	1.04715488e-05
43136	0.003200579967
43137	0.0004820293087
43138	0.007902056796
43139	0.004480442917
43140	0.01303550391
43141	2.732560297e-06
43142	0.002964691297
43143	0.01329481104
43144	0.001457467843
43145	0.01984572973
43146	0.0004195265143
43147	0.002989509175
43148	0.001691765145
43149	0.01082303655
43150	0.001377942105
43151	0.0002132930788
43152	0.0009886094231
43153	0.001109887874
43154	0.02118040686
43155	0.000129287642
43156	0.002018649482
43157	0.008689600274
43158	0.006915902188
43159	0.0007308554741
43160	0.02911477362
43161	0.005027903605
43162	0.02424691015
43163	0.008566090809
43164	0.009124408555
43165	0.003086516012
43166	0.001516542584
43167	0.0080421182
43168	0.01970541641
43169	0.001257567814
43170	0.003204360319
43171	0.0009172972177
43172	0.004118445875
43173	0.0180726799
43174	0.01497776756
43175	0.0007566349486
43176	0.006537180851
43177	0.0004744858272
43178	0.002799208145
43179	0.000894565634
43180	0.0004838824327
43181	0.006868772218
43182	0.003227255111
43183	8.638582459e-05
43184	0.0001967146994
43185	0.01040386284
43186	2.068286624e-05
43187	0.009874739046
43188	0.0003525301057
43189	0.006451095079
43190	0.01286009433
43191	0.01732127248
43192	0.0002359566569
43193	0.001200860293
43194	0.003701806792
43195	0.002614596413
43196	0.009022702159
43197	0.0009321020551
43198	0.0006619893538
43199	0.000436781014
43200	0.001652890076
43201	0.004046109906
43202	0.0007746298475
43203	0.00106982792
43204	0.001846084155
43205	0.008236411108
43206	0.0004151567798
43207	0.01989579359
43208	0.000855783127
43209	0.02201348435
43210	0.001680069348
43211	0.001880566249
43212	0.01212408705
43213	0.0018985223
43214	1.24603015e-05
43215	0.0014919113
43216	0.003595533295
43217	8.238240782e-05
43218	0.009360509366
43219	0.001411824289
43220	0.0004641984686
43221	0.004937579395
43222	0.000555597129
43223	0.006815914777
43224	0.0002224328988
43225	0.0007563000853
43226	0.001158729854
43227	0.0008975777332
43228	0.001283699329
43229	0.00297046779
43230	0.01350802955
43231	0.0003544278432
43232	0.0003235862839
43233	0.008206889994
43234	0.0005164699124
43235	0.004774858362
43236	0.0001931642571
43237	0.004271203207
43238	0.006148580353
43239	0.01437185106
43240	0.001533338215
43241	0.001727314689
43242	0.003138990036
43243	0.0003123692662
43244	0.01075493795
43245	0.001730134033
43246	0.02626811778
43247	0.01427834599
43248	0.01199162276
43249	0.002515980178
43250	0.000560051273
43251	0.0007047091564
43252	0.02292666402
43253	5.96455347e-05
43254	0.002690905521
43255	0.007988427588
43256	0.000233001638
43257	0.001111175731
43258	0.007590426883
43259	0.005569834225
43260	0.003656337237
43261	0.001585075154
43262	0.005430730631
43263	0.001066758492
43264	0.006542493815
43265	0.0003467469959
43266	0.001033451991
43267	0.00818409061
43268	0.001432450494
43269	0.006073277228
43270	6.666669266e-05
43271	0.007909828586
43272	4.207914379e-05
43273	0.008332728562
43274	0.003118169078
43275	0.009544757356
43276	0.001284008802
43277	0.004457239022
43278	0.0008144154469
43279	0.005172345217
43280	0.002192667567
43281	0.01434211012
43282	0.004125341918
43283	0.0002711932021
43284	0.001046912999
43285	0.0085638319
43286	0.0008011121817
43287	0.001603922963
43288	0.002870086483
43289	0.009611224921
43290	0.0005447190636
43291	0.002871724221
43292	0.004793820185
43293	0.001614634672
43294	0.005059920719
43295	0.01011410301
43296	0.004961760499
43297	0.01091452811
43298	0.00340431483
43299	0.007951056786
43300	0.0007123294626
43301	0.000468818598
43302	0.0009833435788
43303	0.002811159604
43304	0.00163862848
43305	0.01033107561
43306	0.01310291204
43307	0.0009367229536
43308	0.001191773811
43309	0.006356562885
43310	0.001416017318
43311	0.001369621451
43312	0.001759723995
43313	0.0009528413677
43314	0.001101799918
43315	0.001436560699
43316	0.0008440137456
43317	0.004703077435
43318	0.0009495088803
43319	0.0005339846969
43320	0.0002853877644
43321	0.0009651506014
43322	0.0006824176248
43323	0.02225895198
43324	0.01308044979
43325	0.005227134552
43326	0.01295882949
43327	0.001476488557
43328	0.02067074035
43329	0.008111394626
43330	0.004570812074
43331	0.0005704061886
43332	0.006876498187
43333	0.003504200597
43334	0.0008740445359
43335	0.001647564578
43336	0.001117183351
43337	0.001198880345
43338	0.0196640999
43339	0.0006556173694
43340	0.0002904927387
43341	0.004564413501
43342	0.001718725073
43343	0.003973237612
43344	0.00367867056
43345	0.006155698518
43346	0.001113286159
43347	0.00087426977
43348	0.007984462507
43349	0.0009097449097
43350	0.008425350255
43351	0.008777688978
43352	0.0002478164358
43353	0.02147991693
43354	7.690710205e-05
43355	0.0004210659577
43356	0.0001319006804
43357	0.0008341418202
43358	0.006964882062
43359	0.001582774
43360	0.00697460324
43361	0.01023508836
43362	0.0007579938913
43363	0.02177857309
43364	6.822488119e-05
43365	0.002959515593
43366	0.003984959868
43367	0.007821800798
43368	0.01837188947
43369	0.01495742614
43370	0.0005803606728
43371	0.0171295625
43372	0.002035753992
43373	0.001476758948
43374	0.002559547412
43375	0.01670538343
43376	0.01070200746
43377	0.008393193864
43378	0.003242028924
43379	0.002242575566
43380	0.000757093894
43381	0.001387339202
43382	0.0007141478407
43383	0.001173674485
43384	0.0004864470987
43385	0.00446911471
43386	0.0009886792799
43387	0.007813966964
43388	0.001825384377
43389	0.007916240944
43390	0.01089930856
43391	0.002654519413
43392	0.0003416745527
43393	0.0009282919208
43394	0.01103559319
43395	0.001950326565
43396	0.01666532007
43397	0.001312631031
43398	0.001783228408
43399	0.002922464975
43400	0.004698810254
43401	0.003909732033
43402	0.00423370037
43403	0.004761206611
43404	0.004548422093
43405	0.008384532587
43406	0.000874053375
43407	0.001079593862
43408	0.0005145149276
43409	0.003578162183
43410	0.001035000588
43411	0.003069533621
43412	0.009033268821
43413	0.004477434947
43414	0.001682278064
43415	0.001107759951
43416	0.0003989085492
43417	0.0003130015233
43418	0.008537934488
43419	0.009195748792
43420	0.004431305832
43421	0.0002770379766
43422	0.0003898924849
43423	0.0125607626
43424	0.003195022017
43425	0.000765848799
43426	0.002770137251
43427	0.002379988587
43428	0.000429981312
43429	0.001346499974
43430	0.0003494592902
43431	0.01687674358
43432	0.0003601776078
43433	0.01325301495
43434	0.000281288666
43435	0.0005296375663
43436	0.007688763246
43437	0.001760394548
43438	0.00403364073
43439	0.002288156569
43440	0.0008078175413
43441	0.01155713132
43442	0.01178099654
43443	0.0005219737946
43444	0.0006573745795
43445	0.004587999473
43446	0.0106666303
43447	0.002175836684
43448	0.0003809464346
43449	0.001404899969
43450	0.005757631419
43451	0.002046876035
43452	4.246400654e-05
43453	0.003294958285
43454	0.007082391737
43455	0.005868764876
43456	0.00165756706
43457	0.007492444897
43458	0.005654218048
43459	0.0004267877792
43460	0.01341638019
43461	0.002067340454
43462	0.002447909093
43463	0.007146712955
43464	0.003983448133
43465	0.002347717733
43466	0.01282573437
43467	0.001865019392
43468	0.001862767033
43469	0.007889911884
43470	0.005938904692
43471	0.008862912273
43472	0.001805360223
43473	0.0009041645129
43474	0.01071088962
43475	0.00211224001
43476	0.01628471507
43477	0.003155062496
43478	0.004605734868
43479	0.00224270208
43480	0.00165427417
43481	0.005982776708
43482	0.0008152721128
43483	0.005486466575
43484	0.001925759148
43485	0.004068723238
43486	0.002522435303
43487	0.00127151025
43488	0.002122204004
43489	0.008733518986
43490	0.008299915461
43491	0.004796805994
43492	0.001114891645
43493	0.01806367065
43494	0.01247459613
43495	0.01349822937
43496	0.006521127272
43497	0.007973011772
43498	0.02006131996
43499	0.0001337928654
43500	0.003359383629
43501	0.002626706489
43502	0.005090035565
43503	0.007600581087
43504	0.007146867071
43505	0.01044802038
43506	0.02232312705
43507	0.0005396504341
43508	0.004383224575
43509	0.003001644695
43510	0.002504303597
43511	0.001765640011
43512	0.00716611101
43513	0.003463774962
43514	0.003516590081
43515	0.01092401932
43516	0.001906417462
43517	0.000978578076
43518	0.0008220073063
43519	0.01651774933
43520	0.01038196639
43521	0.007568190219
43522	0.00105228977
43523	0.004907853803
43524	0.005408383037
43525	0.009380432478
43526	0.008860916366
43527	0.0005821527792
43528	0.001722691261
43529	0.01104806437
43530	0.0004635460275
43531	0.0005384482539
43532	0.001724504286
43533	0.004381650449
43534	0.007019489804
43535	0.00267041096
43536	0.004316355882
43537	0.0005618379139
43538	0.008416299434
43539	0.0002437431296
43540	0.0006728692548
43541	0.0009679374932
43542	0.01480618219
43543	0.001727675795
43544	0.01581006213
43545	0.006828356004
43546	0.0107138329
43547	0.001104815247
43548	0.01280845307
43549	0.0008248448165
43550	0.01302642233
43551	0.00568314429
43552	0.007809944737
43553	0.002247999358
43554	0.003255568727
43555	0.0002532797214
43556	0.005608451453
43557	0.001646825765
43558	0.001192635748
43559	0.002779095213
43560	0.0003661574673
43561	0.0007123198485
43562	0.0004035575292
43563	0.0004141636899
43564	0.0154791917
43565	0.00133852363
43566	0.0008685228678
43567	0.001425890894
43568	0.0004369728398
43569	0.005526898022
43570	0.00925229822
43571	0.0009413845522
43572	0.007089726053
43573	0.0008066158432
43574	0.002515238083
43575	0.004916177531
43576	0.0003287665968
43577	0.0001515056623
43578	0.000414457773
43579	0.002042168493
43580	0.0002982228178
43581	0.003621019265
43582	0.02247472377
43583	0.009745801295
43584	0.0001800231512
43585	0.001910746333
43586	1.507197349e-05
43587	0.001014241364
43588	0.005367824472
43589	0.003284910061
43590	0.00624771403
43591	0.001402776162
43592	0.00549480782
43593	0.004710055028
43594	0.001857181895
43595	0.005597958323
43596	0.000470426637
43597	0.02219910992
43598	0.01967860316
43599	0.0004178011821
43600	0.0031461784
43601	0.0004678157234
43602	0.001480843996
43603	0.002853469819
43604	0.0006443778896
43605	0.0003892036367
43606	0.007515985193
43607	0.001732750307
43608	0.009024584285
43609	0.003837800766
43610	0.006041324941
43611	0.01195115853
43612	0.001949771923
43613	0.007924698964
43614	0.003930664923
43615	0.008610983347
43616	0.0002873404533
43617	0.01313642493
43618	0.0008629322865
43619	0.008823590751
43620	0.0004084219334
43621	0.004471975053
43622	0.003291034836
43623	0.003269103346
43624	0.03345684604
43625	0.003567299338
43626	0.001294402652
43627	0.001447405765
43628	0.00452409024
43629	0.0009001190177
43630	0.001352165876
43631	0.0006760445991
43632	0.0005495456469
43633	0.02045022663
43634	0.005185369976
43635	0.0001245603364
43636	0.003189159316
43637	0.001270840704
43638	0.009207259091
43639	0.007522679673
43640	0.008544456136
43641	0.008211096405
43642	0.002111913283
43643	0.003117219165
43644	0.002445727337
43645	0.009747104511
43646	0.007470468101
43647	0.01332850325
43648	0.004516465633
43649	0.000551969817
43650	0.008330170001
43651	0.01332859566
43652	0.00042655438
43653	0.003484746592
43654	5.963129813e-05
43655	0.002218544858
43656	0.01323516087
43657	0.009478221562
43658	0.01012188224
43659	0.003794537157
43660	0.003630871133
43661	0.003314489583
43662	0.002453697604
43663	0.006184734822
43664	0.01084936866
43665	0.001471075892
43666	0.01597049732
43667	0.0009544406607
43668	0.00274315656
43669	0.001555619276
43670	0.002222127739
43671	0.0001480465191
43672	0.005281346256
43673	6.81654478e-05
43674	0.01766254822
43675	0.005040872284
43676	0.005735695524
43677	0.002187712397
43678	0.007232491146
43679	0.01499112661
43680	0.0002851677584
43681	0.009256888452
43682	0.0009640744647
43683	0.006381034882
43684	0.000908017373
43685	0.007755620253
43686	0.003324415925
43687	0.0229702709
43688	0.0009008974058
43689	0.013496167
43690	0.01036601329
43691	0.001701540286
43692	0.00509912145
43693	0.008902386659
43694	0.009312849556
43695	0.006712251187
43696	0.008784827809
43697	0.002943669068
43698	0.006611367183
43699	0.01204430466
43700	0.0008674749301
43701	0.0005083923184
43702	0.0007591771679
43703	0.006886477141
43704	0.00628841532
43705	0.001955084705
43706	0.0008678811265
43707	0.003923374804
43708	0.003985600575
43709	0.01091610105
43710	0.009421070174
43711	0.01231823733
43712	0.002981604795
43713	2.789478261e-05
43714	0.002777480538
43715	0.002946503308
43716	0.006092766916
43717	0.006438816974
43718	0.005985119087
43719	0.006668408431
43720	0.01228564186
43721	0.01459904057
43722	0.004515317297
43723	0.001054643569
43724	0.006340481506
43725	0.0004730058966
43726	0.002726792276
43727	0.02155303369
43728	0.002157382125
43729	0.01876585714
43730	0.01390407403
43731	0.01516811745
43732	0.004020997268
43733	0.001161406533
43734	0.001206297738
43735	0.001556730234
43736	0.003660304076
43737	0.004235055353
43738	0.0002234943696
43739	0.001068474435
43740	0.01122237461
43741	0.008266204826
43742	0.0006490942789
43743	0.00674211013
43744	0.001527615695
43745	0.001690869173
43746	0.008032431207
43747	0.005394099813
43748	0.0008987069732
43749	0.003048763603
43750	0.004334729163
43751	0.01096235215
43752	0.0005933018634
43753	0.002710554651
43754	0.003897161507
43755	0.002341881309
43756	0.002627056938
43757	0.001259583529
43758	0.001335386072
43759	0.00213910034
43760	0.00369012724
43761	0.002962863755
43762	0.008187955675
43763	0.01135749067
43764	0.000243337652
43765	0.000692515091
43766	0.007445412977
43767	0.003588626149
43768	0.00609717394
43769	0.001710157517
43770	0.002445154906
43771	0.01741149779
43772	0.0001533941795
43773	0.0005626989275
43774	0.004499298354
43775	0.0003401850184
43776	0.006276239461
43777	0.02002030248
43778	0.001849385091
43779	0.001797300013
43780	0.0007870712618
43781	0.003955060704
43782	0.0284485072
43783	0.01019779328
43784	0.006469663418
43785	0.006670922995
43786	0.000967838795
43787	0.005119150814
43788	0.003570322023
43789	0.003358946806
43790	0.002314711875
43791	0.001034007901
43792	0.00117159058
43793	0.00822391479
43794	0.00175044335
43795	0.001777517555
43796	0.000343333956
43797	0.0005103141072
43798	0.00612788082
43799	0.01886254336
43800	0.0009601875222
43801	0.01419361189
43802	0.002379288505
43803	0.004474046241
43804	0.003022896088
43805	0.005059079123
43806	0.000615197839
43807	0.001465555794
43808	0.008928811235
43809	0.0002794575305
43810	0.000386858693
43811	0.000647545487
43812	0.0003732918727
43813	0.002606771838
43814	0.00478218322
43815	0.0007963877443
43816	0.002006654829
43817	0.0004571617191
43818	0.002431464197
43819	0.003396724363
43820	0.003243892045
43821	0.002513246445
43822	0.0006655021439
43823	0.005805727704
43824	0.002295895749
43825	0.0009973944231
43826	0.01102458805
43827	0.007360963232
43828	0.0006347359242
43829	0.003220021421
43830	0.009984961567
43831	0.0006600154922
43832	0.008942098716
43833	0.00481896312
43834	0.006127679573
43835	0.004951943407
43836	0.005642194615
43837	0.0002648566057
43838	0.01055813548
43839	0.01750711591
43840	0.002754239463
43841	0.008322799692
43842	0.003865546475
43843	0.02415205262
43844	0.0004142321839
43845	0.00155007252
43846	0.001367965674
43847	0.00331327704
43848	0.003526155718
43849	0.006377023479
43850	0.0007900685961
43851	0.000588670305
43852	0.01511564299
43853	0.002647141302
43854	0.01337558684
43855	0.01751648351
43856	0.001132887095
43857	0.0005241730287
43858	0.001009181357
43859	0.004827719715
43860	0.002044374021
43861	0.0006932772986
43862	0.0235087535
43863	0.004559088878
43864	0.001507800412
43865	0.01436870823
43866	8.870465906e-05
43867	0.003856908211
43868	0.001377293933
43869	0.02696108653
43870	0.002644799599
43871	0.0008784037823
43872	0.01397251025
43873	0.01708403303
43874	0.007628616208
43875	0.02408178276
43876	0.001785477809
43877	0.0008958423606
43878	0.004899345283
43879	0.006063058932
43880	0.0007447128563
43881	0.0007057475652
43882	0.0074953389
43883	0.002849944801
43884	0.0009183984454
43885	0.001717644945
43886	0.0003465406807
43887	0.008807399564
43888	0.002751973329
43889	0.003387519939
43890	0.005137515827
43891	0.001873352811
43892	0.002357007564
43893	0.01423275143
43894	0.006441891274
43895	0.01234262082
43896	0.003163761297
43897	0.006613320683
43898	0.004670727032
43899	0.003088962185
43900	0.0005016438958
43901	0.01925255997
43902	0.0007989101565
43903	0.0004811754685
43904	0.003127955014
43905	0.000507209793
43906	0.001975784446
43907	0.002319369658
43908	0.001944479152
43909	0.00207511946
43910	0.001380808487
43911	0.005915845155
43912	0.00474382031
43913	0.005938677205
43914	0.00631707552
43915	0.004329704281
43916	0.01308140343
43917	0.001681755847
43918	0.0002661252917
43919	0.0005495391662
43920	0.006770153747
43921	0.01924360558
43922	0.0002120318894
43923	0.0006550730459
43924	0.001694914871
43925	0.01538373809
43926	0.001116313228
43927	0.003450652594
43928	0.005528203852
43929	0.0007809482957
43930	0.01564471679
43931	0.001831358737
43932	0.00291463742
43933	0.001156494397
43934	0.008247517125
43935	0
43936	0.003742092425
43937	3.547919377e-05
43938	0.004414919615
43939	0.002243592976
43940	0.00402202101
43941	0.001497164418
43942	0.001260624375
43943	0.003627712122
43944	0.006055263292
43945	0.002598578662
43946	0.001630381219
43947	0.008390008259
43948	0.006964577121
43949	0.0004869168109
43950	0.006357630817
43951	0.00735887682
43952	0.0001336743973
43953	0.001781108253
43954	0.002450002444
43955	0.0006893294447
43956	0.007914973789
43957	0.0006182419177
43958	0.008638998003
43959	0.00108816271
43960	0.007448867411
43961	0.006006271073
43962	0.01775526268
43963	0.001561291458
43964	0.01791835216
43965	0.009378693635
43966	0.0004012888557
43967	0.0004066416179
43968	0.002455249732
43969	0.004795634424
43970	0.0007052377069
43971	0.0080792025
43972	0.0009518689572
43973	0.01322090095
43974	0.0005541487664
43975	0.01287319526
43976	0.006512444559
43977	0.03036058208
43978	0.004132132835
43979	0.007341459367
43980	0.0006106124736
43981	0.01087615843
43982	0.01365596749
43983	0.01339300825
43984	0.001697023652
43985	0.001262002467
43986	0.003696951268
43987	0.001246445971
43988	0.00136575214
43989	0.0003200107221
43990	0.008248552114
43991	0.008750482957
43992	0.01162130704
43993	0.001031909256
43994	0.004412454434
43995	0.003722688642
43996	3.693252662e-05
43997	0.0001162559702
43998	0.002011580927
43999	0.0002167587909
44000	0.008944628127
44001	0.00561904118
44002	0.002439729802
44003	0.00622349133
44004	0.001245791911
44005	0.0007066130381
44006	0.001150742764
44007	0.005832792934
44008	0.02363653042
44009	0.0009412921546
44010	0.001549463297
44011	0.005164541818
44012	0.0051852442
44013	0.003973925382
44014	0.001250825093
44015	0.003594106527
44016	0.0002205442943
44017	0.006146997417
44018	0.00591993492
44019	0.007259022317
44020	0.008360668133
44021	0.0287997998
44022	0.001080063906
44023	0.0006585745453
44024	0.002164644627
44025	0.004984487325
44026	0.007740083801
44027	0.002123775603
44028	0.02062783184
44029	0.002425603226
44030	0.00671761347
44031	0.002443371336
44032	0.0002488542451
44033	0.00716250103
44034	0.0005138591188
44035	0.00749062495
44036	0.0110370252
44037	0.003237996976
44038	0.003763753499
44039	0.01348155246
44040	0.004300444623
44041	0.01840157706
44042	0.007793982088
44043	0.002865518774
44044	0.005111523989
44045	0.000382377234
44046	0.01873175272
44047	0.001020729129
44048	0.0001677162445
44049	0.005862389948
44050	0.003824771229
44051	0.003345634647
44052	0.00289434331
44053	0.004595483488
44054	0.001220983878
44055	0.007107267562
44056	0.005178029138
44057	6.862508447e-05
44058	0.001285048126
44059	0.001312075398
44060	0.01012585252
44061	5.771684498e-06
44062	0.01076839553
44063	0.006691816509
44064	0.003146553895
44065	0.001490475546
44066	0.008959476489
44067	0.000262514853
44068	0.0002180560669
44069	0.01002273581
44070	0.01120934928
44071	0.00277164589
44072	0.003230429999
44073	0.0003486205749
44074	0.002938530084
44075	0.008006058995
44076	0.002151932694
44077	0.0006219401287
44078	0.006110883062
44079	0.001752533499
44080	1.715875174e-05
44081	0.001667241993
44082	2.167570505e-05
44083	0.004418676125
44084	0.007832028869
44085	0.002163306703
44086	0.002456984726
44087	0.02146214587
44088	0.0004421526152
44089	0.00437827402
44090	0.000878076563
44091	0.0044875825
44092	0.001404519588
44093	0.013436901
44094	0.007126153578
44095	0.005334533919
44096	0.005475339717
44097	0.0004982936939
44098	0.02057673519
44099	0.001396380193
44100	0.0004123174381
44101	0.005081111379
44102	0.002434230946
44103	0.004155625335
44104	0.01360086174
44105	0.00115958192
44106	0.0007235261678
44107	0.002701602522
44108	0.004557463844
44109	0.005217131266
44110	0.01586633784
44111	0.001406840058
44112	0.002844348977
44113	0.001262648024
44114	0.0110132524
44115	0.002853068482
44116	0.001808052526
44117	0.005168982379
44118	0.003005457173
44119	0.009792829603
44120	0.000365567027
44121	0
44122	0.0009655964826
44123	0.001484414772
44124	0.008936117637
44125	0.001990658119
44126	0.0003633506212
44127	0.01114965116
44128	7.038044602e-05
44129	0.003238777753
44130	0.002049096267
44131	0.006317791218
44132	0.01367610884
44133	0.005155854702
44134	0.005680526699
44135	0.01469313288
44136	0.001275489513
44137	0.001616446591
44138	0.02629466059
44139	0.01044186626
44140	0.004211475892
44141	0.002723095126
44142	0.02333824073
44143	0.006751641603
44144	0.004242425093
44145	0.002850201486
44146	0.005540131787
44147	0.009590156324
44148	0.0002563752434
44149	0.007480301403
44150	0.007022947657
44151	0.001503715277
44152	0.0007581839108
44153	0.001427524821
44154	0.002750724418
44155	0.001274434091
44156	0.01145940015
44157	0.001401389882
44158	0.008949193678
44159	0.008278101245
44160	0.000325661201
44161	0.006863887313
44162	0.01023472681
44163	0.00259201658
44164	3.742489168e-05
44165	0.001190465401
44166	0.01739399047
44167	0.001233927203
44168	0.003412692481
44169	2.302169496e-05
44170	0.0002678832399
44171	0.004606687098
44172	0.003706084289
44173	0.001790005393
44174	0.003775216594
44175	0.00460854492
44176	0.007229739275
44177	0.006244875463
44178	0.0001225683632
44179	0.002789223555
44180	0.003628738617
44181	0.002033911092
44182	0.007602875114
44183	0.01511967006
44184	0.007452691528
44185	0.01280749669
44186	0.01953646422
44187	0.002434232591
44188	0.004240994949
44189	0.01324234563
44190	0.01645146339
44191	0.005171890298
44192	0.00850053174
44193	0.01149859989
44194	0.009521779867
44195	0.004967939735
44196	0.0008062674246
44197	0.0006408017533
44198	0.003165517044
44199	0.0005835872956
44200	0.0002564639072
44201	0.002159753848
44202	0.009003790723
44203	0.01213339949
44204	0.005146217554
44205	5.999219267e-05
44206	0.01647683749
44207	0.0004405513579
44208	0.02589154479
44209	0.007134504511
44210	0.002085605236
44211	0.006872325458
44212	0.01662060822
44213	0.001805353248
44214	0.02153680365
44215	0.002303029401
44216	0.0009810990345
44217	0.001034602699
44218	0.00543714579
44219	0.01187633386
44220	0.00449312099
44221	0.0009521208579
44222	0.01920188399
44223	0.0171607343
44224	0.009527224556
44225	0.001079113129
44226	0.01066953494
44227	5.594468365e-05
44228	0.0009361087507
44229	0.002928753781
44230	0.0002850618074
44231	0.0009207332841
44232	0.0003795598056
44233	0.003361393198
44234	0.007633869796
44235	0.003493043106
44236	0.005453394701
44237	0.009572716731
44238	0.0003060248231
44239	0.01030121138
44240	0.001049159533
44241	0.006675903921
44242	0.009296813761
44243	0.01608374624
44244	0.001027863441
44245	0.004891065033
44246	0.001672026177
44247	0.0002886856607
44248	0.0004249222626
44249	0.003058908158
44250	0.004273275469
44251	0.003975239418
44252	0.0002199619567
44253	0.002933368834
44254	2.664204063e-05
44255	0.003848793607
44256	0.001517141112
44257	0.001122156687
44258	0.009023394717
44259	0.0006321252993
44260	0.001773715813
44261	0.002994401132
44262	0.01454642361
44263	0.004129822208
44264	0.0001629028179
44265	0.01948409475
44266	0.00623083376
44267	0.006375017995
44268	0.004961653024
44269	0.001255172924
44270	0.004165928459
44271	0.007558004773
44272	0.007445252088
44273	0.009611086639
44274	0.0006490064345
44275	0.0212231421
44276	0.0003067525134
44277	0.003193018197
44278	0.00908232624
44279	0.009055698705
44280	0.0008824139951
44281	0.005571990233
44282	0.003296562604
44283	0.004674608833
44284	0.002617871095
44285	0.001249661053
44286	0.003424688872
44287	0.009705517828
44288	0.00295306343
44289	0.0001537711017
44290	0.003836014463
44291	0.00199959924
44292	0.002785787236
44293	0.001936424235
44294	0.006211843192
44295	0.007146609662
44296	0.002029941814
44297	0.0001028224802
44298	0.001554919453
44299	0.005533582263
44300	0.008347169436
44301	0.02211211052
44302	0.0003152435319
44303	0.002986165498
44304	0.003735067967
44305	0.008194739329
44306	0.0006101628693
44307	0.000666825322
44308	0.000356879676
44309	0.003688042581
44310	0.0007650121675
44311	0.002653263165
44312	0.004415476305
44313	0.003367304909
44314	0.002826414868
44315	0.007566328495
44316	0.006859983942
44317	1.387179343e-07
44318	0.009250926158
44319	0.0004047191525
44320	0.00466672048
44321	0.01724608587
44322	0.0005814039872
44323	0.00136900393
44324	0.01624838374
44325	0.007431688553
44326	0.0009312538934
44327	0.01020878637
44328	0.002870437482
44329	0.002683606925
44330	0.002097741517
44331	0.02519027863
44332	0.001609939846
44333	0.002658343
44334	0.00381279951
44335	0.004297907375
44336	0.004139482557
44337	0.0001929622514
44338	0.00806869124
44339	0.00800698336
44340	0.01082615681
44341	0.008082955448
44342	0.007683092954
44343	0.003568345834
44344	0.001423722018
44345	0.0117535341
44346	0.006812310896
44347	0.0004197439561
44348	0.002352518602
44349	0.00793484763
44350	0.0005939608223
44351	0.004892252997
44352	0.002782781736
44353	0.004105773478
44354	2.120159384e-05
44355	0.009320958652
44356	0.01489778283
44357	0.0003669154329
44358	0.002722771112
44359	0.000586267163
44360	0.0003107525031
44361	0.000668548611
44362	0.001185123031
44363	0.0008970498526
44364	0.001076970065
44365	0.000678672159
44366	0.00335023694
44367	0.006209465685
44368	0.009094954431
44369	0.004182389435
44370	0.0007331625536
44371	0.01165778414
44372	0.0002128555884
44373	0.006657894763
44374	0.0003070540879
44375	0.0003932678007
44376	0.004008079251
44377	0.005071361599
44378	0.00610495901
44379	0.005830063225
44380	0.002989839212
44381	0.001019022244
44382	0.00529598782
44383	0.001571968229
44384	0.001362707559
44385	0.005280547208
44386	0.002575494968
44387	0.007433385301
44388	0.004324729478
44389	0.001949969851
44390	0.002918074117
44391	0.004581135138
44392	0.002473514939
44393	0.0003647919837
44394	0.00629256813
44395	0.004092180082
44396	0.02496476946
44397	0.003086410065
44398	0.0002454027207
44399	0.001769709331
44400	0.004009491544
44401	0.01055542991
44402	0.003301585127
44403	0.02496524796
44404	0.006242793358
44405	0.00050946179
44406	0.009426399835
44407	0.004347012701
44408	0.001258544378
44409	0.002770438049
44410	0.001652273598
44411	0.0045928356
44412	0.002239995155
44413	0.00205085247
44414	0.002937545282
44415	0.004736047305
44416	0.0006023207375
44417	0.003507574017
44418	0.02616401267
44419	0.002202085676
44420	0.01906438517
44421	0.006498632772
44422	0.0006883100201
44423	0.001517082935
44424	0.005327790539
44425	0.004816160434
44426	0.001747974143
44427	0.0005314183733
44428	0.007791307288
44429	0.005098879442
44430	0.009499345717
44431	0.003225172744
44432	0.002507988863
44433	0.004397530731
44434	0.0004049540406
44435	0.001549664713
44436	0.002919627076
44437	0.01433869505
44438	0.004300007482
44439	0.01090197818
44440	0.003559703422
44441	0.0009396849366
44442	0.01424790604
44443	0.001675205905
44444	0.001920840141
44445	0.002820127659
44446	0.006741083848
44447	0.0006546510904
44448	0.0112060416
44449	0.01403594737
44450	0.0004077964996
44451	0.00244321945
44452	0.006664918919
44453	0.003505154118
44454	0.0005566700487
44455	0.0007344056752
44456	0.0001718926832
44457	0.003229162718
44458	0.007805507099
44459	0.003919910067
44460	0.0006677182251
44461	0.0009042197989
44462	0.003665321011
44463	0.003696187581
44464	0.01953798569
44465	0.01229134523
44466	0.003263617217
44467	0.005055630127
44468	0.009798918901
44469	0.0004717780234
44470	0.004523683732
44471	0.01603595258
44472	0.004839338345
44473	0.01603261532
44474	0.004486661391
44475	0.0001577969779
44476	0.01382745143
44477	0.00820439686
44478	0.004152925096
44479	0.004805432389
44480	0.001905668815
44481	0.002221057236
44482	0.0111242948
44483	0.003826642272
44484	0.007541727545
44485	0.01526326849
44486	0.0005625598651
44487	0.007310037356
44488	0.003830722134
44489	0.005570886727
44490	0.004789285835
44491	0.002442611472
44492	0.001957603109
44493	0.01193409343
44494	0.004880077238
44495	0.01166313514
44496	0.007855924118
44497	0.002317417696
44498	0.0006550679496
44499	0.0002892769003
44500	0.01289000216
44501	0.0003326642647
44502	0.01553967661
44503	0.0001573036578
44504	0.002890832694
44505	0.007389974842
44506	0.003152695609
44507	0.004461341367
44508	0.01350335603
44509	0.008791247478
44510	0.01033190033
44511	0.01253346408
44512	0.01007377509
44513	0.002491847947
44514	0.02065357828
44515	0.002915056597
44516	0.002356643486
44517	0.0001499536734
44518	0.00603136823
44519	0.0001485966881
44520	0.0003239519457
44521	0.01076299658
44522	0.006702820062
44523	0.0002921418581
44524	0.008540475403
44525	0.0132408285
44526	0.008173765445
44527	0.003179728934
44528	0.00265112014
44529	0.01439247052
44530	8.883618971e-05
44531	0.001588078647
44532	0.01419504547
44533	0.009729872051
44534	0.0003741713404
44535	0.002729994235
44536	0.003323540012
44537	0.002512852684
44538	0.0003500762896
44539	0.002489388986
44540	0.0007652951573
44541	0.003126892324
44542	0.002008765034
44543	0.002432672363
44544	0.01857150305
44545	0.0001511829913
44546	0.002450101679
44547	0.01031626165
44548	0.00337645021
44549	0.0001905833862
44550	0.005902888709
44551	0.005407603811
44552	0.002007593741
44553	0.01469887843
44554	0.01282602273
44555	0.0146041695
44556	0.002621546548
44557	0.004852679369
44558	0.002839431589
44559	0.003099035963
44560	0.001651880802
44561	0.0002783423214
44562	0.006892868573
44563	0.0009303574614
44564	0.0001270526617
44565	0.002259178057
44566	0.001514688033
44567	0.01583078529
44568	0.001459309162
44569	0.0006917654202
44570	0.0006122931581
44571	0.008034231401
44572	0.0001557863764
44573	0.0003701013119
44574	0.0173520624
44575	0.005151012801
44576	0.008955985699
44577	0.0007229284777
44578	0.001712867957
44579	0.005373055351
44580	0.001642174634
44581	0.002006488295
44582	0.001876081776
44583	0.002863883262
44584	0.003088371235
44585	0.002630300681
44586	0.01003686953
44587	0.00243237366
44588	0.01014657279
44589	0.0006652937614
44590	0.002284376324
44591	0.003004049308
44592	0.006746633041
44593	0.0009957360777
44594	0.00148881379
44595	0.001982888806
44596	0.002983704907
44597	0.006886219449
44598	0.01351935658
44599	0.00130216583
44600	0.002414794229
44601	0.004606729803
44602	0.0006681638492
44603	0.007274667021
44604	0.003881209918
44605	0.005223210375
44606	0.001686105168
44607	0.002799526841
44608	0.000882473427
44609	0.006179001588
44610	0.0004103688041
44611	0.001204225711
44612	0.001846998629
44613	0.01637816633
44614	0.002093639779
44615	0.0006224602035
44616	0.0004298092258
44617	0.001776435499
44618	0.001421747165
44619	0.008687804769
44620	0.000833715073
44621	0.02618558763
44622	0.0001308979707
44623	0.008346616341
44624	0.0003168700155
44625	0.0009223605967
44626	0.002079554833
44627	0.000277497682
44628	0.01021393419
44629	0.008380266529
44630	0.0007920508951
44631	0.003356128072
44632	0.0006881373299
44633	0.001185231249
44634	0.006863657716
44635	0.001953624453
44636	0.002296926968
44637	0.001965802169
44638	0.0004228939105
44639	0.007330419394
44640	0.004077007326
44641	0.0136803767
44642	0.004270177734
44643	0.0007708031295
44644	0.0002186473317
44645	0.001434722492
44646	0.01142994647
44647	0.009879337397
44648	0.007646676125
44649	0.003138943659
44650	0.0006059020991
44651	0.002994895907
44652	0.002055620267
44653	0.009392082393
44654	0.01106536628
44655	0.0004432211515
44656	0.0004772326672
44657	0.008136509839
44658	0.00280331273
44659	0.006007240701
44660	0.0001424051694
44661	0.0008120362745
44662	0.01112072067
44663	0.008031666143
44664	0.01980902179
44665	0.008187173072
44666	0.0001392856617
44667	0.007951933952
44668	0.004122255899
44669	0.0001320053553
44670	0.005357211027
44671	0.001024732446
44672	0.0001061606398
44673	0.0256648269
44674	0.002957038368
44675	0.00133759228
44676	0.01251731821
44677	0.005379021116
44678	0.003032935557
44679	0.003027365455
44680	0.002628619524
44681	0.009536562689
44682	0.01212045306
44683	0.0003640875558
44684	0.02732960559
44685	0.007176622884
44686	0.007340404819
44687	0.002646757875
44688	5.515800967e-05
44689	0.00104919208
44690	0.0007141097286
44691	0.0004034524354
44692	0.002405716375
44693	0.003155191976
44694	0.006231830576
44695	0.004117481067
44696	0.005224722346
44697	0.007786447989
44698	0.003581751297
44699	0.005647471679
44700	0.002382179943
44701	0.005042691048
44702	0.001728494872
44703	5.639189657e-05
44704	0.006612935304
44705	0.001678456454
44706	0.001853607714
44707	0.01257238877
44708	0.001467440779
44709	0.001685419894
44710	0.003294892972
44711	0.004242453002
44712	0.000446367461
44713	0.02069530548
44714	1.98004595e-06
44715	0.007980790034
44716	0.000243192942
44717	0.003766937328
44718	0.002736925401
44719	0.0008026611389
44720	0.008098867149
44721	0.007269051592
44722	0.00411753144
44723	0.0006261711314
44724	4.310817553e-05
44725	0.00423083443
44726	0.007139603077
44727	0.001159770099
44728	0.002246469069
44729	0.001949005296
44730	0.001013286328
44731	0.001775749537
44732	0.01066876515
44733	0.01602908215
44734	0.0003578849623
44735	0.002690042066
44736	0.0012180866
44737	0.002975562548
44738	0.002701603676
44739	0.007644255674
44740	0.009753491105
44741	0.007597165114
44742	0.01088995667
44743	0.0003056396329
44744	0.000313579119
44745	0.0002702593818
44746	0.004003939576
44747	0.01491820917
44748	3.570546089e-05
44749	0.001014341998
44750	0.002030733898
44751	0.00444671692
44752	0.002524374961
44753	0.008306972922
44754	0.00969960821
44755	0.005662795346
44756	0.001610005545
44757	0.0126458735
44758	0.00170843427
44759	0.0001644042648
44760	0.004239225412
44761	0.007640832646
44762	0.0004218597355
44763	0.004244999203
44764	0.003085703032
44765	0.01059429405
44766	0.01576767282
44767	0.008357196545
44768	0.003250932655
44769	0.0001793649093
44770	0.000561186424
44771	0.003560213572
44772	0.00991117155
44773	0.001806505883
44774	0.01354719302
44775	0.0004636320262
44776	0.0002148458191
44777	0.0003587466097
44778	0.01083166372
44779	0.004223796392
44780	0.0001171267255
44781	0.007947862032
44782	0.002296280818
44783	0.00768582348
44784	0.0004882340957
44785	0.003990859287
44786	0.003951807336
44787	0.0001706340258
44788	0.0130960101
44789	0.004878522425
44790	0.0008311500591
44791	0.009034710196
44792	0.0002313890899
44793	0.003614456018
44794	0.005640086506
44795	0.0001475387929
44796	0.005022476189
44797	0.02165131124
44798	0.01711432482
44799	0.0002766028549
44800	0.003942854322
44801	0.002607992475
44802	0.002475936392
44803	0.003382460533
44804	0.008029237683
44805	0.01365686872
44806	0.008462572164
44807	0.0004217091917
44808	0.0003554904785
44809	0.0002513746682
44810	0.01634626036
44811	0.003549644753
44812	0.001593140803
44813	0.01033167767
44814	0.003958819435
44815	0.0133760937
44816	0.0205755062
44817	0.001991727248
44818	0.005684768799
44819	0.009806251961
44820	0.006621656007
44821	0.02009492146
44822	0.0008342572506
44823	0.002968062626
44824	0.01175255558
44825	0.001323684434
44826	0.005964677798
44827	0.01061034484
44828	0.0001833497791
44829	0.001463618405
44830	0.004365220995
44831	0.005610675126
44832	0.009050916993
44833	0.004274117876
44834	0.01873862959
44835	0.000704303267
44836	0.002176098608
44837	0.0002781964005
44838	0.003038220686
44839	0.009746434467
44840	0.0003497404471
44841	0.005388976646
44842	0.003475658001
44843	0.01030019525
44844	0.002242731031
44845	0.004289639182
44846	0.0004633879592
44847	0.0008676637375
44848	0.002637757392
44849	0.001483374789
44850	0.0009899292226
44851	0.001109483255
44852	0.0006612687857
44853	0.001884816533
44854	0.01143432277
44855	0.004814002323
44856	0.0004230020309
44857	0.0003147365853
44858	0.01024969854
44859	0.0004618956455
44860	0.008024289321
44861	0.000214426469
44862	0.0003779799283
44863	0.002111596425
44864	6.722693355e-05
44865	0.005427358318
44866	0.003733915673
44867	0.0001588241259
44868	0.002053233811
44869	0.01419991842
44870	0.006682858715
44871	0.002025579652
44872	0.00867935763
44873	0.0004950899854
44874	0.02013032755
44875	0.005496195174
44876	0.005603122472
44877	6.76321737e-05
44878	0.001149780375
44879	0.003930296386
44880	0.004522650722
44881	0.001007109815
44882	0.01091062932
44883	0.01599598563
44884	0.000433912723
44885	0.008051953467
44886	0.004606343478
44887	0.008148776305
44888	0.005402252017
44889	0.005491752318
44890	0.005330974847
44891	0.01896772395
44892	0.0004282117167
44893	0.001969019672
44894	0.02251357367
44895	0.0003489892503
44896	0.01001217462
44897	0.01393377875
44898	0.002602830439
44899	0.0009706938809
44900	0.01394622694
44901	0.0004329900325
44902	0.0006441468752
44903	0.001527080008
44904	0.0001870971507
44905	0.0122159001
44906	0.0004241718321
44907	0.0009255226694
44908	0.0009927699643
44909	0.01223563405
44910	0.0008694597253
44911	0.0008725589995
44912	0.0005633295444
44913	0.002140446583
44914	0.002175951621
44915	0.002798081556
44916	0.003797062858
44917	0.001209468087
44918	0.005730211174
44919	0.0002970494327
44920	0.01387084316
44921	1.523379178e-05
44922	0.0008072574117
44923	0.0006261737458
44924	0.009398557602
44925	0.001788875875
44926	0.002613957966
44927	0.002551592532
44928	0.003722790486
44929	0.004659155768
44930	0.00110184895
44931	0.0007186277307
44932	0.001319253847
44933	0.003118764821
44934	0.0006367523538
44935	0.0006671066279
44936	0.0008235713873
44937	0.002815561414
44938	0.007919681138
44939	0.0145875758
44940	0.002946472351
44941	0.0004515412416
44942	0.003361421048
44943	0.0004030446123
44944	0.01395387017
44945	0.004306550223
44946	0.005024707624
44947	0.01467562145
44948	0.009787999933
44949	0.00665195634
44950	0.00618577396
44951	0.001949288342
44952	0.0001311771062
44953	0.009902899563
44954	0.009366219862
44955	0.0007330206452
44956	0.008626042293
44957	0.02018463475
44958	0.001097594209
44959	0.00258695431
44960	0.003939434956
44961	0.0002595316709
44962	0.0004659372996
44963	0.0006346747759
44964	0.003370759488
44965	0.0009744208434
44966	0.01306664794
44967	0.0002796888993
44968	0.005890200746
44969	0.0119512576
44970	0.005777045874
44971	0.009310856205
44972	0.005172997287
44973	0.008727378164
44974	0.001105011773
44975	0.004180439984
44976	0.008209041113
44977	0.007005060353
44978	0.005496836849
44979	0.001090606814
44980	0.002434104899
44981	0.02123004043
44982	0.002751211369
44983	0.0027361037
44984	0.006374891547
44985	0.0196508777
44986	0.001048070882
44987	0.002010946501
44988	0.01081303319
44989	0.00111566815
44990	2.994509318e-05
44991	0.0007436049785
44992	0.0001242308589
44993	0.01210083293
44994	0.0008419846724
44995	0.002553478922
44996	8.977315332e-06
44997	0.0006131739862
44998	0.001890062772
44999	0.00155072841
45000	6.449638503e-05
45001	0.0003117780369
45002	0.000285814718
45003	0.0004406181804
45004	0.001291265956
45005	0.01818695629
45006	0.02658438359
45007	0.0001749487843
45008	0.00844521476
45009	0.003083961947
45010	0.01119657409
45011	0.0004293520965
45012	0.003663197631
45013	0.003100628802
45014	0.004076212257
45015	0.009852338507
45016	0.0002622864143
45017	0.007879538714
45018	0.0005679074761
45019	0.01434978705
45020	0.008653938625
45021	0.006484266877
45022	0.0006499467448
45023	0.00653118543
45024	0.009961452846
45025	0.0009813418895
45026	0.003464806343
45027	0.0002343059073
45028	0.00164312535
45029	0.002274557424
45030	0.0006553294297
45031	0.006235853012
45032	0.005159374529
45033	0.001468357501
45034	0.001814163623
45035	0.006570873062
45036	0.001579136564
45037	0.006834985381
45038	0.006042126868
45039	0.0012867165
45040	0.01058635111
45041	0.002567526847
45042	0.006940378222
45043	0.0004241010225
45044	0.005685128077
45045	0.008445045977
45046	0.0009335220766
45047	0.003517082335
45048	0.008132775316
45049	0.004673203191
45050	0.001118825706
45051	0.0009085895045
45052	0.001881610446
45053	0.0008970075765
45054	0.009423664463
45055	0.0008916138781
45056	0.001576833672
45057	0.002016401184
45058	0.000717681316
45059	0.00457261732
45060	0.0006710118335
45061	0.001079507039
45062	0.006490010138
45063	0.0006388736359
45064	0.00461346725
45065	0.002072528212
45066	0.005301801779
45067	0.001534584708
45068	0.002728817134
45069	0.01141581434
45070	0.0119264459
45071	0.001557696258
45072	0.001694879945
45073	0.0002600426249
45074	0.02489222301
45075	0.003655054617
45076	0.002815821972
45077	0.005432630075
45078	0.03146618911
45079	0.01263557868
45080	0.002232533049
45081	0.004494276139
45082	0.001614940065
45083	0.002827601388
45084	0.002695741177
45085	0.009395700321
45086	0.02559730392
45087	0.0008882759139
45088	0.005431111703
45089	0.00774578076
45090	0.00192044898
45091	0.0003094498792
45092	0.002913953375
45093	0.01691055908
45094	0.0002050375936
45095	0.0001179237472
45096	0.004738177359
45097	0.0009254157474
45098	0.007512712248
45099	0.008152924647
45100	0.002788460679
45101	0.0004924755389
45102	0.001508513305
45103	0.008494937105
45104	8.122987279e-05
45105	0.001817788398
45106	0.004161696701
45107	0.001226928476
45108	6.510389505e-05
45109	0.00625643207
45110	0.01700668785
45111	0.002942648399
45112	0.002862987699
45113	0.009596337567
45114	0.005613517551
45115	0.0002015413229
45116	0.001741852322
45117	0.001250843124
45118	0.0008375306155
45119	0.006508548392
45120	0.01753350692
45121	0.003996389996
45122	0.009725301012
45123	0.0002723586777
45124	0.0001861487099
45125	0.006057670742
45126	0.0001806316679
45127	0.002045967754
45128	0.002320453397
45129	0.0005754636827
45130	0.001686917362
45131	0.000240105779
45132	0.0003038321146
45133	0.006276175707
45134	5.013756049e-05
45135	0.0008935063809
45136	0.003800927118
45137	0.002695330036
45138	0.0004861161332
45139	0.004932067276
45140	0.004340730034
45141	0.001214543151
45142	0.007520869385
45143	0.002297414346
45144	0.01210373875
45145	0.003174922101
45146	0.001116680856
45147	0.001515730623
45148	0.000877372898
45149	0.002805616366
45150	0.009646948715
45151	0.0003741124884
45152	0.001790694442
45153	0.0007268369978
45154	0.003354505502
45155	0.01126473776
45156	0.001801370006
45157	0.001079403378
45158	0.004042604341
45159	0.0003428890042
45160	0.0001516766647
45161	0.0001778213027
45162	0.02196450222
45163	0.0001035932326
45164	0.007629342258
45165	0.001125819342
45166	0.01466609284
45167	0.007677804815
45168	0.001828229294
45169	0.002091729224
45170	0.001711996312
45171	0.007953210522
45172	0.003905836621
45173	0.002638308721
45174	0.008638921704
45175	0.007467541593
45176	0.002092248145
45177	0.0049552183
45178	0.0001212823169
45179	0.001441090613
45180	0.004939175951
45181	0.0290130464
45182	0.008388407657
45183	0.02138595612
45184	0.000426504578
45185	0.000359361853
45186	0.008870093454
45187	0.0005796397997
45188	0.007184185949
45189	0.0006282552783
45190	0.0005266206362
45191	0.00324665293
45192	0.003114830924
45193	0.0004209550121
45194	0.004805653451
45195	0.001369843089
45196	0.0002549494798
45197	0.01012979386
45198	0.007412942501
45199	0.004942244877
45200	0.0002382222638
45201	0.001269873719
45202	0.01122849519
45203	0.005930335732
45204	0.002585988244
45205	0.002068550737
45206	0.0003087177318
45207	0.009378696686
45208	0.006043934835
45209	0.01032978305
45210	0.003903216783
45211	0.01184897071
45212	0.0007382483559
45213	0.002112472397
45214	0.01731062984
45215	0.002051428545
45216	0.003250063232
45217	0.0008606068065
45218	0.003793735947
45219	0.001871789883
45220	0.0004969661197
45221	0.002001186779
45222	0.001219618373
45223	0.006329479462
45224	0.00833853969
45225	0.001049548316
45226	0.009544597035
45227	0.006189893078
45228	0.006015145904
45229	0.01310460655
45230	0.007550174322
45231	0.001075900437
45232	0.007317956639
45233	0.001014242293
45234	0.01077833383
45235	0.005907698745
45236	0.01275493252
45237	0.002764566034
45238	0.005965650736
45239	0.0006689998189
45240	0.02983891777
45241	0.01422697486
45242	0.001408841508
45243	0.009113410296
45244	0.005021116718
45245	0.0007792162752
45246	0.00225851859
45247	0.009712071985
45248	0.008077209959
45249	0.0008441393407
45250	0.01908529839
45251	0.01067606892
45252	0.001791813401
45253	0.002507521376
45254	0.01336434686
45255	0.00155269662
45256	0.001853212592
45257	0.004187346289
45258	0.0001486406
45259	0.003175115114
45260	0.0008149439583
45261	0.003515736754
45262	0.009322059302
45263	0.003960076491
45264	0.002130580494
45265	6.348835449e-05
45266	0.002507410225
45267	0.007654122331
45268	0.004592042388
45269	0.005595145674
45270	0.005402934846
45271	0.00139312622
45272	0.004257182292
45273	0.003142954543
45274	0.002382758993
45275	0.001102297896
45276	0.003258976761
45277	0.01115574513
45278	0.0002246527361
45279	0.01036529185
45280	0.003208386686
45281	0.002276383111
45282	0.0002178466542
45283	0.005331484253
45284	0.007649417648
45285	0.00295489905
45286	0.003727973864
45287	0.009815687542
45288	0.001037340622
45289	0.00193742368
45290	0.007560834395
45291	0.000288524131
45292	0.0004272925135
45293	0.0006788904125
45294	0.007224761589
45295	0.002213959001
45296	0.0007555928042
45297	0.0006613590104
45298	0.0003478915178
45299	0.0002891515351
45300	0.005092981744
45301	0.000992097673
45302	0.001964252327
45303	0.00452489135
45304	0.000368916422
45305	0.003773098918
45306	0.001882512698
45307	0.004788688691
45308	0.005067714649
45309	0.005401604808
45310	0.000184257593
45311	0.0001888574732
45312	0.005681933075
45313	0.002108284091
45314	0.0005760068373
45315	0.00165303658
45316	0.02014214022
45317	0.0009120898987
45318	0.002912802824
45319	0.006002534657
45320	0.002769947036
45321	0.00205950583
45322	0.01139798094
45323	0.006808356529
45324	0.006998276798
45325	0.003955064141
45326	0.01037526632
45327	0.003532924777
45328	0.007307820284
45329	0.001595843265
45330	0.002199307905
45331	0.0005363490396
45332	3.585338376e-05
45333	0.0008079891227
45334	0.001458843704
45335	0.005912527648
45336	0.001870317765
45337	0.01609937601
45338	0.0008218314612
45339	0.01650905749
45340	0.001493714487
45341	0.002370271389
45342	0.01261999482
45343	0.001573992439
45344	0.01080443672
45345	0.002379507441
45346	0.01964932134
45347	0.0004651995502
45348	0.003751089503
45349	0.001053869694
45350	0.006056035059
45351	0.02040198372
45352	0.001541540131
45353	0.0001670729681
45354	0.004244945134
45355	0.003550268547
45356	0.002071680189
45357	0.002908357984
45358	0.01064617365
45359	0.001040238384
45360	0.00427812762
45361	0.004278927556
45362	0.01664800382
45363	0.008718907849
45364	0.009250328966
45365	0.001685838093
45366	0.003883389261
45367	0.001016551192
45368	0.001469746609
45369	0.001829995936
45370	0.01227218878
45371	0.001088197968
45372	0.006615521842
45373	0.004054784896
45374	0.0003502626585
45375	0.008693725747
45376	0.004821266811
45377	0.007425751309
45378	0.01322361983
45379	0.003752385639
45380	0.01046325045
45381	0.005600052698
45382	0.000934522288
45383	0.0002749863255
45384	0.008563747638
45385	0.01099365406
45386	0.003555052743
45387	0.00124219478
45388	0.003487230161
45389	0.01011251955
45390	0.01930380565
45391	0.001566881602
45392	0.001398913101
45393	0.0001715616993
45394	0.007996010882
45395	0.02190581514
45396	0.005574943868
45397	0.004027244503
45398	0.001036847821
45399	0.00179788661
45400	0.0001059537926
45401	0.0101191999
45402	0.003161019332
45403	0.000214718195
45404	0.01748587757
45405	0.0003545473973
45406	0.004307898964
45407	0.001611766793
45408	0.0004998511187
45409	0.003741485406
45410	0.003351283602
45411	0.001925415009
45412	0.01281581322
45413	0.006034774785
45414	0.01654297253
45415	0.002683059627
45416	0.00606717546
45417	0.00514073313
45418	0.004864599598
45419	0.01129850116
45420	0.005736494517
45421	0.0089495904
45422	0.01552666529
45423	0.02125017197
45424	0.002345555368
45425	0.006152750658
45426	0.01228807785
45427	0.007397723846
45428	0.0008481351048
45429	0.0007682939553
45430	0.006079982662
45431	0.007873984496
45432	0.005767268938
45433	0.005367364688
45434	0.004007311091
45435	0.004007029026
45436	0.005151259016
45437	0.0009665560046
45438	0.01836662181
45439	0.009196304621
45440	0.002460151152
45441	0.0003214322603
45442	0.004537872161
45443	0.005575105703
45444	0.004582445408
45445	0.01033364013
45446	0.00749204129
45447	0.0009602244568
45448	0.0005715549181
45449	0.005122274685
45450	0.00358151702
45451	0.02334124943
45452	0.001956221552
45453	2.215703343e-05
45454	0.001342626924
45455	0.0007637792668
45456	0.003738079647
45457	0.01064720726
45458	0.0171205435
45459	0.0001779489075
45460	0.002284087942
45461	0.005038018281
45462	0.0008217206649
45463	0.004527006983
45464	0.006697788549
45465	0.000705516485
45466	0.01157504392
45467	0.003777954142
45468	0.008648801321
45469	0.0009842860369
45470	0.002463398766
45471	0.001167406526
45472	0.0003285490981
45473	0.001639188426
45474	0.01636907034
45475	0.00355767244
45476	0.001778053551
45477	0.00585095842
45478	0.0003200013855
45479	0.0006760617148
45480	0.0293380489
45481	0.001109004305
45482	0.008690354816
45483	0.001023841233
45484	0.001873173943
45485	0.00620305002
45486	0.0005834716134
45487	0.001546590696
45488	0.00144393236
45489	0.001854732359
45490	0.007668823928
45491	0.0004317539371
45492	0.003746898429
45493	0.02345461249
45494	0.0170144621
45495	0.005353379181
45496	0.004525960138
45497	0.00559608343
45498	0.0001449155681
45499	0.006951263552
45500	0.002741813136
45501	0.006231450235
45502	0.003970587577
45503	0.001800577445
45504	0.009893146125
45505	0.01060952461
45506	0.0009831513428
45507	0.001203714579
45508	0.008526082147
45509	0.01677178569
45510	0.001531777524
45511	0.001560681569
45512	0.007745025862
45513	0.0007855057468
45514	0.003284776198
45515	0.00040488176
45516	0.001790898753
45517	0.001632039182
45518	0.002011997689
45519	0.0141559752
45520	0.001648176995
45521	0.0009686039796
45522	0.0130039283
45523	0.004678063328
45524	0.008349872367
45525	0.003764638584
45526	0.002656676065
45527	0.004554872517
45528	0.0008132925651
45529	0.002596670335
45530	0.010150885
45531	0.004610140097
45532	0.001986367156
45533	0.002971076108
45534	0.01086903194
45535	0.008051163558
45536	0.0006724358214
45537	0.005268189728
45538	9.404211347e-05
45539	0.002646333753
45540	0.005745854988
45541	0.00543020861
45542	0.01300253802
45543	0.003483389864
45544	2.001339574e-05
45545	0.01172784103
45546	0.01035745856
45547	0.0008448337177
45548	0.001027657306
45549	8.398164885e-05
45550	0.001874961333
45551	0.03281788339
45552	0.01023811858
45553	0.000734199326
45554	0.01110367796
45555	0.01033614687
45556	3.678560364e-05
45557	0.02005112625
45558	0.01207116793
45559	0.0001367414615
45560	0.00672233753
45561	0.0004082473235
45562	0.00761650952
45563	0.008466629798
45564	0.009592940998
45565	0.00334001049
45566	0.01084057762
45567	0.005512158772
45568	0.006961852457
45569	0.0007286700106
45570	0.007441434341
45571	0.01289552791
45572	0.01905810706
45573	0.001753003745
45574	0.004021996094
45575	0.0008810259448
45576	0.002885265771
45577	0.002120673447
45578	0.003996386218
45579	0.0002001169675
45580	0.002435980133
45581	0.0002227608392
45582	0.005252380623
45583	0.004574375469
45584	0.002365333704
45585	0.007301123477
45586	0.01032966311
45587	0.0009986558693
45588	0.01715043787
45589	0.0001528114273
45590	0.01354153382
45591	0.004960490341
45592	0.00537867
45593	0.01233043793
45594	0.0178816764
45595	0.004667460624
45596	0.001427240212
45597	0.002527514879
45598	0.003363547294
45599	0.001981357671
45600	0.005570904172
45601	0.0006415233378
45602	0.01617905033
45603	0.003063386152
45604	0.003592198338
45605	0.006697527547
45606	0.001172126127
45607	0.01017723206
45608	0.009176178639
45609	0.02743489479
45610	0.0006218000869
45611	0.003420175014
45612	0.003768271289
45613	0.003111250898
45614	0.0008285624237
45615	0.0008211528493
45616	0.007117357116
45617	0.001494714693
45618	0.008839146965
45619	0.01609631904
45620	0.002569745241
45621	0.007688413826
45622	0.004566180109
45623	0.001825352508
45624	0.0008697080445
45625	0.008223615303
45626	0.0006199259116
45627	0.0009132569596
45628	0.02454666295
45629	0.004676638274
45630	0.01045599233
45631	0.001337907709
45632	0.01429689324
45633	0.0003772677554
45634	0.00196417652
45635	0.001829623052
45636	0.0002445729311
45637	0.01250155497
45638	0.006285672917
45639	0.01548281731
45640	0.001651095421
45641	0.01553901549
45642	0.007974154697
45643	0.002654276523
45644	0.00887630452
45645	0.006199271133
45646	0.000134646351
45647	0.01092115511
45648	0.0001784798908
45649	0.0009387629045
45650	0.00984301385
45651	0.005918689858
45652	0.007876615464
45653	2.249848748e-05
45654	0.001269236414
45655	0.004057858938
45656	0.002950716942
45657	0.02401621005
45658	0.002512329843
45659	0.002645558266
45660	0.01007699771
45661	0.001260298773
45662	0.0014855586
45663	0.0003494698697
45664	0.006525804465
45665	0.004657448905
45666	0.02323926818
45667	2.521764579e-05
45668	0.001722973973
45669	0.000359143361
45670	0.00532587706
45671	0.000219554229
45672	0.0001323526509
45673	0.02306391381
45674	0.0005192129354
45675	0.004148967579
45676	0.003921578026
45677	0.008006732743
45678	0.004992923738
45679	0.0001894186076
45680	0.0002822999227
45681	0.003789654702
45682	0.0002629804354
45683	0.0009203486764
45684	0.02419077583
45685	0.001714850499
45686	0.0005683516235
45687	0.01399289335
45688	0.0006082613322
45689	0.004552998517
45690	0.008797033596
45691	0.008236147584
45692	0.02348113696
45693	0.006198187462
45694	0.0001887383719
45695	0.0009715019057
45696	0.001084164047
45697	0.0003249709316
45698	0.005043124845
45699	0.007111659312
45700	0.01089566016
45701	0.0006471758093
45702	0.001038307391
45703	0.02007099828
45704	0.0007564528083
45705	0.005673236124
45706	0.02827213146
45707	0.003124583057
45708	0.0001287951458
45709	0.0007783450412
45710	0.0002360567372
45711	0.002975961559
45712	0.0009956235937
45713	0.01104300221
45714	0.00491167885
45715	0.005378551742
45716	0.007336215138
45717	0.003668982718
45718	0.0005035717453
45719	0.008069127281
45720	0.00769885431
45721	0.0009008518529
45722	0.0001100153791
45723	0.002316148701
45724	0.007426457745
45725	0.006300681584
45726	0.001774702833
45727	0.03126470132
45728	0.0009072023158
45729	0.004439521364
45730	0.01227617156
45731	0.003389970434
45732	0.001051932226
45733	0.002173151084
45734	0.004619869797
45735	0.01278971132
45736	0.0008854250781
45737	0.0104100059
45738	6.801470534e-05
45739	0.002192830442
45740	0.006927394241
45741	0.007562289733
45742	0.00200724932
45743	0.01691583998
45744	0.006230622502
45745	0.009323609038
45746	0.0003030982696
45747	0.007383595031
45748	0.0001179938963
45749	0.0009620744962
45750	0.001337490543
45751	0.01338861359
45752	0.0006531320502
45753	0.01290434131
45754	0.006737180101
45755	0.002867321185
45756	0.0002751229483
45757	0.0006082768969
45758	0.006044652298
45759	0.00581246693
45760	0.00270004405
45761	0.004734769033
45762	0.01771999794
45763	0.0008193226246
45764	0.005537119134
45765	0.006031576452
45766	0.005564048531
45767	0.002042556518
45768	0.002004123995
45769	0.0007369969286
45770	0.007641906621
45771	0.02703743314
45772	0.003792004779
45773	0.005920033455
45774	0.009533726619
45775	0.01029092575
45776	0.003721013315
45777	0.008750294995
45778	0.00641036954
45779	0.007778602278
45780	0.001545817712
45781	0.003945548284
45782	0.004222738375
45783	0.01155875346
45784	0.003120984791
45785	0.00375352273
45786	0.004326313085
45787	0.0009503915963
45788	0.001490223189
45789	0.006873892417
45790	0.01151038954
45791	0.001006829777
45792	0.003715637364
45793	0.01831485576
45794	0.00873004803
45795	0.01967614587
45796	0.001370123869
45797	0.009617552961
45798	0.001916837681
45799	0.005871576766
45800	0.0009049776698
45801	9.244409327e-05
45802	0.0005602302088
45803	0.0002803151605
45804	0.005767383424
45805	0.001276659737
45806	0.005972458416
45807	0.004049545711
45808	0.005838220517
45809	0.0008897388817
45810	0.004393975788
45811	0.004888461192
45812	0.000887719794
45813	0.0002238517341
45814	0.005331712475
45815	0.0002257823625
45816	0.0004166424065
45817	0.006812062302
45818	0.0008422090063
45819	0.006887740195
45820	0.002527883178
45821	0.0004808951017
45822	0.0002912926252
45823	0.002899691197
45824	7.43920572e-05
45825	2.454541817e-05
45826	0.005888396821
45827	0.001562052394
45828	0.003276757876
45829	0.001196920274
45830	0.0008148171161
45831	0.006583361528
45832	0.01394920556
45833	0.006752022082
45834	0.003197435576
45835	0.001165864548
45836	0.008536853178
45837	0.009048922841
45838	9.892782021e-05
45839	0.01716026181
45840	0.003189397935
45841	5.125252908e-05
45842	0.01918855548
45843	0.004860729644
45844	0.01124987142
45845	0.0005803215971
45846	0.005762609493
45847	0.003528450219
45848	0.007232636985
45849	0.00261947132
45850	0.01047794523
45851	0.00344024429
45852	0.0005315983133
45853	0.005941393697
45854	0.01021587394
45855	0.004373347888
45856	0.001378423764
45857	0.01820666571
45858	0.001745938841
45859	0.002217717162
45860	0.001031427434
45861	0.006044384463
45862	0.008894482954
45863	0.002221115533
45864	0.0008746226968
45865	0.0007782958492
45866	0.009041838881
45867	0.002895619179
45868	0.008599294667
45869	0.009004841266
45870	0.0007544369966
45871	0.0002098555693
45872	0.00049323486
45873	0.0004242663039
45874	0.001717045368
45875	0.001831573197
45876	0.00944366974
45877	0.001137095375
45878	0.003907141995
45879	0.005779864747
45880	7.281685324e-05
45881	0.01390821803
45882	0.006477275025
45883	0.003294970512
45884	0.0004424116458
45885	0.01366039262
45886	0.001644968015
45887	0.001891043411
45888	0.001405894684
45889	0.003310148056
45890	0.02005138808
45891	0.001975879478
45892	0.001753155361
45893	0.0001849812418
45894	0.01079651403
45895	0.0007927102852
45896	0.003028760517
45897	0.01778698226
45898	0.004237981775
45899	0.0008868555221
45900	0.006838214153
45901	0.001176857379
45902	0.004428313834
45903	0.005997680914
45904	0.002238429236
45905	0.01212008434
45906	0.005170346626
45907	0.004353813077
45908	0.006966068971
45909	0.005698376488
45910	0.002434430876
45911	0.0001290709286
45912	0.00263879313
45913	0.01481899665
45914	0.009382399795
45915	0.006703935118
45916	0.006041935776
45917	0.006529112202
45918	0.002725866438
45919	0.002872277536
45920	0.001077236204
45921	0.0008323480945
45922	0.01358098704
45923	0.0004083823118
45924	0.005037449274
45925	0.001811626796
45926	0.002247946356
45927	0.002119390766
45928	0.008160186413
45929	0.007675725369
45930	0.002065196642
45931	0.02506217284
45932	0.004279333331
45933	0.001382821292
45934	0.005517280152
45935	0.0009120712634
45936	0.0006293207212
45937	0.004819635207
45938	0.0001770248056
45939	0.008128814999
45940	0.0001339437239
45941	0.0007149762885
45942	0.003418557591
45943	0.003000138252
45944	0.0004241682006
45945	0.001809843011
45946	0.003291565001
45947	0.003905319499
45948	0.000554507894
45949	0.01463262207
45950	0.009334563527
45951	0.0007332096153
45952	0.001049962212
45953	0.009984293576
45954	0.000968917093
45955	0.0002682373045
45956	0.0002700385924
45957	0.00138519555
45958	0.002705172626
45959	0.0006739769332
45960	0.01258973599
45961	0.002358481855
45962	0.001957344687
45963	0.0009676528862
45964	0.0014521444
45965	0.006213250807
45966	0.01324123591
45967	0.000776902343
45968	0.01137835474
45969	0.0002071732363
45970	0.0002568785915
45971	0.005066365888
45972	3.574284156e-05
45973	0.001024711549
45974	0.01089419433
45975	0.01325871955
45976	0.00145235582
45977	0.002049732993
45978	9.077236375e-05
45979	0.003086286976
45980	0.01782373365
45981	0.00471821027
45982	0.006156790446
45983	0.001909724618
45984	0.004199789195
45985	0.004514809419
45986	0.002200611925
45987	3.389868772e-05
45988	0.008256379724
45989	0.002897741399
45990	0.001237285555
45991	0.007245060363
45992	0.000918258927
45993	0.01715647894
45994	0.01067717823
45995	0.0003001974884
45996	0.004210702243
45997	0.002997687909
45998	0.01025813967
45999	0.004533856292
46000	0.002392573812
46001	0.0004023131607
46002	0.001040705488
46003	0.003669240775
46004	0.0006181332978
46005	0.0002439892858
46006	0.001506881513
46007	0.01418074981
46008	0.002904944701
46009	0.01367977166
46010	0.02685885342
46011	0.00305731757
46012	0.0003108026678
46013	0.004263514997
46014	0.005209329286
46015	0.005804209579
46016	0.002260240261
46017	0.01459120567
46018	0.004581676908
46019	0.001929378158
46020	0.01763571537
46021	0.01430802282
46022	0.01613290427
46023	0.001525290314
46024	0.006488082662
46025	0.005505857499
46026	0.002234683916
46027	0.00103275786
46028	1.605462287e-05
46029	0.004993690274
46030	0.0001253635505
46031	0.01024756481
46032	0.0008736073715
46033	0.000669425367
46034	0.0003176039944
46035	0.001507726561
46036	0.0008432524854
46037	0.006895143067
46038	0.0006432106516
46039	0.003988828859
46040	0.0007663326513
46041	0.001346707465
46042	0.0048974687
46043	0.00242492592
46044	0.000694734531
46045	0.002669746568
46046	0.004479981636
46047	0.01609964147
46048	0.00687795669
46049	0.004119780043
46050	0.02658777683
46051	0.01005424635
46052	0.01363322236
46053	0.0005479009369
46054	0.0001808623655
46055	0.009363261215
46056	0.0002986478062
46057	5.895628324e-05
46058	0.001763552833
46059	0.006474068486
46060	0.01007981414
46061	0.01981616167
46062	0.001777107466
46063	0.001942005651
46064	0.001619822378
46065	0.004893115999
46066	0.0001521080434
46067	0.002143715243
46068	0.007168621782
46069	0.005077996946
46070	0.008641581526
46071	0.00369259182
46072	0.007583576503
46073	0.01532052862
46074	0.005551018662
46075	0.005588499901
46076	0.008832932364
46077	0.002127682245
46078	0.002876885532
46079	0.001812786481
46080	3.189328806e-05
46081	0.000402838429
46082	0.001345822294
46083	0.004633446646
46084	0.0001529443611
46085	0.0007092216811
46086	0.01417958498
46087	0.001435970385
46088	0.002989433395
46089	0.01139786766
46090	0.01359767684
46091	0.003686734759
46092	0.00320127077
46093	0.001609809846
46094	0.002758580018
46095	0.001506671693
46096	0.008110046992
46097	0.01825164173
46098	0.01811994541
46099	0.009054134557
46100	0.007815044734
46101	0.01394349049
46102	2.413662972e-05
46103	0.0006674926791
46104	0.00521112536
46105	0.00594125228
46106	0.006110234721
46107	0.000549191464
46108	0.00024817384
46109	0.0006420270287
46110	0.0003368231973
46111	0.004425909758
46112	0.003907884567
46113	0.01683046859
46114	0.01553027618
46115	0.002749433074
46116	0.002823481868
46117	0.005658381957
46118	0.001640450212
46119	0.01436982051
46120	0.008638990922
46121	0.0006078428581
46122	0.001640702307
46123	0.003419695175
46124	0.000537854179
46125	0.01857454326
46126	0.009898976378
46127	0.007755940359
46128	0.006646677206
46129	0.001070452709
46130	0.006074993925
46131	0.005606806422
46132	0.001940303628
46133	0.007418727279
46134	0.01130769849
46135	0.006501433735
46136	0.002198896641
46137	0.00900371886
46138	0.001197574213
46139	0.001391300219
46140	0.001509240215
46141	0.005468884277
46142	0.00587308758
46143	0.0008775562797
46144	0.007329786729
46145	0.02259152036
46146	0.004434528834
46147	0.0120452538
46148	0.0005047169682
46149	0.004352430077
46150	0.0001680638896
46151	0.01695104114
46152	0.0048945774
46153	0.005291159613
46154	0.01481534923
46155	0.007706080187
46156	0.02158235189
46157	0.009782974434
46158	0.0005005782841
46159	0.0004669338667
46160	0.008292348773
46161	0.004601412966
46162	0.001815110462
46163	0.02358158983
46164	0.009151668206
46165	0.02068227176
46166	0.002868730908
46167	0.001961992669
46168	0.001039509575
46169	0.0003921870577
46170	0.007761828087
46171	0.003395184722
46172	0.0005372760151
46173	0.001778247942
46174	0.001212648303
46175	0.0133005465
46176	0.002310694466
46177	0.00227809016
46178	0.01066657685
46179	0.01046214179
46180	0.01327146582
46181	0.0057514405
46182	0.0227299448
46183	0.002625586248
46184	0.0004385987544
46185	0.0219389257
46186	0.006209270208
46187	0.001700454772
46188	0.006509116428
46189	0.002058407511
46190	0.002270941165
46191	0.003049643712
46192	0.01119524598
46193	4.882057883e-05
46194	0.001380464739
46195	0.02021955461
46196	0.01332045721
46197	0.01812438957
46198	0.005277698106
46199	0.0005249689931
46200	0.002930797165
46201	0.001112865703
46202	0.0004258548544
46203	0.0008042925367
46204	0.005580856346
46205	0.0001945077204
46206	0.002046397631
46207	0.001324878215
46208	0.02040058785
46209	0.01781755506
46210	0.01386800188
46211	0.009356607149
46212	0.02691204226
46213	0.001849643605
46214	0.01023664879
46215	0.0014343963
46216	0.001078600627
46217	0.0009403219632
46218	0.02995923076
46219	0.002456285395
46220	0.00119321522
46221	0.003015977361
46222	0.003744363004
46223	0.0004683536614
46224	0.01411722217
46225	8.186137265e-05
46226	0.004830299251
46227	0.002231860858
46228	0.01053427073
46229	0.0004538292249
46230	3.406014124e-08
46231	0.002297880055
46232	0.003556227063
46233	0.01419364734
46234	0.004003910499
46235	0.007342145969
46236	0.00315670663
46237	0.00206649343
46238	0.02106730653
46239	0.001872756624
46240	0.01094989305
46241	0.01048466287
46242	0.004145655208
46243	0.001884328164
46244	0.0002078525236
46245	0.004064085394
46246	0.002677060755
46247	0.005238551528
46248	0.001386161919
46249	0.001349735831
46250	0.008670242578
46251	0.009193655362
46252	0.009262813528
46253	0.002681046079
46254	0.008825078375
46255	0.009825557336
46256	0.004896079972
46257	0.006901668835
46258	0.002192511987
46259	0.004245452161
46260	0.0005034855523
46261	0.002143566913
46262	0.006466520524
46263	7.577929859e-05
46264	0.001694706921
46265	0.003485643242
46266	0.002102980552
46267	0.01233277211
46268	0.004766622435
46269	0.0001274890519
46270	0.005875312731
46271	0.009235341037
46272	0.02475803183
46273	0.009531761034
46274	0.009120360336
46275	0.0001203990144
46276	0.002108221044
46277	0.004713701248
46278	0.001624350984
46279	4.480239898e-06
46280	0.007474674065
46281	0.002360981064
46282	0.01150009789
46283	0.0009076744685
46284	0.0009657424184
46285	0.002609238087
46286	0.008198589569
46287	0.005218879139
46288	0.003662571807
46289	0.003999191306
46290	0.01056735116
46291	0.001599893048
46292	0.0013004958
46293	0.01139325083
46294	0.00163891882
46295	0.001150054223
46296	0.0007209955465
46297	0.007416455008
46298	0.004243002069
46299	0.0003680330203
46300	0.005019127028
46301	0.0002502426664
46302	0.001234384391
46303	0.0006672595212
46304	0.002012718932
46305	0.003109787928
46306	0.01621041177
46307	0.0005358532658
46308	0.01196730121
46309	0.0004234012116
46310	0.004928886779
46311	0.008631317898
46312	0.002568250166
46313	0.001615976101
46314	3.115020841e-05
46315	0.0118900015
46316	0.005314787027
46317	0.01016915651
46318	0.006508626711
46319	4.779134059e-05
46320	0.0006396499928
46321	0.0004805011442
46322	0.0009569483822
46323	0.006937641796
46324	0.00462534107
46325	0.002146244681
46326	0.0126910276
46327	0.003109439065
46328	0.001762999993
46329	0.0004597751056
46330	0.005048305112
46331	0.007237636844
46332	0.0001741585318
46333	0.004164626049
46334	0.01476074106
46335	0.01523147574
46336	0.002500809767
46337	0.006470923764
46338	0.004855040554
46339	0.0006928179971
46340	0.001481576084
46341	0.01060811699
46342	0.01081143277
46343	0.0006927895699
46344	0.001116596829
46345	0.005310201034
46346	0.006488385299
46347	0.001248640595
46348	0.004020978945
46349	0.0009939118277
46350	0.004528939758
46351	0.00643837965
46352	0.008058419427
46353	0.0002638651291
46354	0.008017245788
46355	0.01506186114
46356	0.0006673022203
46357	0.006187788246
46358	0.003224410327
46359	0.01495299607
46360	0.0007347407429
46361	0.002037654563
46362	0.0008194208596
46363	0.0003765573024
46364	0.0005910748954
46365	0.01126851394
46366	0.0002758719612
46367	0.001584210617
46368	0.0002694502533
46369	0.001360040904
46370	0.003298302453
46371	0.001823334117
46372	1.94596311e-05
46373	0.0008397892933
46374	0.0010349409
46375	0.005164101873
46376	0.00142698824
46377	0.004333385109
46378	0.0007611045959
46379	0.000544074479
46380	0.001265210553
46381	0.008007488909
46382	0.006108119328
46383	0.000665231933
46384	0.003233129727
46385	0.003899472284
46386	0.0009482009724
46387	0.001319143115
46388	0.003729293374
46389	0.0008985214056
46390	0.000474948638
46391	0.0009786785853
46392	0.01220215608
46393	0.02168949872
46394	0.001918779459
46395	0.002245745445
46396	0.0003771239414
46397	0.002868428165
46398	0.00179380956
46399	0.002159262867
46400	0.003383530723
46401	0.001221405706
46402	0.002337495626
46403	0.0007200554709
46404	0.002545573741
46405	0.005287529541
46406	0.006121147502
46407	0.0005434030315
46408	0.005082344423
46409	0.006260833276
46410	0.002272460486
46411	0.005024670576
46412	7.741609677e-05
46413	0.00245778111
46414	0.0009737793532
46415	0.02166840089
46416	8.938072363e-05
46417	0.003170296071
46418	0.0004835466814
46419	0.0003963573469
46420	0.002153647451
46421	0.005088563786
46422	0.01426820297
46423	0.0007949328097
46424	0.0008449470188
46425	2.172567883e-07
46426	0.000738389151
46427	0.001521053763
46428	0.0007471231397
46429	0.01007602951
46430	0.0006271825638
46431	0.009832517963
46432	0.001116855902
46433	0.003788876385
46434	0.00557487703
46435	0.00705897167
46436	0.01128157243
46437	0.007650142208
46438	0.000434535781
46439	0.01592921244
46440	0.0003563045428
46441	0.004898141574
46442	0.0001074930217
46443	0.0004023608223
46444	0.004677231658
46445	0.0009636621764
46446	0.0038128632
46447	0.0001450224872
46448	0.0135388462
46449	0.002363013785
46450	8.673902251e-05
46451	0.003574670295
46452	0.0009808903443
46453	0.004594777873
46454	0.006379434375
46455	0.0001707958902
46456	0.0005348335109
46457	0.007039958247
46458	0.009417583921
46459	0.01201285868
46460	0.005686423365
46461	0.006101703855
46462	0.005056247278
46463	0.0008296769954
46464	0.01864094629
46465	0.0007172978325
46466	0.001010617073
46467	0.008858477282
46468	0.0002760540119
46469	0.003436377491
46470	0.00367122415
46471	0.0002496565064
46472	0.001732115504
46473	0.006829102112
46474	0.009019996295
46475	0.005350985898
46476	0.001251833693
46477	0.002147998225
46478	0.0004617954424
46479	0.001054348876
46480	0.00119602153
46481	0.000366846719
46482	0.005552138873
46483	0.001330704404
46484	0.02065239158
46485	0.005918813829
46486	0.006020782414
46487	0.0043572853
46488	0.0006956103535
46489	0.002890538193
46490	0.001202810923
46491	0.01407290834
46492	0.02706577451
46493	0.0005581827982
46494	0.001541251386
46495	0.003783504725
46496	0.0009458820252
46497	0.006866885904
46498	0.01446933166
46499	0.0003207893277
46500	0.01728395594
46501	0.01591634504
46502	0.0001150916346
46503	0.001793841431
46504	0.0001911178416
46505	0.005866112014
46506	0.01144829351
46507	0.00247573754
46508	0.01100332257
46509	0.004408544395
46510	0.004159266995
46511	0.0009092638591
46512	0.000162416868
46513	0.004027500873
46514	0.00108425133
46515	0.0008478854495
46516	0.0017556298
46517	0.01698233312
46518	0.00131680527
46519	0.0004252868206
46520	0.01118995357
46521	0.001494449747
46522	0.00711433447
46523	0.007206551359
46524	0.00703565092
46525	0.02097754684
46526	0.006943853605
46527	0.001113513262
46528	8.695688098e-05
46529	0.03510423695
46530	0.001421389894
46531	0.008462461296
46532	0.0001916546645
46533	0.0007401373196
46534	0.00915948041
46535	0.007165877921
46536	0.001366024479
46537	0.0001586377391
46538	0.005936781788
46539	0.002286130377
46540	0.007346626633
46541	0.001372665274
46542	8.700541985e-05
46543	0.02033887859
46544	0.008669600956
46545	0.001210381519
46546	8.156764272e-05
46547	0.001488039268
46548	0.001696755886
46549	0.00150981786
46550	0.0008741985412
46551	0.01277163933
46552	0.002439001141
46553	0.01922364869
46554	0.0006031377964
46555	0.01379393274
46556	0.001727660513
46557	0.0005390874376
46558	0.004335836272
46559	0.0004865085648
46560	0.002102956228
46561	0.0001360814818
46562	0.02701895777
46563	0.0007288477994
46564	0.008745980279
46565	0.004482997522
46566	0.002669588587
46567	0.01235887065
46568	0.006122833713
46569	0.01687954672
46570	0.002361835117
46571	0.002494649133
46572	0.002441105691
46573	0.005546937192
46574	0.01517619377
46575	0.002671207648
46576	0.002516308023
46577	0.005782659132
46578	0.01227214169
46579	0.0007535171415
46580	0.001648056745
46581	0.01560716212
46582	0.0004380793294
46583	0.001624520866
46584	0.004129705602
46585	0.001481499224
46586	0.0006724777646
46587	0.013039783
46588	0.002972689598
46589	0.001964829523
46590	0.0003013668371
46591	0.007308096566
46592	0.003123723717
46593	0.005656161674
46594	0.006789530956
46595	0.005956399368
46596	0.002133471561
46597	0.0002159887603
46598	0.002369973091
46599	0.001410677417
46600	0.00564954987
46601	1.615071567e-06
46602	0.0008625465158
46603	0.0006204388554
46604	0.002115608476
46605	0.002376736751
46606	0.0008959120364
46607	0.001493699937
46608	0.004659634064
46609	0.01851896382
46610	0.001738737052
46611	0.004256064238
46612	0.0004012029569
46613	0.0001717028554
46614	0.004252839564
46615	0.0008908656557
46616	0.0001986127795
46617	0.002877193366
46618	0.03792328525
46619	0.0009479086152
46620	0.001187260262
46621	0.01522314381
46622	0.000936060278
46623	0.002013879566
46624	0.01542711223
46625	0.004843799003
46626	0.002832297524
46627	0.006209539827
46628	0.005875191401
46629	0.0006380821576
46630	0.00462103807
46631	0.01068640996
46632	0.01749650998
46633	0.003702956092
46634	0.006999658544
46635	0.004722873722
46636	0.009530284604
46637	0.005399537869
46638	0.0007416575014
46639	7.483774889e-05
46640	0.005497820784
46641	0.004286708396
46642	0.00657058101
46643	0.005610739412
46644	0.001329563427
46645	0.008899322004
46646	0.001903743845
46647	0.003425610267
46648	0.007680374391
46649	0.0006830153388
46650	0.004261458643
46651	0.008693796855
46652	0.004139878544
46653	0.001446428393
46654	0.01279463612
46655	0.0002375101427
46656	0.007493690531
46657	0.02266686434
46658	0.003475505268
46659	0.002354777645
46660	0.0004831783312
46661	0.004267480725
46662	0.01676234036
46663	0.006138603311
46664	0
46665	0.0005007717207
46666	0.004972330724
46667	0.01875874901
46668	0.007549353506
46669	0.0004704848532
46670	0.004530000525
46671	0.004106364463
46672	0.01217126809
46673	0.004563601263
46674	0.004960581086
46675	0.01295934943
46676	0.0001476743266
46677	0.006712885027
46678	2.343045916e-05
46679	0.008360333104
46680	0.008423843199
46681	0.003315548983
46682	0.006537325892
46683	0.004467337915
46684	0.009228583818
46685	0.00649110467
46686	0.0001247763405
46687	0.00106430062
46688	0.005178362751
46689	0.001251300901
46690	0.007249005494
46691	0.0003326288093
46692	0.001805790362
46693	0.001835646647
46694	0.009982206872
46695	0.001106308775
46696	0.001983415483
46697	0.006016744148
46698	4.69790863e-05
46699	0.01118387228
46700	0.001447502875
46701	0.000263943975
46702	0.005833005093
46703	0.0003914233809
46704	0.001627518924
46705	1.201895061e-05
46706	0.0001902753966
46707	0.001060934195
46708	0.002377507374
46709	0.003712923318
46710	0.003028025441
46711	0.000930333756
46712	0.003948256645
46713	0.0004722004852
46714	0.000110899936
46715	0.02913611853
46716	0.001415982351
46717	0.001331451827
46718	0.001720638333
46719	0.0003984304722
46720	0.0001342771472
46721	0.007556577731
46722	0.009452924206
46723	0.01138843278
46724	0.002004878839
46725	0.001064311387
46726	0.002758132255
46727	0.005158366452
46728	0.0003980394638
46729	0.001988110382
46730	0.005518627795
46731	0.0002739422394
46732	0.01025035753
46733	0.003386585459
46734	0.0006459383035
46735	0.002417160254
46736	0.001365825489
46737	0.005797628822
46738	0.00751721718
46739	0.03045691548
46740	0.001973870884
46741	0.0009989793151
46742	0.001363159153
46743	0.000376469997
46744	0.008133627343
46745	0.007240603338
46746	0.000823708052
46747	0.0003230980533
46748	0.002202844375
46749	0.004525656887
46750	0.002338000784
46751	0.01191855462
46752	0.001627048086
46753	0.0005299416692
46754	0.003340861608
46755	0.002221751846
46756	0.02173937478
46757	0.003490843419
46758	0.002019659801
46759	0.005501807233
46760	0.000369580573
46761	0.001285748383
46762	0.0001568438654
46763	0.007664856508
46764	0.0008351713613
46765	0.001193450632
46766	0.003123805897
46767	0.000378791284
46768	0.0009465867008
46769	0.003015910544
46770	0.001126584027
46771	0.007946585413
46772	0.002165044255
46773	0.008708197755
46774	0.005184319435
46775	0.0004874849879
46776	0.006261776026
46777	0.004405191838
46778	0.008657945101
46779	0.003739641737
46780	0.0003181888135
46781	0.002397278453
46782	0.009020782725
46783	0.01595592534
46784	0.002291826713
46785	0.01209731571
46786	0.001705425715
46787	9.945855568e-06
46788	0.006111913873
46789	0.01424646458
46790	0.0007916366259
46791	0.0006693293943
46792	0.001378924879
46793	0.008351248384
46794	0.0002610055859
46795	0.001452497834
46796	0.001724217266
46797	0.005799616925
46798	0.004995883522
46799	0.008431488788
46800	0.008371091829
46801	0.004758700752
46802	0.006506369194
46803	0.004407088826
46804	0.01919134548
46805	0.003619519544
46806	0.01587575155
46807	0.001053890364
46808	0.004215069537
46809	0.003286092312
46810	0.004617776344
46811	0.008034600747
46812	0.000873779428
46813	0.0009389133677
46814	0.001057784566
46815	0.0002190804531
46816	0.007826901784
46817	0.007976859305
46818	8.483725013e-05
46819	0.007377670604
46820	0.00200694735
46821	0.001525479412
46822	0.002387385484
46823	0.0007482384162
46824	0.003563753167
46825	0.000656001523
46826	0.009196283797
46827	0.003561828053
46828	0.001137159997
46829	0.0002611587968
46830	0.002060229506
46831	0.001963866466
46832	0.001486143151
46833	0.009802313477
46834	0.0009525904461
46835	0.001796178825
46836	0.01063951222
46837	0.0035795809
46838	0.01356106395
46839	0.004022787753
46840	0.001272048149
46841	0.01141943754
46842	0.001441220025
46843	0.01473370831
46844	0.0007103018315
46845	0.009976413232
46846	0.005866025119
46847	0.001507110885
46848	0.004919380648
46849	0.008274709734
46850	0.001028350784
46851	0.008595497956
46852	0.003780728622
46853	0.00161299431
46854	0.0003577101669
46855	0.001124738439
46856	0.005617057971
46857	0.000643581946
46858	0.02204429967
46859	0.0007111163812
46860	0.0002587834025
46861	0.01137680312
46862	0.004319910538
46863	0.006414433272
46864	0.006524431742
46865	0.006376501214
46866	0.0001050372759
46867	0.0002132605833
46868	8.083441329e-05
46869	0.007394713301
46870	0.001138913303
46871	0.0003971353346
46872	0.001201484834
46873	0.0008269272204
46874	0.0007008945197
46875	0.0004387406353
46876	0.00279072871
46877	0.002464234274
46878	0.003614535933
46879	0.0004278242121
46880	0.00361105172
46881	0.006993265499
46882	0.00403198576
46883	0.006254703743
46884	0.002053800191
46885	0.01174672838
46886	0.00927823598
46887	0.0005174910483
46888	0.001800348392
46889	0.005986238694
46890	0.0007549214484
46891	0.008122410343
46892	0.004249974507
46893	0.0004969264023
46894	0.005274894175
46895	0.01696831419
46896	0.003979053153
46897	0.0003020871657
46898	0.007071596933
46899	0.003793976775
46900	0.00265864952
46901	0.01987224679
46902	0.002511432415
46903	0.007394424549
46904	0.01361152597
46905	0.01175336344
46906	0.001823768079
46907	0.00825791019
46908	0.0008670670741
46909	0.004202144795
46910	0.0005158933712
46911	0.0006794232175
46912	0.0006011177315
46913	0.0007598796347
46914	0.0232666925
46915	0.00606848487
46916	0.003267163438
46917	7.237523397e-05
46918	0.00232894185
46919	0.0006607978089
46920	0.0004862594782
46921	0.0008744839497
46922	0.00297856356
46923	0.0001681521408
46924	0.0005896883728
46925	0.006756247259
46926	0.005999634522
46927	0.003270001242
46928	0.003651608916
46929	0.0002185074133
46930	0.01116159861
46931	7.110433609e-05
46932	0.00260726794
46933	0.004811290346
46934	0.003809742982
46935	0.005552130246
46936	0.006554439564
46937	0.02201237092
46938	0.001397605564
46939	0.005683694443
46940	0.003184109196
46941	0.01042685735
46942	0.003263112388
46943	0.008195023484
46944	0.007375857678
46945	0.01200714271
46946	0.0009980512526
46947	0.001102325005
46948	0.01088798556
46949	0.003676403265
46950	0.001161239333
46951	0.004170341316
46952	0.0117983274
46953	0.005750335824
46954	0.006653810243
46955	0.000826210984
46956	0.000354084156
46957	0.009677228446
46958	0.0009056880242
46959	0.0002018581894
46960	0.002163893176
46961	0.02252687428
46962	0.001213026845
46963	0.0008647968773
46964	0.002269742625
46965	0.00815720713
46966	0.003334494256
46967	0.002625693352
46968	0.002161184672
46969	0.0007501067928
46970	0.001258500503
46971	0.0006002291609
46972	0.001732152908
46973	0.003046431054
46974	0.006558882773
46975	0.0009315368491
46976	0.005830932977
46977	0.000974827302
46978	0.01674986141
46979	0.008294638957
46980	0.02266361266
46981	0.0005150922942
46982	0.0001269147686
46983	0.00130740572
46984	0.002009053043
46985	0.002548384529
46986	0.002267660509
46987	0.004276015152
46988	0.008177820167
46989	0.0005789142248
46990	0.001591061661
46991	0.01301176159
46992	0.004467886585
46993	0.009807756686
46994	0.0003313140644
46995	0.01006571698
46996	0.0007132694193
46997	0.009710955349
46998	0.001707621991
46999	0.008572224584
47000	0.008150266941
47001	0.0009686974208
47002	0.0001134373028
47003	0.01290041965
47004	0.003932141356
47005	0.007693273112
47006	0.0009982429864
47007	0.002856078984
47008	0.0003126447652
47009	0.003818911823
47010	0.0006024062249
47011	0.0152263634
47012	0.01065121119
47013	0.01528287987
47014	0.01810656823
47015	0.01505657243
47016	0.003055549683
47017	0.01070828894
47018	0.003960503159
47019	0.003225909639
47020	0.004935604767
47021	0.001379868123
47022	0.002330372199
47023	0.00166756158
47024	0.005262458728
47025	0.001272818517
47026	0.004369426221
47027	0.002874555111
47028	0.01047239642
47029	0.0009145010582
47030	0.0007280052557
47031	0.0008477353257
47032	0.01366279884
47033	0.001698736182
47034	2.605549147e-05
47035	0.005205494372
47036	0.001403429453
47037	0.004988449265
47038	0.01485624192
47039	0.003515372539
47040	0.001196634689
47041	0.002057525073
47042	0.01727983648
47043	0.005774497298
47044	0.002242205124
47045	0.01354585719
47046	0.009161146867
47047	0.001075735885
47048	0.002219022931
47049	0.00462289373
47050	0.0004056097166
47051	0.0003181842887
47052	0.0001422518388
47053	0.03856084136
47054	0.001966441926
47055	0.005790022248
47056	0.001924469719
47057	0.004807901917
47058	0.004125071894
47059	0.002500201075
47060	0.004258208712
47061	0.01102002595
47062	0.000533335244
47063	0.0009772440492
47064	0.0007705089649
47065	0.000497029001
47066	0.004171307948
47067	0.008917785378
47068	0.008377364412
47069	0.0003167465775
47070	0.0001662056309
47071	0.0001033415763
47072	0.001324115317
47073	0.01009312356
47074	0.003393420427
47075	0.000372454872
47076	0.002788429776
47077	0.003601856057
47078	0.003684839806
47079	0.0002994306258
47080	0.01068376842
47081	0.01392577919
47082	0.0009288715577
47083	0.003474949024
47084	0.0005723169972
47085	0.001269323304
47086	0.004723737252
47087	0.004037097701
47088	0.0007552583421
47089	0.001129564261
47090	0.006076648477
47091	0.01238914911
47092	0.01649214204
47093	0.00662373492
47094	0.01083100475
47095	0.005501258108
47096	0.002218475945
47097	0.006410193276
47098	0.005798902064
47099	0.001398005709
47100	0.001248842541
47101	0.01814300248
47102	0.004860594699
47103	0.01299901562
47104	0.0003955548824
47105	0.00149759488
47106	0.002105926668
47107	0.0004583810692
47108	2.805966037e-05
47109	0.003884892242
47110	0.0006922255274
47111	0.0004033820286
47112	0.008927282221
47113	0.01083968125
47114	0.01278319136
47115	0.0006760749803
47116	0.01029697931
47117	0.003274641773
47118	0.0002810460017
47119	0.0002967018413
47120	0.001265413608
47121	0.001013292381
47122	0.01212180163
47123	0.001571323803
47124	0.0007668540007
47125	0.0006749530075
47126	0.0006296890376
47127	0.003739322506
47128	0.0009235936772
47129	0.007415546871
47130	0.00703955868
47131	0.0004299528634
47132	0.000755954923
47133	0.008379960012
47134	0.009378864849
47135	0.0003874171084
47136	0.004703578133
47137	0.0001227865835
47138	0.02122387235
47139	0.002758651998
47140	0.0006714383585
47141	0.002453961202
47142	0.0004128457889
47143	0.01783858477
47144	0.005127526611
47145	0.003162670735
47146	0.00141462934
47147	0.005843924882
47148	0.0005598290587
47149	8.441163475e-05
47150	0.008278411466
47151	0.0002584679573
47152	0.003588893947
47153	0.006262040628
47154	0.01369131402
47155	0.004251930271
47156	0.001260685235
47157	0.01350974788
47158	0.01039205547
47159	0.007326101689
47160	0.006263533997
47161	0.003938286549
47162	0.0001822229646
47163	0.003868098504
47164	0.006797994309
47165	0.01073050732
47166	0.0002524924424
47167	4.381320968e-07
47168	7.38831828e-05
47169	0.001046930835
47170	6.814622603e-05
47171	0.01508900624
47172	0.0004733253765
47173	0.003650484162
47174	0.004181014841
47175	0.004114224458
47176	0.007744401332
47177	0.0002520554803
47178	0.0004453246705
47179	0.002770613653
47180	0.001650255869
47181	0.004629160415
47182	0.003950526285
47183	0.003241419603
47184	0.01339137617
47185	0.001277085016
47186	0.005333395766
47187	0.0029651928
47188	0.001019064267
47189	0.01318480623
47190	0.01070865847
47191	0.001458008655
47192	0.0008934389033
47193	0.0159800552
47194	0.001012537483
47195	0.002491805629
47196	0.003090121803
47197	0.01277319186
47198	0.0029796886
47199	0.005167289519
47200	0.0007791989773
47201	0.0001158903705
47202	0.000223099841
47203	0.007074149152
47204	0.007795638039
47205	0.008836431405
47206	0.001855899429
47207	0.008917235067
47208	0.005835476678
47209	0.00372947925
47210	0.002759567806
47211	0.01204894385
47212	0.005670050934
47213	0.003814771174
47214	0.003590324991
47215	0.00165535619
47216	0.002824553086
47217	0.008243835526
47218	0.001409460862
47219	0.001543363828
47220	0.00416020383
47221	0.0004254691666
47222	0.005137878343
47223	0.004257491753
47224	0.002653466091
47225	0.001868239966
47226	0.006648649012
47227	0.0009413104702
47228	0.0005251823025
47229	0.01190264018
47230	0.005972610987
47231	0.0001173296993
47232	0.004818639628
47233	0.0001984427152
47234	0.009971013943
47235	0.00238691954
47236	0.001042470768
47237	0.0003981510753
47238	0.002963796178
47239	0.001391047175
47240	0.004544274287
47241	0.01790362396
47242	0.0009590697031
47243	0.0005328870738
47244	0.0004892628942
47245	0.009493033954
47246	0.007577431569
47247	0.007561105037
47248	0.0005242245139
47249	0.0009120594199
47250	0.000722248174
47251	0.002705515244
47252	0.0008287041318
47253	0.00264393101
47254	0.0009838632145
47255	0.002561321432
47256	0.01231252172
47257	0.0004280667195
47258	0.001293609166
47259	0.0005517047243
47260	0.0005929681387
47261	0.005181717193
47262	0.00135862681
47263	0.0005619521964
47264	0.01678897406
47265	0.0004109134578
47266	0.01362126455
47267	0.000168466923
47268	0.0002498822974
47269	0.0114631739
47270	0.004671074424
47271	0.0006663857837
47272	0.009399657222
47273	0.0004780186357
47274	0.001661562768
47275	0.0003736224649
47276	0.007878818596
47277	0.003643241678
47278	0.0008208465082
47279	0.001801503981
47280	0.0078992795
47281	0.006048723343
47282	0.001187190135
47283	0.001634122435
47284	0.004206637798
47285	0.001739365946
47286	0.004468671199
47287	4.958953395e-05
47288	0.01650921566
47289	0.01453935468
47290	0.001115938438
47291	0.0008988836283
47292	0.0001317328693
47293	2.477337811e-06
47294	0.0007811332404
47295	0.002631079309
47296	0.005075845544
47297	0.0006588193211
47298	0.003740680436
47299	0.0002890965504
47300	0.001168194174
47301	0.005434364412
47302	0.000784793499
47303	0.001013278418
47304	4.644108963e-05
47305	0.02531270513
47306	0.002102243754
47307	0.004190711956
47308	0.02171445755
47309	0.01187097545
47310	0.005803029325
47311	0.00138684274
47312	0.004497856053
47313	0.0009941809994
47314	0.005258555892
47315	0.00146340957
47316	0.00204346294
47317	0.002795251773
47318	0.001973373958
47319	0.003528000192
47320	0.004956639016
47321	0.0005235225071
47322	0.0007757875088
47323	0.006953182026
47324	0.004481926829
47325	0.006605066908
47326	0.004327966574
47327	0.001144204904
47328	0.02422888168
47329	0.003660492192
47330	0.0006517244947
47331	0.005172597977
47332	0.000917275286
47333	0.006022212182
47334	0.001098720207
47335	0.01440804027
47336	0.0007796364484
47337	0.0007943081689
47338	0.001013598857
47339	0.000515923065
47340	0.00890365195
47341	0.0003311579941
47342	0.007331968913
47343	0.008564472944
47344	0.002378601343
47345	0.01680654995
47346	0.01284191822
47347	0.008331959828
47348	0.0003187632358
47349	0.005756778314
47350	0.008740055916
47351	0.005746180254
47352	0.003386570744
47353	0.002165207666
47354	0.0236419173
47355	0.001644303108
47356	0.008358056127
47357	0.008907644019
47358	0.005139002003
47359	0.009386389337
47360	0.01795337447
47361	0.0005144119862
47362	0.001563572917
47363	0.0005977474819
47364	0.001565886493
47365	0.001364869315
47366	0.02228544122
47367	0.0002437175253
47368	0.001214075445
47369	0.0004812055394
47370	0.009127723712
47371	0.0005329637121
47372	0.004544740131
47373	0.001305533276
47374	0.001150238442
47375	0.00205861581
47376	0.01537818805
47377	0.02978562316
47378	0.000471989297
47379	0.001916245002
47380	0.00245684074
47381	0.003322275354
47382	1.94071625e-05
47383	0.012744566
47384	0.0001574809698
47385	0.0004068195293
47386	0.01337937971
47387	0.0009463291224
47388	0.006736079213
47389	0.01141121721
47390	0.004712675946
47391	0.00150543809
47392	5.972210763e-05
47393	0.01159568539
47394	0.0006764664416
47395	0.01066672095
47396	0.0083658675
47397	0.02081768854
47398	0.001338342048
47399	0.0005355088128
47400	0.001730133326
47401	0.01177038409
47402	0.01261161778
47403	0.004403971365
47404	0.0009129381389
47405	0.006616980595
47406	0.00337209019
47407	0.009371092974
47408	0.0007632774204
47409	0.0009501346041
47410	0.002226504112
47411	0.0003092325652
47412	0.01005833047
47413	0.009814556234
47414	0.004226391303
47415	0.0009788308998
47416	0.006466076437
47417	0.0006198968472
47418	0.001165972569
47419	0.0007243078532
47420	0.005697644581
47421	0.002787057778
47422	0.01563066134
47423	0.01075596002
47424	0.0005916981272
47425	0.001007406647
47426	0.002390038775
47427	0.001773052446
47428	0.0007860333803
47429	0.007604818875
47430	0.003118500638
47431	0.005063017954
47432	0.002320723127
47433	0.004626807142
47434	0.001853458161
47435	0.002341611042
47436	0.006214924615
47437	0.002884314911
47438	0.01454553916
47439	1.555124035e-05
47440	0.001399231049
47441	0.0005884829793
47442	0.0003968651289
47443	0.004894778792
47444	0.001150276563
47445	4.501163734e-06
47446	0.004769938201
47447	0.004411581402
47448	0.0005665565792
47449	0.0006431058623
47450	0.008318751283
47451	0.01858358846
47452	0.00146715908
47453	0.001270221348
47454	0.0006382161311
47455	0.006084921567
47456	0.003858030571
47457	0.01470795443
47458	0.01230121277
47459	0.009422249061
47460	0.001687925861
47461	0.004196707533
47462	0.001595612268
47463	0.007720463995
47464	0.001198292359
47465	0.001093291456
47466	0.01341358328
47467	0.000321586441
47468	0.005454067477
47469	0.004038465314
47470	0.01854554803
47471	0.001053900152
47472	0.001231394592
47473	0.002491322605
47474	8.728950062e-06
47475	0.001740583445
47476	0.003200215606
47477	0.00349708004
47478	0.0001232974805
47479	0.005712688219
47480	0.0009233492593
47481	0.006685878605
47482	7.126146832e-05
47483	0.004352009178
47484	0.005668597335
47485	0.001597852477
47486	0.002879433267
47487	0.0002703228884
47488	0.007772372722
47489	0.004095261829
47490	0.0008647077028
47491	0.004826596008
47492	0.006842701418
47493	0.01648434575
47494	0.00341481627
47495	0.004952724079
47496	0.009730078195
47497	0.004181576638
47498	0.01379519304
47499	0.009747759693
47500	0.006018248257
47501	0.0007514986513
47502	0.01647537566
47503	0.001920670621
47504	0.005236167432
47505	0.0004594295789
47506	0.02810075989
47507	0.01089030288
47508	0.0006323250464
47509	0.0145550762
47510	0.01223822288
47511	0.004302090941
47512	3.046330833e-05
47513	0.02062272026
47514	0.00121623578
47515	0.0002390899242
47516	0.004420592889
47517	0.007177630789
47518	0.000644489666
47519	0.002388074048
47520	0.001898182002
47521	0.008711419088
47522	0.0009929060073
47523	0.005546776669
47524	0.002760975379
47525	0.01000390185
47526	0.001648041113
47527	0.0003772161222
47528	0.0001326224137
47529	0.0002425887086
47530	0.005151499595
47531	0.001271118197
47532	0.0007164520525
47533	0.001827154932
47534	0.001239506096
47535	0.002200887408
47536	0.003795509804
47537	0.005609314054
47538	0.002966858686
47539	0.01360573166
47540	0.000680586397
47541	0.01314143034
47542	0.0145945268
47543	0.000474008568
47544	0.004661837087
47545	0.01150187279
47546	0.0008958258022
47547	0.005656292958
47548	0.02632411556
47549	0.005182437456
47550	0.003342285226
47551	0.0007553998202
47552	0.0001558891169
47553	0.001084595458
47554	0.0002683949064
47555	0.006343793345
47556	0.0003535840403
47557	0.00504536968
47558	0.001367073393
47559	0.0149907286
47560	0.001684757515
47561	0.004147537745
47562	0.0007061871672
47563	0.001786454828
47564	0.008975008217
47565	0.001914375179
47566	0.0003230507868
47567	0.0007163550813
47568	0.005802492594
47569	0.01730456693
47570	0.0009827915126
47571	0.00827124252
47572	1.890130749e-05
47573	0.002546484693
47574	0.01802934014
47575	0.0009808317713
47576	0.001715268465
47577	0.003048001002
47578	0.004762284584
47579	0.0003166590145
47580	0.001820526743
47581	0.006454030968
47582	0.01106948013
47583	0.003171229462
47584	0.001546844665
47585	0.001585913184
47586	0.002339246817
47587	0.008952407561
47588	0.0008626569469
47589	0.001491784689
47590	0.003763999676
47591	0.003553494791
47592	0
47593	0.01060284744
47594	0.01389145355
47595	0.0004451035741
47596	0.0001891776945
47597	0.003711283439
47598	0.0009875012506
47599	0.001058662853
47600	0.009253778981
47601	0.001369096653
47602	0.003023240519
47603	0.002950238516
47604	0.01779728412
47605	0.001158531797
47606	0.02090422434
47607	0.004876526658
47608	0.003598720828
47609	0.002449192901
47610	0.008814154325
47611	0.003297766357
47612	0.003128232311
47613	0.0005905415432
47614	0.01390391331
47615	0.00073771521
47616	0.001731291843
47617	0.005737737513
47618	0.00127447981
47619	0.001649527809
47620	0.001059443194
47621	0.0005351140257
47622	0.004131199704
47623	0.0008695744142
47624	0.0006348847007
47625	0.0001782578989
47626	4.969433586e-05
47627	0.0001865163926
47628	0.001025120921
47629	0.002682768123
47630	0.001712504481
47631	0.009070949158
47632	0.002185393082
47633	0.003364197194
47634	0.005482052938
47635	0.02009425594
47636	0.0002521811933
47637	0.0001612114756
47638	0.004668361914
47639	0.01573364929
47640	0.009741000213
47641	0.009541345181
47642	0.009503591654
47643	0.000580121837
47644	7.032284679e-05
47645	0.01054249566
47646	0.001982211133
47647	0.01394588747
47648	0.005910902488
47649	0.007851235162
47650	0.01059339558
47651	0.0005244616056
47652	0.008687730352
47653	0.01351358683
47654	0.002751677335
47655	0.0004957087314
47656	0.004106445541
47657	0.01249593434
47658	0.006709556073
47659	0.01006701917
47660	0.01663514291
47661	0.002902689689
47662	0.001089718022
47663	3.103747045e-05
47664	0.002874725503
47665	0.004889019733
47666	0.01616309359
47667	0.005851026719
47668	0.005900724203
47669	0.0001288099248
47670	0.000187054404
47671	0.0005098900366
47672	0.0001278597571
47673	0.001912206598
47674	0.001298755539
47675	0.005529279928
47676	0.01378153379
47677	0.004650454713
47678	0.0006010630454
47679	0.01218407359
47680	0.007749350218
47681	0.005827806852
47682	0.003253552959
47683	0.001897769528
47684	0.007599601053
47685	0.004712005445
47686	0.01252653936
47687	0.002119854158
47688	0.008384415915
47689	0.003627565841
47690	0.001017039757
47691	0.005690362571
47692	0.001414523061
47693	0.001111511996
47694	0.003939354069
47695	0.001698887948
47696	0.0218550823
47697	0.003619282829
47698	0.01284623861
47699	0.006672204745
47700	0.001691883942
47701	0.009117612915
47702	0.002761143488
47703	0.0008879324014
47704	0.001213755685
47705	0.01363566987
47706	0.005496419659
47707	0.01622834134
47708	0.008463346921
47709	0.01627902412
47710	0.0003155676097
47711	0.0001480927061
47712	0.004880049588
47713	0.003504915601
47714	0.002914176359
47715	0.000423739295
47716	0.009270429828
47717	0.004752004995
47718	0.00253192701
47719	0.01103806369
47720	0.005910951472
47721	0.001063302747
47722	0.002278072667
47723	0.003559856223
47724	0.01614602469
47725	0.005915071071
47726	0.0003913316739
47727	0.001433113939
47728	0.006588775519
47729	0.007571014518
47730	0.0006818985631
47731	0.01572494654
47732	0.01006696522
47733	0.001304169488
47734	0.02043095199
47735	0.007787988657
47736	0.008290699303
47737	0.02792087653
47738	0.006391847909
47739	0.005340978236
47740	0.005379909555
47741	0.01850430991
47742	0.009271297459
47743	0.0007810302711
47744	0.0002258602568
47745	4.181088626e-05
47746	0.0003095502701
47747	0.001711768054
47748	0.001675038162
47749	0.002234301229
47750	0.006509267511
47751	0.005371101651
47752	0.004669840038
47753	0.000641427126
47754	0.006497812899
47755	0.000826154328
47756	0.004801157396
47757	0.001198184382
47758	0.012767247
47759	0.0008987283385
47760	0.002130922361
47761	0.0004571763911
47762	0.009496709411
47763	4.81805473e-05
47764	0.002585651762
47765	0.001939762611
47766	5.8580564e-05
47767	0.0001482344291
47768	0.01248186227
47769	0.0002796632122
47770	0.0009814501829
47771	0.0001358261993
47772	0.0001277522311
47773	0.002475799536
47774	0.0009965570234
47775	0.01709207352
47776	0.001665119924
47777	0.003272628236
47778	0.01684026893
47779	0.0002363447352
47780	0.002358875757
47781	0.006307105163
47782	0.004601975227
47783	0.002293971442
47784	0.009829344556
47785	0.01202531607
47786	0.01461196493
47787	0.01199766276
47788	0.001757177125
47789	0.02551635235
47790	0.00255616848
47791	0.0003271060736
47792	0.005088057154
47793	0.007915981091
47794	0.0003094632928
47795	0.003486073932
47796	0.01244903381
47797	0.002918405024
47798	0.001147532544
47799	0.002533915587
47800	0.01092064475
47801	0.007458959037
47802	0.01339147609
47803	0.003101161216
47804	0.0120886716
47805	0.0003351921088
47806	0.0008366714717
47807	0.0003929830351
47808	0.0007555321544
47809	0.001590740327
47810	0.001003288128
47811	0.008197826057
47812	0.01480004809
47813	0.002710204749
47814	0.001188337351
47815	0.001328765014
47816	0.0009850062832
47817	0.01874592635
47818	0.001535998539
47819	0.01037494568
47820	0.004033786384
47821	0.003970083862
47822	7.586895312e-05
47823	0.0009720602416
47824	0.003647460018
47825	0.02235689154
47826	0.00561933486
47827	0.001461732324
47828	0.008648356364
47829	0.001818611376
47830	0.02078929116
47831	0.01989649622
47832	0.00125655972
47833	0.00390087745
47834	0.003386981314
47835	0.0003159851164
47836	0.001152696521
47837	0.0006964160967
47838	0.0009862584255
47839	0.002793758437
47840	0.005003614676
47841	0.004377921253
47842	0.0169457902
47843	0.008460244691
47844	0.002982280063
47845	0.002793844145
47846	0.005773119097
47847	0.001404332671
47848	0.0302226674
47849	0.00831910272
47850	0.0003601825307
47851	0.01267002552
47852	0.02347170975
47853	0.01158142046
47854	0.001346153176
47855	0.007214797808
47856	0.003298745793
47857	0.0006846451567
47858	0.01164760411
47859	0.005401110337
47860	0.004024775998
47861	0.0005205754392
47862	0.00203943905
47863	0.00150411553
47864	0.0008083752701
47865	0.005760433363
47866	0.000976462326
47867	0.02429509783
47868	0.004783457991
47869	0.004741899158
47870	0.001076479399
47871	0.003107845515
47872	0.003294170599
47873	0.004944491247
47874	0.005020657768
47875	0.003246336409
47876	0.00705733168
47877	0.00123899156
47878	0.001806009397
47879	0.0006161294646
47880	0.005489544207
47881	0.0160158986
47882	0.00492919812
47883	0.001802053124
47884	2.22062724e-06
47885	0.002793729788
47886	0.001585676011
47887	0.01220423304
47888	0.00616505688
47889	0.003924225928
47890	0.00171102834
47891	0.0002668100816
47892	0.001537815818
47893	0.007475185212
47894	0.003206960105
47895	0.001722825572
47896	0.01252407311
47897	0.004259370267
47898	0.0005380824164
47899	0.00114839181
47900	0.01048362919
47901	0.003726451047
47902	0.00142168337
47903	0.008375288208
47904	0.01011050995
47905	0.002244040988
47906	0.02451129511
47907	0.003181281719
47908	0.0005324384314
47909	0.01048448003
47910	0.001820669288
47911	0.005452966695
47912	0.009812801954
47913	0.005338604163
47914	7.106646693e-05
47915	0.01907624035
47916	0.01031584451
47917	0.01015356172
47918	0.0003900311587
47919	0.006684066896
47920	0.00305200015
47921	0.001932267496
47922	0.01188085604
47923	0.002674956227
47924	0.003287364273
47925	0.01767842696
47926	0.003191238197
47927	0.0001664360941
47928	0.01526215081
47929	0.006880076846
47930	0.002501147489
47931	0.009952966867
47932	0.0008525084376
47933	0.01241952505
47934	0.01479359819
47935	0.02451132481
47936	0.0027835236
47937	0.01469276832
47938	0.003358722976
47939	0.002107867106
47940	0.002613321253
47941	0.004623897293
47942	0.0004641333672
47943	0.00843974766
47944	0.006732905163
47945	0.0001596403046
47946	0.006060176956
47947	0.002585353086
47948	0.0009901444151
47949	0.01450458375
47950	0.02087928194
47951	0.008741758025
47952	0.001135013607
47953	0.001992934664
47954	0.02920003563
47955	0.01103285989
47956	0.0003950391765
47957	0.0008425541434
47958	0.0002612588336
47959	0.000254960868
47960	0.001739387127
47961	0.001627652919
47962	0.008196499923
47963	0.003800351502
47964	0.007328938708
47965	0.002965213867
47966	0.004265134322
47967	0.0009924842921
47968	0.003092398291
47969	0.01235868933
47970	0.01344487861
47971	0
47972	0.002216412483
47973	0.002211099377
47974	0.007400563628
47975	0.004772099876
47976	0.00186622175
47977	0.001550088005
47978	0.001119123149
47979	0.0009511343857
47980	0.001406897852
47981	0.002822424678
47982	0.01006636466
47983	0.01414877886
47984	0.01350211418
47985	0.0006317850141
47986	0.001705717694
47987	0.0124456243
47988	0.008861867542
47989	0.001894608779
47990	0.001578065167
47991	0.003322217711
47992	0.004840011705
47993	0.01098795003
47994	0.01628799943
47995	0.01258733888
47996	0.001868296363
47997	0.0158016555
47998	0.0003290759892
47999	0.009583894012
48000	0.006107296487
48001	0.01012879743
48002	0.01921240443
48003	0.01344180484
48004	0.009521457916
48005	0.0004410271832
48006	0.001307645493
48007	0.0003747856346
48008	0.005572254831
48009	0.007027000165
48010	0.0001762718075
48011	0.0003656045907
48012	0.003651346478
48013	0.006695698375
48014	0.001667779318
48015	0.008025904858
48016	0.00654558932
48017	0.0003672198716
48018	3.646122824e-05
48019	9.889649116e-05
48020	0.004450977869
48021	0.002091056333
48022	0.005161716808
48023	0.00726783662
48024	0.009916376966
48025	0.0008228060991
48026	0.003710175702
48027	0.00186598859
48028	0.01988761868
48029	0.007394577818
48030	0.01279068782
48031	0.001631177289
48032	0.004016453457
48033	0.00703375485
48034	0.0001986017383
48035	0.009511339345
48036	0.001557637342
48037	0.0008149557158
48038	0.0003269956204
48039	0.01254709647
48040	0.001155623968
48041	0.001607140148
48042	0.0007196807897
48043	0.0002075482573
48044	0.0007642581767
48045	0.002306110664
48046	0.003132687216
48047	0.003088483428
48048	0.006016103888
48049	0.00204579802
48050	0.004614549205
48051	2.224778207e-05
48052	0.0001739755025
48053	0.004483784574
48054	0.001049595875
48055	0.01256802569
48056	0.0009312948441
48057	0.0005356837584
48058	0.002322360971
48059	0.002140226844
48060	0.002601405787
48061	0.001538338041
48062	0.008943731847
48063	0.00675020179
48064	0.0005315029622
48065	0.0004547034382
48066	0.0007917348089
48067	0.001210999743
48068	0.01542860583
48069	0.001974405955
48070	0.000977975611
48071	0.01499377507
48072	0.009385217471
48073	0.002694392601
48074	0
48075	0.0009674262868
48076	0.004462672272
48077	0.007429928118
48078	0.004700606117
48079	0.006769664568
48080	0.005380840265
48081	0.008558230877
48082	0.001047292949
48083	0.004008922138
48084	0.001890667174
48085	0.01128953895
48086	0.009861789307
48087	0.002109665474
48088	0.003431975805
48089	0.003605931453
48090	0.002098427751
48091	0.004398428246
48092	0.004257797055
48093	0.008816301244
48094	0.005092199167
48095	0.006533102225
48096	0.003095132781
48097	0.0003708016579
48098	0.009674658381
48099	0.006765892735
48100	0.008712158994
48101	0.01307044856
48102	0.0006219153491
48103	0.003110122497
48104	0.002824640925
48105	0.007534762881
48106	0.01263015381
48107	0.00649341775
48108	0.00599062418
48109	0.007142094173
48110	0.0121378789
48111	0.0005913838954
48112	0.0003563912516
48113	4.850651075e-05
48114	0.01261349732
48115	0.002080438999
48116	0.01079029241
48117	0.008220084542
48118	0.01821586656
48119	0.001004187837
48120	0.005463498998
48121	0.0003391062539
48122	0.001367244673
48123	0.000326449887
48124	0.0005579173103
48125	0.001562109022
48126	0.0006578293849
48127	0.004082810379
48128	0.005816980887
48129	0.005605467413
48130	0.01289004283
48131	0.002724336344
48132	0.00557164774
48133	0.0004567276042
48134	0.004635778499
48135	0.0005878435747
48136	0.0006712353952
48137	0.003236764378
48138	0.0003374793785
48139	0.001793521807
48140	0.0053327026
48141	0.001192629347
48142	0.01347443388
48143	0.0001561105127
48144	0.002729177354
48145	0.002453467887
48146	0.00359177883
48147	0.001341506581
48148	0.0007685902513
48149	0.001379410294
48150	0.001818673997
48151	0.001570993885
48152	0.009641724673
48153	0.01021641318
48154	0.001639812547
48155	0.003819921264
48156	0.007628576431
48157	0.002371606459
48158	0.01506812472
48159	0.006481187187
48160	0.003265894607
48161	0.001019220179
48162	0.0107532986
48163	0.0005378197433
48164	0.01204075377
48165	0.0006989159594
48166	0.001545415238
48167	0.001484397136
48168	0.0004371452641
48169	0.02288649488
48170	0.0007788322733
48171	0.002129841189
48172	0.01200968633
48173	0.0002563766003
48174	0.004727776447
48175	0.01132758146
48176	0.003119975306
48177	0.003215814022
48178	0.004881428726
48179	0.0002771779948
48180	0.00275835695
48181	0.0007846792146
48182	0.008204927609
48183	0.00183605908
48184	0.007618276596
48185	0.002368027576
48186	4.628356588e-05
48187	0.002280546829
48188	0.008802046437
48189	0.01069848829
48190	0.01154833772
48191	0.005647158139
48192	0.006600514835
48193	0.001725528675
48194	0.005854360537
48195	0.01591688341
48196	0.0006767672482
48197	0.007735302516
48198	0.00160729476
48199	0.000449088472
48200	0.005612151576
48201	0.001517845378
48202	0.003569305713
48203	0.004447182833
48204	0.0002499205639
48205	0.0009753172526
48206	0.00197950293
48207	0.01442785786
48208	0.008595272207
48209	0.008878647938
48210	0.007807971315
48211	0.005181535818
48212	0.003041396323
48213	0.005547766096
48214	0.007860010732
48215	0.005700987363
48216	0.002687493548
48217	0.007594378964
48218	0.002278740835
48219	0.0005012411647
48220	0.001211152297
48221	0.002651899454
48222	0.00254170079
48223	0.01119431875
48224	0.008162641557
48225	0.005809263134
48226	0.005608543569
48227	0.008065510275
48228	0.002987229462
48229	0.0004044159308
48230	0.005817486594
48231	0.002081159099
48232	0.01374431385
48233	0.002954872349
48234	0.002318898107
48235	0.008104694157
48236	0.004668008773
48237	0.007139181316
48238	3.65367868e-05
48239	0.002263363998
48240	0.002799873597
48241	0.002234146579
48242	6.80738068e-05
48243	0.001140013367
48244	0.01365504996
48245	0.008037085634
48246	0.007683795772
48247	0.0009074901243
48248	0.01504110371
48249	0.000151883599
48250	0.004936773266
48251	0.008474342485
48252	0.02216435404
48253	0.001365949998
48254	0.01366348805
48255	0.006084311068
48256	0.003066402416
48257	0.001634571182
48258	0.005097286933
48259	0.00990633815
48260	0.0006446338107
48261	0.0008906705558
48262	0.005689314223
48263	0.004434741346
48264	0.01776442463
48265	0.01058641107
48266	0.00414032311
48267	0.007093311579
48268	0.00105488607
48269	0.0007735943001
48270	0.003652564301
48271	0.0003541230939
48272	0.000368674842
48273	0.001438799455
48274	0.001281305719
48275	0.01662723303
48276	0.01708153862
48277	0.001775984541
48278	0.006466374685
48279	0.004145176773
48280	0.0001872240724
48281	0.001451121913
48282	0.001490321041
48283	0.01041795851
48284	0.001340608219
48285	0.0004359667111
48286	0.001220859013
48287	0.00220952203
48288	0.0004605730333
48289	0.004481646915
48290	0.0008779515714
48291	0.0005731615861
48292	0.006909385068
48293	0.0003054615057
48294	0.004476136483
48295	0.0003837615757
48296	0.008279653025
48297	0.008115187027
48298	0.0003597509705
48299	0.006465142095
48300	0.005220138735
48301	0.002238173599
48302	0.0140780156
48303	0.001541510305
48304	0.006455783827
48305	0.009111716165
48306	0.001626060553
48307	0.004991188802
48308	0.0149975572
48309	0.005881947864
48310	0.002826271448
48311	0.0006606462583
48312	0.00499067077
48313	0.001437567901
48314	0.008261574035
48315	0.000807619039
48316	0.001659513361
48317	0.01497555538
48318	0.001702837346
48319	0.007184138794
48320	0.01345638158
48321	0.009217250462
48322	0.00710015804
48323	0.006412382445
48324	0.001374417585
48325	0.008497383536
48326	0.0066041301
48327	0.003010057117
48328	0.004469515439
48329	0.001733111249
48330	0.003458160115
48331	0.003272476917
48332	0.0008050171439
48333	0.007144916428
48334	0.002941102707
48335	0.003068283665
48336	0.0006818661663
48337	0.005263141929
48338	0.001627429281
48339	0.0138196425
48340	0.00404764699
48341	0.004722767343
48342	0.006984505909
48343	0.002280806453
48344	0.007703678966
48345	0.006867970019
48346	0.01496563165
48347	0.002493541201
48348	0.01169275539
48349	0.007509749539
48350	0.006722654987
48351	0.00392636446
48352	8.104039895e-05
48353	0.01436981822
48354	0.004795136457
48355	0.003294434854
48356	0.0011926037
48357	0.0019772455
48358	0.01968874586
48359	0.002449860802
48360	0.005876340766
48361	0.0002141837735
48362	0.0002858607551
48363	0.00494930821
48364	0.007151084245
48365	0.002142120848
48366	0.0002281374595
48367	0.00551671441
48368	0.0006700752538
48369	0.0008703938713
48370	0.001264227037
48371	0.001133357571
48372	0.0003143794993
48373	0.004381180483
48374	0.00429002264
48375	0.01356886458
48376	0.00203486027
48377	0.0006608541585
48378	0.002270311992
48379	0.0002206225903
48380	0.007392093859
48381	0.001247424953
48382	0.003402825577
48383	0.001861989543
48384	0.000314116644
48385	0.0007143401111
48386	0.0006399246625
48387	0.006787024938
48388	0.008584053059
48389	0.006114808579
48390	0.000321774379
48391	0.002742886881
48392	0.001059233504
48393	0.0002570563426
48394	0.007672793872
48395	0.002250134994
48396	0.01464838479
48397	0.003596311226
48398	0.01231021725
48399	0.005062929
48400	0.00234018994
48401	0.002275027224
48402	0.0001715086283
48403	0.01589506588
48404	0.009526402492
48405	7.915352265e-05
48406	0.003816403772
48407	0.003108257979
48408	0.004975935117
48409	0.01986307981
48410	0.02011681531
48411	0.007313555468
48412	0.002546051827
48413	0.008926948436
48414	0.007164406445
48415	0.001383215333
48416	0.001242244347
48417	0.008388165748
48418	0.0004372564085
48419	0.003761464798
48420	0.0103441084
48421	0.004372265877
48422	0.001357939239
48423	0.01263104108
48424	0.00914830247
48425	0.002862899234
48426	0.004177626295
48427	0.002298595787
48428	0.001589656051
48429	0.02187088053
48430	0.005396066085
48431	0.003328142466
48432	0.008701546127
48433	0.01858782383
48434	0.002697481119
48435	6.378112288e-05
48436	0.005717411734
48437	0.007154641355
48438	0.004521094543
48439	0.007042801651
48440	0.004910664164
48441	0.005921555394
48442	0.003297557206
48443	0.007164430225
48444	0.006989096304
48445	0.002740704441
48446	0.00161992377
48447	0.007468561942
48448	0.01476202143
48449	0.002199196353
48450	0.003536422594
48451	0.01765705733
48452	0.007702949996
48453	0.004247484893
48454	0.0002095494738
48455	0.0003940313675
48456	0.003865097337
48457	0.001393728354
48458	0.0005320145642
48459	0.0147891515
48460	0.01368466749
48461	0.0001050002902
48462	0.01530530247
48463	0.009338908863
48464	0.02187957351
48465	0.00109153139
48466	6.850570069e-05
48467	0.003897164127
48468	9.971908424e-05
48469	0.00276252928
48470	0.01097429086
48471	0.001890309321
48472	0.003928027872
48473	0.001053368978
48474	0.002273044957
48475	0.009716520305
48476	0.0001741236458
48477	0.02414129337
48478	0.008510071875
48479	0.0004599751582
48480	0.001810071479
48481	0.01198479896
48482	0.003006697881
48483	0.004647481938
48484	0.0002753789335
48485	3.541933735e-05
48486	0.00973477855
48487	0.008485314259
48488	0.008993350468
48489	0.01380323871
48490	0.002110411207
48491	0.0007942264814
48492	0.0009464872286
48493	0.003831707822
48494	0.001142928674
48495	0.001952650106
48496	0.01019642489
48497	0.004719532203
48498	0.008201789061
48499	0.0107699099
48500	1.237580624e-05
48501	8.023065006e-05
48502	0.01384858525
48503	0.002524659999
48504	0.003541770395
48505	0.005830074996
48506	0.007615828147
48507	0.0001427337525
48508	0.008835171975
48509	8.205578226e-05
48510	0.0002191503711
48511	0.0003245402438
48512	0.002586604945
48513	0.01606307322
48514	0.006953226851
48515	0.004700019029
48516	0.004622182132
48517	0.007535381826
48518	0.0009736721395
48519	0.003220941548
48520	0.009767308712
48521	0.004607547217
48522	0.004046888587
48523	0.0001369122759
48524	0.03136236955
48525	0.003353614781
48526	0.002509862345
48527	0.007582426815
48528	0.001728395756
48529	0.01475256059
48530	0.000515892625
48531	0.0007381178433
48532	0.0006095022054
48533	0.001504408203
48534	0.001146046073
48535	0.002607319332
48536	0.0002307760728
48537	9.011317733e-05
48538	0.01974511675
48539	0.000494133382
48540	0.001325961762
48541	0.0005798563889
48542	0.0008365054666
48543	0.003991885679
48544	0.0002786548771
48545	0.01482181647
48546	0.003978919742
48547	0.0159866581
48548	0.01059228726
48549	0.009901205492
48550	0.003560837591
48551	0.009479973536
48552	0.0006735506302
48553	0.002030804043
48554	0.001400996356
48555	2.244519844e-05
48556	0.01209649298
48557	0.009095191384
48558	0.01410240316
48559	0.0007857018415
48560	1.392977283e-05
48561	0.004658499347
48562	0.005594788412
48563	0.004297149885
48564	0.001362781106
48565	0.01160710424
48566	0.01049047503
48567	0.0005368888764
48568	0.004799483495
48569	0.004535914961
48570	5.535357588e-06
48571	0.006370131545
48572	0.0009616078923
48573	0.006601386572
48574	0.0001532995556
48575	0.009802187979
48576	0.001134501538
48577	0.001288806364
48578	0.0005697643724
48579	0.006435823172
48580	0.007194160759
48581	0.008354064946
48582	0.006038056739
48583	0.0003099022086
48584	0.0003269824064
48585	0.0002637780263
48586	0.0007166877534
48587	0.01040343421
48588	0.0009018279122
48589	0.007773262624
48590	0.001004157896
48591	0.008391868928
48592	0.002190915133
48593	5.957390273e-05
48594	0.0008886300727
48595	0.004517911815
48596	0.009413285227
48597	0.004325912751
48598	0.0006158079676
48599	0.007557393975
48600	0.003950198724
48601	0.005279334971
48602	0.001431399599
48603	0.003800824808
48604	0.0009625159786
48605	0.006390968643
48606	0.0008349002213
48607	0.002685490029
48608	0.003914184801
48609	0.006114487651
48610	0.009511498268
48611	0.03143093349
48612	0.01716891718
48613	0.0008891689969
48614	0.005217622301
48615	0.006436331105
48616	0.006263547128
48617	0.007617849498
48618	0.002387658849
48619	0.0003930357494
48620	0.002614109756
48621	0.0003208980405
48622	0.002468589789
48623	0.0004414838624
48624	0.0006104011766
48625	0.0002269235562
48626	0.002672175684
48627	0.003512270429
48628	0.0004439259221
48629	0.0009925024437
48630	0.004758351705
48631	0.005367659718
48632	0.0005871373229
48633	0.006515355227
48634	0.001228144101
48635	0.004688723869
48636	0.001665131884
48637	0.009128631767
48638	0.01159570696
48639	0.0001983121664
48640	2.941962035e-05
48641	0.004297753623
48642	0.0002435368353
48643	0.005692659363
48644	0.0002917428646
48645	0.004501777004
48646	0.004935939099
48647	0.001024254786
48648	7.781039469e-05
48649	0.001468366729
48650	0.00129627658
48651	0.002079743317
48652	0.003514323237
48653	0.005108953855
48654	0.002354423441
48655	0.0004351654578
48656	0.006473454675
48657	8.510436208e-05
48658	0.002045020587
48659	0.01629765832
48660	0.003880237933
48661	0.005283605635
48662	8.092170746e-05
48663	0.007512513891
48664	0.01572712012
48665	0.004000349624
48666	0.001041086667
48667	0.002017194323
48668	0.001731716168
48669	0.003602395878
48670	0.0005753571857
48671	0.0106452527
48672	0.001625989781
48673	0.001556930664
48674	0.0002407771355
48675	0.0002941826967
48676	0.001246873298
48677	0.004343533454
48678	0.006123209116
48679	0.001617920268
48680	0.007400196543
48681	0.00498924097
48682	0.02290944264
48683	0.00425104246
48684	0.01009871645
48685	0.005238906406
48686	0.01466426878
48687	0.0004240451833
48688	0.01582821568
48689	0.00980329612
48690	0.0005468950508
48691	0.007017553444
48692	0.001991095593
48693	0.005908008027
48694	0.0006017455596
48695	0.0009397470676
48696	4.12864036e-05
48697	0.008980460475
48698	0.0002070421069
48699	0.002989904386
48700	0.01644594849
48701	0.01403004041
48702	6.044998643e-06
48703	0.003959753763
48704	0.000138859967
48705	0.0003251673929
48706	0.0001744576715
48707	0.001995771858
48708	0.002016407813
48709	0.01817184123
48710	0.01646669632
48711	0.004696704162
48712	0.01185848935
48713	0.001530009587
48714	0.01065284921
48715	0.003875920892
48716	0.0006376125887
48717	0.009185846415
48718	0.003209368586
48719	0.0005842507793
48720	0.004002104438
48721	0.0007536043382
48722	0.0002852720487
48723	0.0008634540928
48724	0.005268068497
48725	0.0009126088758
48726	0.001960490646
48727	0.001091258374
48728	0.0008379627186
48729	0.00588187266
48730	0.001387380818
48731	0.001621138697
48732	0.0002751469716
48733	0.0005949353795
48734	0.01008729447
48735	5.183712e-06
48736	0.008288519242
48737	5.895395314e-05
48738	0.0004520214718
48739	0.004414025148
48740	0.0001329437214
48741	0.002835367214
48742	0.0007050603826
48743	0.01744758367
48744	0.001271622794
48745	0.003675111656
48746	0.002377248507
48747	0.01254881653
48748	0.01090118477
48749	0.002940838722
48750	0.01146504551
48751	0.008439939262
48752	0.003303217264
48753	0.0001476510593
48754	0.002672774136
48755	0.008050919032
48756	0.0003320236078
48757	0.006905659604
48758	0.001038187319
48759	0.01564411509
48760	0.009694312646
48761	0.009182209257
48762	0.008111132324
48763	0.006540253522
48764	0.008453867203
48765	0.003597547484
48766	0.007770327541
48767	0.0001772175113
48768	0.0005293535271
48769	0.005887589926
48770	0.02298958728
48771	0.006181895355
48772	0.01353460757
48773	0.00728030998
48774	0.0127516321
48775	0.00299831752
48776	0.004016043626
48777	0.005241298039
48778	0.01232912668
48779	0.0002711797935
48780	0.0002129973661
48781	0.01669992096
48782	4.96751535e-05
48783	0.005925975335
48784	0.0002097737541
48785	0.00197183042
48786	0.007677023668
48787	0.01430189713
48788	0.00314993965
48789	0.01274362808
48790	0.005822596736
48791	0.002199694647
48792	0.001985560439
48793	0.002618558335
48794	0.00790492932
48795	0.01133928359
48796	0.0002356822471
48797	0.00430281882
48798	0.002304684617
48799	0.009905025542
48800	0.004851494109
48801	0.01001734927
48802	0.0143661464
48803	0.001592324205
48804	0.003120220077
48805	0.003069076378
48806	0.002761854749
48807	5.840790453e-05
48808	0.006433334434
48809	0.006323864537
48810	0.004999223407
48811	0.00185135623
48812	0.002308646928
48813	0.007555845205
48814	0.003091302985
48815	0.002024626818
48816	0.0002787122786
48817	0.0004972655793
48818	0.001146979769
48819	0.03182620798
48820	0.001464587766
48821	0.001704429952
48822	0.002023430145
48823	0.006581470808
48824	0.005521197033
48825	0.003099593848
48826	0.002697448022
48827	0.01378544721
48828	0.0104048172
48829	0.0003039487919
48830	0.003758261795
48831	0.006041854291
48832	0.004498258939
48833	0.005194855666
48834	0.006292845043
48835	0.03492861149
48836	0.008987607259
48837	0.0008256175195
48838	0.0135655273
48839	0.0003264652208
48840	0.005504679541
48841	0.008746467429
48842	0.005650866538
48843	0.001789399277
48844	0.007130424025
48845	0.01112127958
48846	0.001192931118
48847	0.005883582465
48848	0.002329094801
48849	0.01450307356
48850	0.001878598045
48851	0.005896256385
48852	0.01036277334
48853	0.0008491627666
48854	0.006143304381
48855	0.01087636968
48856	0.0008549602289
48857	0.005871534934
48858	0.00552023123
48859	0.01152664409
48860	2.516692763e-05
48861	0.001125201414
48862	0.01160651881
48863	0.02632119428
48864	0.009115179558
48865	0.003163494507
48866	0.01563582599
48867	0.007002179313
48868	0.003449150543
48869	0.000593424388
48870	0.005772516207
48871	0.007681776986
48872	0.00246758815
48873	0.01634710124
48874	0.0002712212111
48875	0.0003670018659
48876	0.0005181555812
48877	0.0001023688361
48878	0.008437019425
48879	0.004487181197
48880	0.0007795862266
48881	0.009663720617
48882	0.002322601966
48883	0.001033782988
48884	0.001599798166
48885	0.01063318317
48886	0.005401598907
48887	0.00890448638
48888	0.004172308839
48889	0.003733656929
48890	0.005747948404
48891	0.005519785758
48892	0.006695102192
48893	0.0003751063143
48894	0.008240216543
48895	0.0001591839575
48896	0.01251481476
48897	0.01649102331
48898	0.004793069736
48899	0.007022685308
48900	7.672620578e-05
48901	0.004478554571
48902	0.007319433386
48903	0.00274211932
48904	0.003299229617
48905	0.002356794169
48906	0.001813453967
48907	0.001293965014
48908	0.005377358961
48909	0.002728149388
48910	6.81662963e-05
48911	0.009432975423
48912	0.000125731525
48913	0.002751863278
48914	0.005083679251
48915	0.01356776338
48916	0.00102879173
48917	0.006724781738
48918	0.00664824441
48919	0.0141835294
48920	0.006327381901
48921	5.593400964e-05
48922	0.0017337398
48923	0.003921106006
48924	0.005859725995
48925	0.0009921113237
48926	0.001986655624
48927	0.001391879621
48928	0.001804644385
48929	0.01597404037
48930	0.008267741712
48931	0.006750250527
48932	0.008905185091
48933	0.0053919629
48934	0.002679084467
48935	0.002379871904
48936	0.001820071075
48937	0.009242219451
48938	0.01425403547
48939	0.0010151452
48940	0.004820478316
48941	0.001077623856
48942	0.008591967067
48943	0.01057802433
48944	0.007163820071
48945	0.0008076032303
48946	0.00895497737
48947	0.002252229838
48948	0.008257651602
48949	0.01693386147
48950	3.759681372e-05
48951	0.005816057737
48952	0.0009010175626
48953	0.001411987938
48954	0.003697850817
48955	0.002801818815
48956	0.01299556014
48957	0.0005814568576
48958	0.006627887418
48959	0.0001028068482
48960	0.01001909777
48961	0.005843881243
48962	0.00352615757
48963	0.002311792885
48964	0.0004635601137
48965	0.00026183163
48966	0.007836941268
48967	0.002942313559
48968	0.01086912468
48969	0.0002472950745
48970	0.001116532
48971	0.004947178966
48972	0.007459441411
48973	0.004034428304
48974	0.01016225152
48975	0.0009068531077
48976	0.002192993482
48977	0.003580054424
48978	0.006276939494
48979	0.0003155113422
48980	0.007716444129
48981	0.003137413331
48982	0.008910679609
48983	0.004548570032
48984	0.007024886554
48985	0.0006608514627
48986	0.0001918551983
48987	0.002978826802
48988	0.0006091993696
48989	0.003623523793
48990	4.359654093e-05
48991	0.002185279836
48992	0.002117274683
48993	0.001328051158
48994	0.007126605835
48995	0.004174076013
48996	0.004150118219
48997	0.001046804416
48998	0.003718914672
48999	0.006316582236
49000	0.006797813768
49001	0.01890001263
49002	0.002666932204
49003	0.01136780339
49004	0.004274824724
49005	0.007659170738
49006	0.000870688819
49007	0.006431425397
49008	0.001651356448
49009	0.01844448671
49010	0.002085897637
49011	0.01132160521
49012	0.003123367954
49013	0.009426837295
49014	0.0007144931926
49015	0.009693546902
49016	0.001498975654
49017	0.001724644231
49018	0.004305263979
49019	0.002959878737
49020	0.000290970547
49021	0.01237855716
49022	0.002913574742
49023	0.0003248340175
49024	0.0001263902513
49025	0.0008726605645
49026	0.006817640313
49027	0.000831936046
49028	0.0005955224749
49029	0.0006089392239
49030	0.0107809441
49031	0.01188265455
49032	0.006443490486
49033	0.003098826297
49034	0.009926521021
49035	0.009349734627
49036	0.01022328739
49037	0.01141358224
49038	0.003788039004
49039	0.004992201531
49040	0.006755589732
49041	0.0005072158962
49042	0.009872764974
49043	0.003780992543
49044	0.004113574155
49045	0.02033486369
49046	0.001351749805
49047	0.004364935926
49048	0.00834644104
49049	0.001384267585
49050	0.01339508107
49051	0.0004513149039
49052	0.007755167533
49053	0.0004091761804
49054	0.0003217635946
49055	0.01707740053
49056	0.009420752161
49057	0.005082925383
49058	0.007808646654
49059	0.003238707751
49060	0.006227738132
49061	0.003853822085
49062	0.001295679057
49063	0.005581199528
49064	0.0001907293695
49065	0.007706521673
49066	0.02045679546
49067	0.01360386687
49068	0.003086074437
49069	0.01852465608
49070	0.02182366427
49071	0.004009446547
49072	0.007513237633
49073	0.007652966859
49074	0.008118734433
49075	0.01987344628
49076	0.007956504045
49077	0.004359395764
49078	0.02069336831
49079	0.003061658774
49080	0.01199813589
49081	0.0003736597807
49082	0.0002835520712
49083	0.0006909630871
49084	0.0008656450414
49085	0.006106149053
49086	0.0009170961078
49087	0.0001447301154
49088	0.01048220319
49089	0.002223554041
49090	0.007295388039
49091	0.001942949904
49092	0.001878657553
49093	0.00124486227
49094	0.0002317944634
49095	0.0008500438113
49096	0.01301259384
49097	0.00118629343
49098	0.01246778405
49099	0.0006907996875
49100	0.0001020230435
49101	0.005773480842
49102	0.004124818409
49103	0.006973892403
49104	0.003340619088
49105	0.002798661558
49106	0.004847392547
49107	0.0009034365679
49108	0.002045719456
49109	0.02051743112
49110	0.003839572546
49111	0.004216877573
49112	0.005015731432
49113	0.004583432572
49114	0.00409699154
49115	0.0001069692959
49116	0.01894036656
49117	0.00436077034
49118	0.0006536814061
49119	0.0006458740798
49120	0.006072102005
49121	0.008819040145
49122	0.00765765948
49123	0.01579579215
49124	0.007127266197
49125	0.005989726033
49126	0.003315585493
49127	0.001752087429
49128	0.007383562253
49129	0.004276514642
49130	0.01125109073
49131	0.001742043917
49132	0.009768258653
49133	0.006577168379
49134	0.009979194934
49135	0.01138623556
49136	0.01119203278
49137	0.00893817666
49138	0.02003496188
49139	0.007721587665
49140	0.002371026537
49141	0.002154396206
49142	0.005201322381
49143	0.0006203664977
49144	0.0006415744418
49145	0.006932137454
49146	0.001659540562
49147	0.001519216725
49148	0.004440234566
49149	0.000473683076
49150	0.0008534931213
49151	0.0007853755862
49152	0.009182201781
49153	0.0004627105914
49154	0.002977205677
49155	0.008825327007
49156	0.007427266844
49157	0.0007583378417
49158	0.0036692984
49159	0.001017941268
49160	0.003385834539
49161	0.001774804692
49162	0.002976595931
49163	0.0002922417426
49164	0.01572744199
49165	0.001740411346
49166	0.01913698407
49167	0.005263530554
49168	0.01150527079
49169	0.000796937746
49170	0.005735781272
49171	0.001904250392
49172	0.008858741505
49173	0.006399290662
49174	0.0028136654
49175	0.01475852837
49176	0.003547933338
49177	0.009903378933
49178	0.000973506213
49179	0.004614050517
49180	0.001142844353
49181	0.001093802282
49182	0.003262419568
49183	0.01482537565
49184	0.0009720669352
49185	0.0007444567763
49186	0.004003649979
49187	0.001287510574
49188	0.0002960184931
49189	0.0002735873919
49190	0.0005891402153
49191	0.000225219147
49192	0.001507198493
49193	0.001241623753
49194	0.007889635813
49195	0.003889210328
49196	0.002564207847
49197	0.002751760577
49198	0.0125239347
49199	0.003055748081
49200	0.01068052333
49201	0.007642392854
49202	0.01297112152
49203	0.0150813736
49204	0.004252523287
49205	0.006404886134
49206	0.001946543235
49207	0.002964390983
49208	0.003020390236
49209	8.70957234e-05
49210	0.0003421817698
49211	0.01371587709
49212	0.002005895262
49213	0.003679949014
49214	0.01019730114
49215	0.00698907188
49216	0.01360018566
49217	0.003562056008
49218	0.0005064812942
49219	0.005865393111
49220	0.00634958146
49221	0.01687400047
49222	0.007603174345
49223	0.004536501377
49224	0.001176309798
49225	0.01219060632
49226	0.001129611777
49227	0.008837439843
49228	0.0006825949658
49229	0.006813453614
49230	0.008100015254
49231	0.002333877866
49232	0.003433546699
49233	0.002925472084
49234	0.002566904332
49235	0.004010324551
49236	0.00394616513
49237	0.007207752135
49238	0.0005793699083
49239	0.00630144478
49240	8.735362181e-05
49241	0.002036555119
49242	0.005035087638
49243	0.01318652488
49244	0.002290787057
49245	0.0005662266853
49246	0.009637938909
49247	0.01196583555
49248	0.001627951542
49249	6.796007181e-05
49250	0.0006979563995
49251	0.007021002487
49252	0.007072056629
49253	0.002117492239
49254	0.02568627086
49255	0.006746503036
49256	0.02289596993
49257	0.004929640325
49258	0.003604694434
49259	0.003210369153
49260	0.008989975849
49261	0.003408309824
49262	0.03173015506
49263	0.009387649648
49264	0.0007653907813
49265	0.008524254561
49266	0.004110265319
49267	0.0002867354615
49268	0.001724613384
49269	0.001517100161
49270	0.002795779548
49271	0.002877564755
49272	0.007566243519
49273	0.006801847625
49274	0.0005357280119
49275	0.005142118076
49276	0.00399467191
49277	0.0003409456646
49278	0.001444653794
49279	1.147830581e-05
49280	0.01835037952
49281	2.215895326e-05
49282	0.0007290293722
49283	0.01514900848
49284	0.00367019889
49285	0.00620258693
49286	0.001256334213
49287	0.003810469231
49288	0.0001456018879
49289	0.001643255112
49290	0.007736097559
49291	0.006156915424
49292	0.005963622191
49293	0.007254835788
49294	0.03419022134
49295	0.008899486144
49296	0.009368109295
49297	0.001210986179
49298	0.002642093252
49299	0.0076299614
49300	0.008575753474
49301	0.004880524505
49302	0.0006623298139
49303	0.000249659146
49304	0.01402236298
49305	0.01562313261
49306	0.0002412594765
49307	0.0002123314751
49308	0.009343011738
49309	0.004446317496
49310	0.003247805332
49311	0.005549203483
49312	0.002047354666
49313	0.002455398988
49314	0.01278508496
49315	0.0001947352568
49316	0.006427238146
49317	0.0005290772938
49318	0.00677862372
49319	0.003208383686
49320	0.0009485342066
49321	0.00155012206
49322	0.0003355742232
49323	0.005346412651
49324	0.008366478647
49325	0.006735451659
49326	0.003281772105
49327	0.008433142545
49328	0.0003292635026
49329	0.007020201421
49330	0.0005096595829
49331	0.00043269248
49332	0.01852403871
49333	6.641548506e-05
49334	0.004222334368
49335	0.02603546215
49336	0.004821400315
49337	0.000398898061
49338	0.003582791176
49339	0.003844179104
49340	0.000496894923
49341	0.0005394536142
49342	0.0002508618884
49343	0.0003611468386
49344	0.01593736732
49345	0.003523682065
49346	0.01053202237
49347	0.006668063578
49348	0.001304244455
49349	0.0005927884422
49350	0.003160112831
49351	0.0005936710898
49352	0.001640604923
49353	0.00364837118
49354	0.001178851866
49355	0.004211103751
49356	0.00717936166
49357	0.006251223749
49358	0.001664396446
49359	0.003851019514
49360	0.01483193552
49361	0.005638187332
49362	0.008538856192
49363	0.003769385284
49364	0.001106593358
49365	0.008322422735
49366	0.01875365284
49367	0.004033542306
49368	0.001452728984
49369	0.005558160955
49370	0.00514124102
49371	0.01413002183
49372	0.01426763526
49373	0.007894203949
49374	0.003375967752
49375	0.002881140691
49376	0.000154300637
49377	0.002736839085
49378	0.00308144053
49379	0.007508047946
49380	0.002922286514
49381	0.002570544521
49382	0.001232747944
49383	0.00505251645
49384	0.0144360686
49385	0.0003375973
49386	0.02360350216
49387	0.009376792425
49388	0.001693849794
49389	0.002469059968
49390	0.0005343790021
49391	0.01410433579
49392	0.0239506852
49393	9.92306158e-05
49394	0.02803377947
49395	0.02232856364
49396	0.002945785504
49397	0.00805636041
49398	0.005068362938
49399	0.007057201048
49400	0.01404371795
49401	0.001947386372
49402	0.0003125225607
49403	0.002548043174
49404	0.005506975619
49405	0.001194710084
49406	0.001946322962
49407	0.008002547715
49408	0.0009888479792
49409	0.002657659549
49410	0.002444780584
49411	0.0153747945
49412	0.002411335144
49413	0.003808668017
49414	0.001907529813
49415	0.007105930812
49416	0.0009117472302
49417	0.00661832502
49418	0.01081933617
49419	0.0006199615487
49420	0.00859468437
49421	0.001189496831
49422	0.007596698112
49423	0.001432062445
49424	0.0011757122
49425	0.001723329617
49426	0.005848496355
49427	0.01031003992
49428	0.0007172181653
49429	0.002538627615
49430	0.00861917295
49431	0.01005592591
49432	0.0100562139
49433	0.02302837549
49434	0.01767447018
49435	0.007491213253
49436	0.01479201253
49437	0.02659152116
49438	0.01083895269
49439	0.006801727345
49440	0.007341443493
49441	0.002161046254
49442	0.002227527391
49443	3.837515229e-05
49444	0.005709550768
49445	0.01464779805
49446	0.000158336436
49447	0.01529178254
49448	0.001318975223
49449	0.004804554431
49450	5.127236433e-05
49451	0.0002719471573
49452	9.959356739e-05
49453	0.00168784771
49454	0.0007719905581
49455	0.006884082789
49456	0.02436889632
49457	0.0153708225
49458	0.0004168184136
49459	0.0006456743732
49460	5.384685848e-05
49461	0.00172065817
49462	0.0019545643
49463	0.003645212889
49464	0.003476593059
49465	0.007578230366
49466	0.0001305703286
49467	0.008094304059
49468	0.01043034189
49469	0.009318003699
49470	0.002994256522
49471	0.008356790173
49472	0.0007373601844
49473	0.005085363516
49474	0.0009884790678
49475	0.001429946767
49476	0.01461553514
49477	0.01318816353
49478	0.001323672898
49479	0.008369233546
49480	0.0007294884906
49481	0.001510446906
49482	0.0007442336818
49483	0.0006762851726
49484	0.009722021733
49485	6.499400671e-05
49486	0.01145978725
49487	0.0009105024355
49488	0.0003028970885
49489	0.001813222253
49490	0.00741265236
49491	0.001712383455
49492	0.001757676165
49493	0.001224414915
49494	0.006840584089
49495	0.0002577021915
49496	0.004433804047
49497	0.0007522796414
49498	0.007621900991
49499	0.004508196543
49500	0.002376042384
49501	0.003793702947
49502	0.01286677433
49503	0.00207712552
49504	0.0141261025
49505	0.0009113799463
49506	0.006447874652
49507	0.002290268943
49508	0.004780031145
49509	0.0009588793704
49510	0.0001499755547
49511	0.0004612034345
49512	0.01775921824
49513	0.006923338572
49514	0.005556922974
49515	0.002811258169
49516	0.01439244159
49517	0.004476761773
49518	0.0110607767
49519	0.01662009687
49520	0.005624683072
49521	0.001307138623
49522	0.000300232539
49523	0.001914579054
49524	0.001416921179
49525	0.003377980982
49526	0.007526436459
49527	0.00534476457
49528	0.008011181366
49529	0.01487128569
49530	0.007430650398
49531	0.002950569762
49532	0.001909516013
49533	0.00670868865
49534	0.01309082954
49535	0.007471041869
49536	0.005568487963
49537	0.01233590343
49538	0.006644140459
49539	0.003711590113
49540	0.01386849841
49541	0.0005405843408
49542	0.0007742793247
49543	0.00987617686
49544	0.0005070745682
49545	0.01044362084
49546	0.005741587375
49547	0.003376515809
49548	0.001354023221
49549	0.0009940997914
49550	0.003604111464
49551	0.0009634615445
49552	0.003335495683
49553	0.003363893785
49554	0.0001601492411
49555	0.004762593378
49556	0.005972329339
49557	0.006322808366
49558	0.0006000841079
49559	0.007396848617
49560	0.02814679525
49561	0.00364909483
49562	0.003935371481
49563	0.004554775673
49564	0.001641976047
49565	0.007080107275
49566	0.006415366823
49567	0.003293110124
49568	0.001194531858
49569	0.009450031588
49570	0.003537629049
49571	0.002670885918
49572	0.0003405443752
49573	0.001726339309
49574	0.00587860482
49575	0.0003428221237
49576	0.0008936555981
49577	0.01226285824
49578	0.006184724779
49579	0.001750547846
49580	0.000755467021
49581	0.005794209385
49582	0.008888872285
49583	0.003568644559
49584	0.01032111059
49585	0.002579780989
49586	0.0005829865817
49587	0.002896378073
49588	0.0007281684156
49589	0.001332988829
49590	0.00744418467
49591	0.003932138689
49592	0.007868816789
49593	0.005702341618
49594	0.001113787192
49595	0.008371774081
49596	0.002490682688
49597	0.009222484303
49598	0.001080787238
49599	0.003013744946
49600	3.941768749e-05
49601	0.005139615338
49602	0.001173271729
49603	0.005152809805
49604	0.002084849809
49605	0.009234359541
49606	0.0006324493783
49607	0.0007058323758
49608	0.006950655852
49609	0.002503332432
49610	0.02066753866
49611	0.002221309781
49612	0.00104050465
49613	0.0009029198588
49614	0.001231379481
49615	0.0006352440219
49616	0.005971632717
49617	0.0005548181442
49618	0.0005259065285
49619	0.01787948317
49620	0.01300375926
49621	0.000171101545
49622	0.002553061983
49623	0.0002639344978
49624	0.003796959097
49625	0.009078898055
49626	0.007922276862
49627	0.005789396808
49628	0.0005710423898
49629	0.01837579092
49630	0.008663680402
49631	0.009043842289
49632	0.00598937977
49633	0.005988096174
49634	0.0003979055292
49635	0.002645966266
49636	0.009238314121
49637	0.01048113128
49638	0.00512994569
49639	0.004022008907
49640	0.001550730914
49641	3.365621187e-05
49642	0.001977939424
49643	0.0009539779165
49644	0.005585462364
49645	0.005351127936
49646	0.0003599265444
49647	0.0005252949626
49648	0.0004471537623
49649	0.002207572104
49650	0.008571477638
49651	0.005746342102
49652	0.005512190534
49653	0.008163113513
49654	0.002601082507
49655	0.004481606867
49656	0.005281083835
49657	0.0002194571544
49658	0.0004401607299
49659	0.003541880585
49660	0.007423646265
49661	0.003123650221
49662	0.000528626156
49663	0.01763658255
49664	0.001441050098
49665	0.005177239731
49666	0.005527829013
49667	0.00314176879
49668	0.0057982648
49669	0.006201751433
49670	0.002603176139
49671	0.001258844813
49672	0.000290475692
49673	0.0001942565548
49674	0.01263857204
49675	0.008918431139
49676	0.008735338111
49677	0.008962427969
49678	0.007369927046
49679	0.003435850779
49680	0.002087480995
49681	0.001652724906
49682	0.001120190336
49683	0.001212192049
49684	0.0001441752081
49685	0.0005138992383
49686	0.002227772722
49687	0.0002415234436
49688	0.001049519477
49689	0.006558112007
49690	0.006059558151
49691	0.01084322818
49692	0.004691609382
49693	0.009761553144
49694	0.0001598910259
49695	0.002676057125
49696	0.006884849853
49697	0.01316367189
49698	0.007183459131
49699	0.02546980198
49700	0.007888703945
49701	0.005514797573
49702	0.004585911644
49703	0.0208196685
49704	0.004100559399
49705	0.0002519399252
49706	0.01782563274
49707	0.01091665431
49708	0.001961218684
49709	0.0009738731063
49710	0.01155861822
49711	0.001658922486
49712	0.01311597499
49713	0.006521054905
49714	0.001107397285
49715	0.004982874498
49716	0.01109288028
49717	0.0007571321668
49718	0.009793380878
49719	0.0002261865287
49720	0.000855866279
49721	0.01292241646
49722	0.0008702502791
49723	0.0002263301724
49724	0.007562935473
49725	0.00670876308
49726	0.002035127515
49727	0.009104707468
49728	0.005920924257
49729	0.01797766441
49730	0.01533206703
49731	0.01909307015
49732	0.006188604011
49733	0.002689214174
49734	0.0217821133
49735	0.003987764194
49736	0.000587665863
49737	0.01327782065
49738	0.006839178944
49739	0.0003065738286
49740	0.01998373541
49741	0.008804624466
49742	0.0007680470578
49743	0.002609257877
49744	0.007386043057
49745	0.004962000789
49746	0.01116348579
49747	0.00563162383
49748	0.01533504688
49749	0.01454919899
49750	0.002277564764
49751	0.006217530263
49752	0.0005876361218
49753	0.01889945076
49754	5.25476802e-05
49755	0.01630080036
49756	0.005670913156
49757	0.003363949898
49758	0.007771482004
49759	0.002670274528
49760	0.001190362486
49761	0.006132154364
49762	0.009653494391
49763	0.00101631922
49764	0.001780108762
49765	0.005330475905
49766	0.003772841423
49767	0.006159863866
49768	0.004810211355
49769	0.005098190017
49770	0.0003753132669
49771	0.009192147476
49772	0.005548885643
49773	0.00314946414
49774	0.0003297883044
49775	0.002293865521
49776	0.0002972479754
49777	0.002398971042
49778	0.002163167133
49779	0.009196524926
49780	0.00155375333
49781	0.00107071277
49782	0.01152871769
49783	0.0007862299062
49784	0.008872061051
49785	0.006682052125
49786	0.01321798988
49787	0.001041081753
49788	0.002812518492
49789	0.002972289507
49790	0.002631050758
49791	0.003795674903
49792	0.0009886491127
49793	0.001779963108
49794	0.002629974385
49795	0.006194953777
49796	0.009650489328
49797	0.0310399845
49798	0.01775186501
49799	0.006358413275
49800	0.003506728024
49801	0.001601156436
49802	0.01720125213
49803	0.0009531577014
49804	0.001872404707
49805	0.001278262545
49806	0.005206436094
49807	0.00978913082
49808	0.0009851676904
49809	0.0003752768477
49810	0.004419943046
49811	0.003143409082
49812	1.130909495e-07
49813	0.001867794996
49814	0.009971329769
49815	0.008224790989
49816	0.009158253327
49817	0.0002182939345
49818	0.001452205479
49819	0.001843730705
49820	0.002914917485
49821	0.001524101014
49822	0.008934219776
49823	0.0005788736814
49824	0.03153141604
49825	0.005506495125
49826	0.01686920563
49827	0.002820001492
49828	0.01187228273
49829	0.003107166663
49830	0.002830402203
49831	0.003874402959
49832	0.002355866454
49833	0.01193449
49834	0.0003325776456
49835	0.0001836739382
49836	0.001167636203
49837	0.006409504761
49838	0.0001034077012
49839	0.0003817151566
49840	0.002940014039
49841	0.00915599231
49842	0.001084337759
49843	0.002136510008
49844	0.0006146297282
49845	6.364288873e-05
49846	0.01353994696
49847	0.001273290666
49848	0.001443392282
49849	0.01451701622
49850	0.0008911058197
49851	0.006339054351
49852	0.004791543023
49853	0.003571509281
49854	0.001167115706
49855	0.002341464956
49856	0.005338581025
49857	0.005768729758
49858	0.003584499003
49859	0.004125960249
49860	0.000381549107
49861	0.001577692305
49862	0.01647097232
49863	0.005618248116
49864	0.003231093378
49865	0.004379201015
49866	0.01251950257
49867	0.009955699871
49868	0.0001823740513
49869	0.0003149791612
49870	0.006396103805
49871	0.001119405297
49872	0.004876536907
49873	0.001362589835
49874	0.001489617338
49875	0.0006843419125
49876	0.0005055112357
49877	0.002296755432
49878	0.000482108331
49879	0.01828198604
49880	0.005711589989
49881	0.01623930976
49882	0.005423444558
49883	0.002849616226
49884	0.01345887343
49885	0.009076079769
49886	0.002021440057
49887	0.004083400082
49888	0.007863593713
49889	0.01712557978
49890	0.0004914953925
49891	0.0109641152
49892	0.0009173776864
49893	0.01542950532
49894	0.0007570792892
49895	0.01645987031
49896	0.005949706577
49897	0.001360403485
49898	0.006478625339
49899	0.004610398694
49900	0.005566564218
49901	0.0009699066969
49902	0.005957147179
49903	0.00248431772
49904	0.000303557636
49905	0.0009970490009
49906	0.000200491981
49907	0.001507753954
49908	0.01611547476
49909	0.001876418881
49910	0.0003105998156
49911	0.008345907323
49912	0.001166310677
49913	0.0007081665293
49914	0.002930743706
49915	0.002301992832
49916	0.001060427482
49917	0.0005694228674
49918	0.007397917106
49919	0.003571591424
49920	0.002661721524
49921	0.001667935941
49922	0.004220112079
49923	0.003305850147
49924	0.002521110771
49925	0.0004516703746
49926	0.005500984909
49927	0.001154797291
49928	0.0003006603348
49929	0.002935993693
49930	0.00181056878
49931	0.0005580385339
49932	0.0001554853721
49933	0.00312919641
49934	0.003232664379
49935	0.006132192504
49936	0.001611624303
49937	0.003741393683
49938	0.0005641565651
49939	0.007322995718
49940	0.001187457855
49941	0.0002829748808
49942	0.01080992946
49943	0.0006910944494
49944	0.001832424996
49945	0.002108890923
49946	0.003102627108
49947	0.0002107017327
49948	0.006887579312
49949	0.003308031545
49950	0.01956708616
49951	0.002092773443
49952	0.007011296412
49953	0.003717141927
49954	0.0003624165273
49955	0.003294563134
49956	0.007952315512
49957	0.002523946224
49958	0.006336998227
49959	0.007716635238
49960	0.01471059729
49961	0.02248851789
49962	0.0002751844885
49963	0.003451390925
49964	0.006263262244
49965	0.0009888619393
49966	0.001510185881
49967	0.0004424058082
49968	0.0126926788
49969	0.006731362199
49970	0.006454102852
49971	0.00249410768
49972	0.01295520168
49973	0.0009882483896
49974	0.01456662635
49975	0.001265867248
49976	0.003863078977
49977	0.001124292533
49978	0.01233784623
49979	0.000888516322
49980	0.002817642974
49981	0.01002901225
49982	0.0134952651
49983	0.0005583412096
49984	0.000887448203
49985	0.005359284822
49986	0.007661059997
49987	0.005687797178
49988	0.006139405896
49989	0.01538037528
49990	0.003183572026
49991	0.000262040205
49992	0.005117876185
49993	0.00431883247
49994	0.000832731158
49995	0.009659545738
49996	0.02366105932
49997	0.002580696664
49998	0.003962157115
49999	0.004310432459
50000	0.002789001098
50001	0.0002273144615
50002	0.007081776864
50003	0.004857873985
50004	0.01520762912
50005	0.01278860724
50006	0.003431718311
50007	0.0003279573595
50008	0.02251737199
50009	0.006130156407
50010	0.006061955281
50011	0.01149093959
50012	0.002943641233
50013	0.002290926033
50014	0.001740535426
50015	0.002113475591
50016	0.02197895208
50017	0.004243042158
50018	0.01717513607
50019	0.01187087141
50020	7.465926813e-05
50021	0.0006135318884
50022	0.003987300705
50023	0.005017021559
50024	0.00318521955
50025	0.0001801210184
50026	0.00499932284
50027	0.0001769871984
50028	0.0001863740398
50029	0.005604596343
50030	0.008400361586
50031	7.017006029e-05
50032	0.001774411821
50033	0.01203998251
50034	0.00783979952
50035	0.006455625042
50036	0.01156895313
50037	0.001794931507
50038	0.02015556803
50039	0.009869092701
50040	0.001721046638
50041	0.004935024626
50042	0.005559181208
50043	0.005189771413
50044	3.51912364e-05
50045	0.006681465709
50046	0.008177279388
50047	0.0004892044801
50048	0.00986733336
50049	0.0006517285126
50050	0.001741887838
50051	0.009336897768
50052	0.0002584783285
50053	0.0003424167458
50054	0.00359191527
50055	0.01096192095
50056	0.0005526971617
50057	0.0009079121736
50058	0.0008959875544
50059	0.006656801715
50060	0.0008458621265
50061	0.0001102502606
50062	0.005920216827
50063	0.00029054279
50064	0.003224183266
50065	0.001797608243
50066	0.002777107124
50067	0.02931173766
50068	0.002076372831
50069	0.002783574695
50070	0.002863461379
50071	0.002461338287
50072	0.00163349372
50073	0.008961201598
50074	0.004232958439
50075	0.0006274444359
50076	0.0006105528897
50077	0.02717704494
50078	0.007305725941
50079	0.001947096788
50080	0.007240742617
50081	0.0001705451176
50082	0.02357323241
50083	0.01100654689
50084	0.007853392012
50085	0.001012643872
50086	0.003863591208
50087	0.001314209709
50088	0.009565812406
50089	0.008021509188
50090	0.00701845947
50091	0.004210007598
50092	0.0002323386534
50093	0.00983015915
50094	0.006339756446
50095	0.00284883082
50096	0.008360902475
50097	0.0007478033659
50098	0.007896990566
50099	0.005886718004
50100	0.002508007253
50101	0.002343412726
50102	0.01460649168
50103	0.001349215727
50104	0.009694461749
50105	0
50106	0.006534972672
50107	0.01125430031
50108	0.003775879203
50109	0.01374341796
50110	0.005744816337
50111	0.004136146013
50112	0.002437863079
50113	0.002020519418
50114	0.004452144162
50115	0.009781709411
50116	0.00917535535
50117	0.01187953961
50118	0.0007370563765
50119	0.01399570019
50120	0.01147649289
50121	0.0008621595103
50122	0.01181605023
50123	0.01208009996
50124	0.0005162406641
50125	0.001635688517
50126	0.0001921255128
50127	0.006047509493
50128	0.0004509816431
50129	0.001588705176
50130	0.02533458129
50131	0.01163038703
50132	0.005807609816
50133	0.009752768648
50134	0.01170097859
50135	0.00704210352
50136	0.009073003695
50137	0.001350779896
50138	0.002441312517
50139	0.004518709865
50140	0.0007229249231
50141	0.00560997218
50142	0.00408895411
50143	0.009619854375
50144	0.0007764539618
50145	0.0005244646065
50146	0.001096516205
50147	0.009763759
50148	0.001450334054
50149	0.01325588777
50150	0.0005462445229
50151	6.054234496e-05
50152	0.0003786010694
50153	0.001167709111
50154	0.01074597718
50155	0.0002350303167
50156	0.002673630663
50157	0.001964277679
50158	0.001011878124
50159	0.03452584141
50160	0.01614528476
50161	0.004411433457
50162	0.01568921319
50163	0.0003208305879
50164	0.03864580854
50165	0.01328442961
50166	0.004835351706
50167	0.004021773921
50168	0.007192145056
50169	0.01960387056
50170	0.0001854040947
50171	0.002027381822
50172	0.004591139856
50173	0.005791160497
50174	0.002822029987
50175	0.0004337820661
50176	0.01080634999
50177	0.0068427926
50178	0.001803264768
50179	0.009962719088
50180	0.007323993441
50181	0.001946071584
50182	0.01766080879
50183	0.02076533592
50184	0.0003152678734
50185	0.0009807832702
50186	0.005030979974
50187	0.0005135307081
50188	0.002085925758
50189	0.00318799726
50190	0.001683137991
50191	0.002145645495
50192	0.0006409074196
50193	0.004051197509
50194	0.009264995071
50195	0.00153136604
50196	0.003403844626
50197	0.0009359450843
50198	0.000236214274
50199	0.008563063651
50200	0.002920306716
50201	0.003816585108
50202	0.01671324998
50203	0.001783129179
50204	0.003686666182
50205	0.005716264587
50206	0.008318833587
50207	0.003170582117
50208	0.008394669219
50209	0.003237224354
50210	0.002567556345
50211	0.002588286436
50212	0.002056582448
50213	0.008455423136
50214	0.00504671597
50215	0.005560020807
50216	0.00111019423
50217	0.0008094538128
50218	0.00454898731
50219	0.01009948035
50220	0.003614756405
50221	0.004239323648
50222	0.01556305143
50223	0.002219739148
50224	0.0165794994
50225	0.01298261434
50226	0.013027165
50227	0.004698916827
50228	0.000613616198
50229	0.001470017234
50230	0.02294552993
50231	0.001821757703
50232	0.01151941325
50233	0.012836764
50234	0.0003466512402
50235	0.0007442622447
50236	0.02014273356
50237	0.0003457143499
50238	1.011878921e-05
50239	0.003124068484
50240	0.002211691693
50241	0.00656885279
50242	0.002637730926
50243	0.0009049706064
50244	0.0001902240085
50245	0.00188283315
50246	0.01348828529
50247	0.001190820384
50248	0.002905972209
50249	0.02079568922
50250	0.001375247166
50251	0.0005839151607
50252	0.003089594792
50253	0.001180417721
50254	0.02405464031
50255	0.0006375291659
50256	0.001686666904
50257	0.025564943
50258	0.009175567865
50259	0.004843615192
50260	0.005472694781
50261	0.001799940756
50262	0.009303549546
50263	0.002693129377
50264	0.002675494842
50265	0.01371231658
50266	0.001583931661
50267	0.005473377919
50268	0.01292296951
50269	0.001158541781
50270	0.003625666488
50271	0.0006616835943
50272	0.001745541067
50273	0.0008135248178
50274	0.002715563618
50275	0.000597542729
50276	0.0001867350819
50277	0.0005428768503
50278	0.002504808826
50279	0.00033651456
50280	0.002249662896
50281	0.001130104756
50282	0.004319407348
50283	0.01119765802
50284	0.0009900815885
50285	0.0007945772182
50286	0.0007533981089
50287	0.00545148621
50288	0.001400849881
50289	0.002229907048
50290	0.0006983024691
50291	0.007890884273
50292	0.01324025185
50293	0.01789189022
50294	0.0009968801428
50295	0.0006858791644
50296	0.004566401266
50297	0.01323433084
50298	0.0005234297688
50299	0.007474366231
50300	0.003916143578
50301	0.005832094702
50302	7.784134447e-05
50303	0.009663229067
50304	0.0024998329
50305	0.005230366316
50306	0.005475397346
50307	0.001331339003
50308	0.00825100654
50309	0.003195755114
50310	0.0004025181296
50311	0.01650530396
50312	0.0002482325843
50313	0.001506604945
50314	0.004433911328
50315	0.0002574555836
50316	0.003825837289
50317	0.001213750693
50318	0.00544771564
50319	0.002366650645
50320	5.534479189e-05
50321	0.002172918263
50322	0.01076322873
50323	0.01209222556
50324	0.004807697433
50325	0.01273562197
50326	0.005877491014
50327	0.001493709904
50328	0.01885457861
50329	0.007273106725
50330	0.002881156547
50331	0.003536405383
50332	0.001669429231
50333	0.000929079457
50334	0.003642248298
50335	0.009309254279
50336	0.00555207875
50337	0.004907525537
50338	0.0005842380479
50339	0.004423214177
50340	0.001830959781
50341	0.005743645556
50342	0.01088588075
50343	0.01337375945
50344	0.008708891257
50345	0.003515861923
50346	0.003138102238
50347	0.01542197729
50348	0.002799035242
50349	0.003627025001
50350	0.001482847149
50351	0.001621250617
50352	0.002024064628
50353	0.003474578492
50354	0.003394912266
50355	0.004159720375
50356	0.005202537993
50357	0.0002153994779
50358	0.01499333149
50359	0.0005256940389
50360	0.002082480298
50361	0.0002163827033
50362	0.006876773586
50363	0.005074634142
50364	0.001372823219
50365	0.009838497347
50366	0.02412231799
50367	0.008193551089
50368	0.0002560163212
50369	0.002855018963
50370	0.001859135554
50371	0.0002439965405
50372	0.003157660594
50373	0.000834386252
50374	0.002693939697
50375	0.0005397735208
50376	0.003528923331
50377	0.0003942119503
50378	0.001001403204
50379	0.0002203747861
50380	0.009813904512
50381	0.0001313082188
50382	0.0001933259133
50383	0.01202861331
50384	0.001081810801
50385	0.003714106238
50386	0.01063859131
50387	0.008559913104
50388	0.01238765016
50389	0.02457443293
50390	0.005172184945
50391	0.01210085376
50392	0.00903721547
50393	0.005795106009
50394	0.001381186317
50395	0.005259456937
50396	0.009295790967
50397	0.0009361437786
50398	0.007781330177
50399	0.0004780909772
50400	0.001735928101
50401	0.005282761376
50402	0.000846667741
50403	0.01192730501
50404	0.002053082851
50405	7.698662316e-05
50406	0.00289278186
50407	0.01806646277
50408	0.01281481935
50409	0.008769584142
50410	0.01062036431
50411	0.001057833203
50412	0.001144490054
50413	0.008271998455
50414	0.008647197008
50415	0.01577433731
50416	0.0167753658
50417	0.007770240227
50418	0.0003328570041
50419	0.001205917987
50420	0.00489269649
50421	6.796467822e-05
50422	0.004767416387
50423	0.002602745723
50424	0.008185551241
50425	0.007206869968
50426	0.01744085899
50427	0.01190798622
50428	0.001332674648
50429	0.0005852355841
50430	0.0144295731
50431	0.001791389264
50432	0.003545762914
50433	0.0003338388384
50434	0.007300772013
50435	0.001598358004
50436	0.0003389246378
50437	0.01257663068
50438	0.002740360767
50439	0.01680340847
50440	0.001668067656
50441	0.001238044979
50442	0.0002556344617
50443	0.001068176025
50444	0.000685661764
50445	0.003394649407
50446	0.002226451907
50447	0.003443454247
50448	0.006678242478
50449	0.001515033496
50450	0.01009586276
50451	0.001193426341
50452	0.006452111718
50453	0.0009348457423
50454	0.006189472498
50455	0.0003700972551
50456	0.006141261084
50457	0.0111117229
50458	0.005287328351
50459	0.02017439869
50460	0.0002639974567
50461	0.0006855624758
50462	0.001155491304
50463	0.001104670633
50464	0.006357157508
50465	0.007189712056
50466	0.01171742807
50467	0.01054875499
50468	0.0007825192316
50469	0.01768544894
50470	0.0003568461051
50471	0.006783871432
50472	0.01085221271
50473	0.0006342040025
50474	0.01131573258
50475	0.01479959838
50476	0.01016667253
50477	0.003271414807
50478	0.001297316235
50479	0.006764472517
50480	0.006479507709
50481	0.002746114878
50482	0.0005361240682
50483	0.004529433213
50484	0.006542480931
50485	0.01009913268
50486	0.02185278866
50487	0.003637946297
50488	0.0178869859
50489	0.003165457636
50490	0.0103243688
50491	0.001293603617
50492	0.01078406632
50493	0.002093497298
50494	0.00506664806
50495	0.002969898356
50496	0.008209962492
50497	0.0007129911416
50498	0.008618390789
50499	0.002395960208
50500	0.0005675706094
50501	0.004113437545
50502	0.01224734391
50503	0.0002935905275
50504	0.02280459538
50505	0.004861964505
50506	0.000474842378
50507	0.01306256973
50508	0.002576922258
50509	0.002076710849
50510	0.001604587172
50511	0.0005101070987
50512	0.01575928629
50513	0.003790336503
50514	0.003692309349
50515	0.003481600273
50516	0.002797060758
50517	0.005824041317
50518	0.02220026367
50519	0.001173344693
50520	0.005017014687
50521	0.004180569026
50522	0.01348120547
50523	0.001876211942
50524	0.00356804078
50525	0.005568405524
50526	0.0008336820911
50527	0.005600869056
50528	0.0122552805
50529	0.004094920534
50530	0.005189077703
50531	0.0009160522708
50532	0.0009523302502
50533	0.004696347939
50534	0.00547122023
50535	0.002838143812
50536	0.01810275624
50537	0.01693600833
50538	0.007552569787
50539	0.001118939474
50540	0.007489819107
50541	0.02715105444
50542	0.0001582117897
50543	0.004151523238
50544	0.01662586252
50545	0.0006574972449
50546	0.01022871996
50547	0.0005004672921
50548	0.0002965638809
50549	0.01211942765
50550	0.008769286471
50551	0.004022333593
50552	0.003579139495
50553	0.00773482151
50554	0.003359523446
50555	0.003848022749
50556	0.003718835807
50557	0.0008014622921
50558	0.001392850343
50559	0.004067255264
50560	0.0004525073857
50561	0.02532299876
50562	0.0001022805326
50563	0.0006260720817
50564	0.01341312568
50565	0.01398578955
50566	0.01391213448
50567	0.006425259515
50568	0.002981812007
50569	2.257908253e-05
50570	0.00266567242
50571	0.0006370630554
50572	0.0009296924526
50573	0.000400074501
50574	0.008898901643
50575	0.0008451653064
50576	0.0008593643725
50577	0.009130815301
50578	0.002120992111
50579	0.008687625053
50580	0.004531206488
50581	0.006271612844
50582	0.000879377347
50583	0.0007890461282
50584	0.008327304202
50585	0.0002362191196
50586	0.00869072634
50587	0.008316647204
50588	0.001158370173
50589	0.008807588798
50590	0.01070334267
50591	0.004583391723
50592	0.003133791462
50593	2.836810709e-05
50594	0.003794943957
50595	0.008842435535
50596	0.0006067923257
50597	0.001013280719
50598	0.002016705986
50599	0.001044012698
50600	0.001212010469
50601	0.004418855829
50602	0.002870823323
50603	0.006887859023
50604	0.0001914150244
50605	0.002767521837
50606	0.005948414669
50607	0.01343988134
50608	0.002170562898
50609	0.008129366529
50610	0.001857710927
50611	0.00073033957
50612	0.000546102855
50613	0.00112226475
50614	0.001336948314
50615	0.004835059075
50616	0.01318393974
50617	0.007994439805
50618	0.002952390248
50619	0.002266788496
50620	0.01161405695
50621	0.003273554578
50622	0.0005546526928
50623	0.00776803377
50624	0.00219650349
50625	0.004788429551
50626	0.003753745491
50627	0.003445841335
50628	0.003628211816
50629	0.02092229453
50630	0.003454526838
50631	0.001703930252
50632	0.01214455526
50633	0.006320429104
50634	0.006827611732
50635	0.01023563977
50636	0.0002082200515
50637	0.009503789591
50638	0.0004655922969
50639	0.008931930639
50640	0.006856760527
50641	0.004308511233
50642	0.001993285837
50643	0.01676796348
50644	0.01024888536
50645	0.01057046841
50646	0.001561339745
50647	0.00099724273
50648	0.006481746386
50649	0.008552656274
50650	0.0003688930276
50651	0.002550647004
50652	0.006928168259
50653	0.00621110641
50654	0.002740591519
50655	0.002405554225
50656	0.0004065565435
50657	0.0002570524303
50658	0.01438252279
50659	0.001194362685
50660	0.009197938546
50661	0.0005580324861
50662	0.00345655875
50663	0.002502284679
50664	9.623328541e-05
50665	0.005144233958
50666	0.0009648036738
50667	0.00245658372
50668	0.003223370934
50669	0.003933090893
50670	0.001882747923
50671	0.008034787509
50672	0.006282146274
50673	0.0008510321177
50674	0.001618921511
50675	0.001457246076
50676	0.01017313849
50677	0.00224290406
50678	0.02210769706
50679	0.02067213145
50680	0.00254544577
50681	0.003721976612
50682	0.003515115159
50683	0.01354271425
50684	0.004583531437
50685	0.00229327076
50686	0.004753188685
50687	0.003060025727
50688	0.00656311974
50689	0.01349125843
50690	0.003387585119
50691	0.003145537225
50692	0.00404937739
50693	0.00413690345
50694	0.000439591685
50695	0.006415749584
50696	0.002500107096
50697	0.009774268799
50698	0.001266789704
50699	0.001056700577
50700	0.0001684673742
50701	0.003969613761
50702	2.795953089e-05
50703	0.003800689347
50704	0.0004645717219
50705	0.004562963204
50706	0.001492298606
50707	0.00118027829
50708	0.006315250013
50709	0.001749089414
50710	0.02532337521
50711	0.0008643224422
50712	0.009489797501
50713	0.0001260095642
50714	0.0101817467
50715	0.004220670174
50716	0.01214205917
50717	0.001242047615
50718	0.001669930094
50719	0.0001614599242
50720	0.01066328921
50721	0.002113632875
50722	0.008533862607
50723	0.01103353853
50724	0.001507363744
50725	0.0006231553185
50726	0.008254109966
50727	0.0006147077696
50728	0.007243298227
50729	0.005185360377
50730	0.0004845164688
50731	0.001338988144
50732	0.00832189861
50733	0.01366836934
50734	0.0003046011288
50735	0.004400356252
50736	0.004701876326
50737	0.001492937727
50738	0.0019695033
50739	0.01112464115
50740	0.004968971391
50741	0.0161743677
50742	0.003599510806
50743	0.001842540812
50744	0.004797444016
50745	0.008033112723
50746	0.003460854706
50747	8.662908872e-05
50748	0.01925786542
50749	0.00553435566
50750	0.000739844382
50751	0.009025135241
50752	0.01310777115
50753	0.001976896844
50754	0.006098800605
50755	0.002830435953
50756	0.00268495314
50757	0.001287556618
50758	0.002237713099
50759	0.009756607144
50760	0.007243107459
50761	0.007618582397
50762	0.005235544426
50763	0.007912849369
50764	0.003751276919
50765	0.001314542035
50766	0.005869158422
50767	0.01083153918
50768	0.002063377558
50769	0.01622581923
50770	0.01122273835
50771	0.002558586081
50772	0.007736021284
50773	0.000529175013
50774	0.003366285918
50775	0.004547159444
50776	0.001904469439
50777	0.0001596541396
50778	6.898478009e-05
50779	0.01755401271
50780	0.009957387714
50781	0.006695285429
50782	0.006245349511
50783	0.001175645603
50784	0.008369279298
50785	0.004313129214
50786	0.002613794146
50787	0.001775185214
50788	0.009775796572
50789	0.007071603892
50790	0.006918518403
50791	0.003160807455
50792	0.001968041084
50793	0.01543319523
50794	0.004562957205
50795	0.001513296792
50796	0.006185033371
50797	0.005226418187
50798	0.00849935103
50799	0.003763802713
50800	0.004459919147
50801	9.641678907e-06
50802	0.000751901316
50803	0.02721472112
50804	0.01059512135
50805	0.002533500635
50806	0.0006012019687
50807	0.0006026060611
50808	0.001057508652
50809	0.002842643003
50810	0.0003903855499
50811	0.007234385977
50812	0.001470185853
50813	0.005874191428
50814	0.000482057395
50815	0.0002673142249
50816	0.0008839869772
50817	0.01124656085
50818	0.00096361537
50819	0.001049079279
50820	0.00855979303
50821	0.007993867807
50822	0.001148465754
50823	0.001856288246
50824	0.0007166273691
50825	0.001656875282
50826	0.01628699611
50827	0.004069692123
50828	0.003543700696
50829	0.006511057863
50830	0.01699074875
50831	0.008672072308
50832	0.002097085918
50833	0.002289897119
50834	0.01346146998
50835	0.0006433922227
50836	0.005571486455
50837	0.002357204762
50838	0.008083082503
50839	0.003549107439
50840	0.001254765658
50841	0.003926028903
50842	0.007875456513
50843	0.0008252587185
50844	0.002048384653
50845	0.01249830518
50846	0.01249528885
50847	0.001729959628
50848	0.000660833548
50849	0.001263854628
50850	0.001784169865
50851	0.00999477909
50852	0.0005765651807
50853	0.0006660013559
50854	0.008079265704
50855	0.003471466298
50856	0.0003690113346
50857	0.0003537670653
50858	0.006722968569
50859	0.0008154788711
50860	4.7915392e-06
50861	0.004670676442
50862	0.01222198183
50863	0.001134179015
50864	0.002993656543
50865	0.0001570853772
50866	0.002335863005
50867	0.01263581603
50868	0.005277904567
50869	0.009926926586
50870	0.005835924454
50871	0.00423703205
50872	0.006482357548
50873	0.002905789155
50874	0.008185791292
50875	0.001221770803
50876	0.008945446693
50877	0.00100008073
50878	0.002106664899
50879	0.01069554564
50880	0.01031626552
50881	0.01483634928
50882	0.001658473824
50883	0.002405337395
50884	0.0002069522174
50885	0.0004210344797
50886	0.01413932544
50887	0.008180516022
50888	0.001950381006
50889	0.0002447244719
50890	0.002217888048
50891	0.01096986308
50892	0.009858423175
50893	8.043589705e-05
50894	0.006719185017
50895	3.768243465e-05
50896	0.002339497211
50897	0.001521886352
50898	0.0008359823653
50899	0.00178801391
50900	0.005134765187
50901	0.009680771641
50902	0.0002262166734
50903	4.206089369e-06
50904	0.0002699655581
50905	0.0002556337914
50906	0.0004069968879
50907	0.0006276899774
50908	0.001205524024
50909	0.001291336363
50910	8.293513527e-06
50911	0.0001860019692
50912	0.0004654600049
50913	0.00670186664
50914	0.00205791178
50915	0.01585190626
50916	0.0008830682422
50917	0.001123671705
50918	0.01748036726
50919	0.01295430124
50920	0.01173234894
50921	0.00627766249
50922	0.0008443900016
50923	0.001984883686
50924	0.01701315258
50925	0.01519521205
50926	0.009964918957
50927	0.001736611816
50928	0.006324534026
50929	0.006593249754
50930	0.001620201387
50931	0.000794664626
50932	0.01622455156
50933	0.002020461974
50934	0.002374889877
50935	0.003814000765
50936	0.0008215144417
50937	0.001895325717
50938	0.003485448835
50939	5.852665331e-05
50940	0.007241467536
50941	0.001105258689
50942	0.003527723792
50943	0.005693253886
50944	0.003383278993
50945	0.0007034987317
50946	0.0003645033973
50947	0.005194081836
50948	0.0130586768
50949	0.0004683952538
50950	0.007341084691
50951	0.001391819041
50952	0.000568454298
50953	0.004038033566
50954	3.271209975e-06
50955	0.0003140489295
50956	0.002179963486
50957	0.00106871636
50958	0.00170665493
50959	0.007008351711
50960	0.0003221936607
50961	0.0002732360523
50962	0.01254563701
50963	0.003987243613
50964	0.004668153054
50965	0.01341580609
50966	0.003977958365
50967	0.01155760159
50968	0.01657751766
50969	0.004758087299
50970	0.0005108168381
50971	0.004065347342
50972	0.0005226859315
50973	0.01147775279
50974	0.003591383598
50975	0.004702432062
50976	0.007070676678
50977	0.0006247404911
50978	0.007406985839
50979	0.000709943722
50980	0.003443784767
50981	0.008449312899
50982	0.0236747784
50983	0.007675680541
50984	0.0036425738
50985	8.094601818e-05
50986	0.001498558515
50987	0.005575732105
50988	0.004075316895
50989	0.01106168571
50990	0.014892269
50991	0.0003164709918
50992	0.01137330028
50993	0.003781716857
50994	0.006083774156
50995	0.001611523141
50996	0.001852437908
50997	0.0007761171985
50998	0.02335496859
50999	9.756697931e-05
51000	0.001534618832
51001	0.001630662898
51002	0.001533119028
51003	0.002966140486
51004	0.006468396152
51005	0.006037428513
51006	0.009532535366
51007	0.002711365201
51008	0.003907421431
51009	0.0103577009
51010	0.00170043183
51011	0.01017073284
51012	0.002556941546
51013	0.002041898521
51014	0.001294113874
51015	0.007970264888
51016	0.01066931995
51017	0.002262385056
51018	0.003930902826
51019	0.001172148267
51020	0.01236212525
51021	0.007809221787
51022	0.006007793188
51023	7.560980612e-05
51024	0.009881706632
51025	0.0004755433422
51026	0.001259665132
51027	0.004244741606
51028	0.01250353487
51029	0.007268376745
51030	0.00392320243
51031	0.002172671362
51032	0.0002212980305
51033	0.003102246427
51034	0.00498106633
51035	0.006344883699
51036	0.009842931197
51037	0.0009923549543
51038	0.007055233063
51039	0.0195215075
51040	0.02572475995
51041	0.003204508927
51042	0.00191409414
51043	0.01035499873
51044	0.00598809143
51045	0.008092902463
51046	0.0007082960918
51047	0.007472013013
51048	0.00248413892
51049	0.01683820182
51050	0.0008873353978
51051	0.0143253614
51052	0.007197607336
51053	0.002470523035
51054	0.01568956655
51055	0.003290658509
51056	0.002997556651
51057	0.008270056044
51058	0.004111090653
51059	0.0008029900071
51060	0.007836783694
51061	0.0002690736205
51062	0.003412732399
51063	0.007251379549
51064	0.007066668869
51065	0.00562869402
51066	0.005850032598
51067	0.007653108833
51068	0.007788453778
51069	0.01044352372
51070	0.001432263319
51071	0.004369347989
51072	0.009093198455
51073	0.007094716952
51074	0.00181847414
51075	0.007772503566
51076	0.01412738206
51077	0.01117890026
51078	0.007755443456
51079	0.0006523247893
51080	0.002206775418
51081	0.004258361943
51082	0.0004969327354
51083	0.005648754279
51084	0.004049115782
51085	0.002266910256
51086	0.001979144702
51087	0.0007694511998
51088	0.002349754205
51089	0.003131952871
51090	0.009235927059
51091	0.001729765384
51092	0.008843978546
51093	0.005668646984
51094	0.001838705212
51095	0.00165818951
51096	0.002013334356
51097	0.008960578908
51098	0.002276556384
51099	0.008841451016
51100	0.001179096144
51101	0.001837139388
51102	0.002406655526
51103	0.01022123345
51104	0.01114380427
51105	0.006066145867
51106	0.009034966529
51107	0.01749265028
51108	0.002663113048
51109	0.003572497154
51110	0.005406404359
51111	0.009546184233
51112	0.002293779669
51113	5.91002509e-05
51114	0.002419214227
51115	0.004374959993
51116	0.006928867947
51117	0.002067572813
51118	0.003666645037
51119	8.346817869e-05
51120	0.01485993289
51121	0.002742534076
51122	0.001109070715
51123	0.008692877948
51124	0.002843092376
51125	0.004381987491
51126	0.002195082837
51127	0.004370753215
51128	0.01201097001
51129	0.003545309272
51130	0.001320581434
51131	0.006094261222
51132	0.01387932816
51133	0.01775808806
51134	0.00290179385
51135	0.00227484228
51136	0.006069016184
51137	0.007682391819
51138	0.01096014275
51139	0.008798280479
51140	0.00122659398
51141	0.01254598628
51142	0.000604963781
51143	0.01485037348
51144	0.007789226798
51145	0.005921783473
51146	0.01652968004
51147	0.001509183701
51148	0.007674978999
51149	0.001745619649
51150	0.00054635443
51151	0.002790917111
51152	0.001600487765
51153	0.002420692748
51154	0.001775215887
51155	0.0006455414372
51156	0.00137163606
51157	0.0006230031295
51158	0.001230874817
51159	0.005141685268
51160	0.006948494623
51161	0.002036518527
51162	0.001214167684
51163	0.001019147256
51164	0.002103312489
51165	0.000359315327
51166	0.002779611595
51167	0.001660538162
51168	0.002064628495
51169	0.01022158596
51170	0.0007049626025
51171	0.004775009548
51172	0.001458421721
51173	0.0001495414335
51174	0.0003918119418
51175	0.007464667165
51176	0.002061030309
51177	0.001218974807
51178	0.0266107058
51179	0.000475106311
51180	0.02359111043
51181	0.0005275760306
51182	0.001596327332
51183	0.007667020459
51184	0.0002452265957
51185	0.008234174347
51186	0.0002848677707
51187	0.006422386076
51188	0.006992368734
51189	0.001772486166
51190	0.008369666183
51191	0.0002120942866
51192	0.006489216563
51193	7.999239554e-05
51194	0.004401210396
51195	0.01981975134
51196	0.001853277093
51197	0.0007374353404
51198	0.002565972435
51199	0.002733069076
51200	0.01868114151
51201	0.007837424047
51202	0.007214304032
51203	0.001458958227
51204	0.000703183606
51205	0.003488867324
51206	0.0002601036394
51207	3.411443444e-05
51208	0.001130752274
51209	0.01953708388
51210	0.02494811343
51211	0.01035557177
51212	0.01253134489
51213	0.002665805979
51214	0.007080074225
51215	0.001678171842
51216	0.000327687518
51217	0.001128605679
51218	0.008331546296
51219	0.00600000655
51220	6.019253689e-05
51221	0.005937061082
51222	0.005047938068
51223	0.002638718613
51224	0.001761255883
51225	0.01048886449
51226	0.02175130303
51227	0.001486417093
51228	0.01847204328
51229	0.01174741598
51230	0.006869010084
51231	0.0008436760571
51232	0.0002225796283
51233	0.0001783106848
51234	0.0003200044645
51235	8.792912317e-05
51236	0.01060236904
51237	0.003797793859
51238	0.02165855119
51239	0.01838437292
51240	0.004244525816
51241	0.01103203031
51242	0.001140460135
51243	0.01465781216
51244	0.01984776994
51245	0.01246894657
51246	0.001361413903
51247	0.0003792644142
51248	0.001997220985
51249	0.00256496208
51250	0.0002605592713
51251	0.002853796994
51252	0.003972240667
51253	0.0158226591
51254	0.003714897345
51255	0.003228951808
51256	0.004445987654
51257	1.867060988e-05
51258	0.0007136381326
51259	0.01239134285
51260	0.001806301981
51261	0.0005311138347
51262	0.001105139589
51263	0.0005957640968
51264	0.00214224276
51265	0.003105910154
51266	0.009689817014
51267	0.0005592480352
51268	0.00209621177
51269	0.01459604069
51270	0.001849763478
51271	0.02098260921
51272	0.008742813545
51273	0.005198100135
51274	0.003796678977
51275	0.002880746663
51276	0.0004628983443
51277	0.003726871523
51278	0.004183851289
51279	0.0003702651146
51280	0.003935959046
51281	0.003120577998
51282	0.003757985274
51283	0.0003198034574
51284	0.01334007663
51285	0.007147589887
51286	0.003043737775
51287	0.0004666103479
51288	0.00425098193
51289	0.006926506172
51290	0.004839325879
51291	0.001436195398
51292	0.0009751170661
51293	0.009391416869
51294	0.007277578737
51295	0.0004555895426
51296	0.004559117849
51297	0.008310403488
51298	0.003449145468
51299	0.009490049824
51300	0.006584228882
51301	0.01296626978
51302	0.02206957674
51303	0.01686764311
51304	0.001502445019
51305	0.01075348478
51306	0.004622440536
51307	0.005226353264
51308	0.004551643272
51309	0.002238765803
51310	0.00476987261
51311	0.01792383258
51312	0.0001046984795
51313	8.708703939e-06
51314	0.001212737986
51315	0.0004955435218
51316	0.001440752766
51317	0.002576876174
51318	0.002157675894
51319	0.002156240239
51320	0.004130010299
51321	0.006176093146
51322	0.001120139153
51323	0.012565295
51324	0.003221345456
51325	0.002316346273
51326	0.0009895768828
51327	0.009275954331
51328	0.01058863872
51329	0.01266598431
51330	0.0227779317
51331	0.003449269162
51332	0.02599786021
51333	0.004946919408
51334	0.003446588826
51335	0.003233808107
51336	0.0008775906953
51337	0.005547758829
51338	0.004471935884
51339	0.0004300436143
51340	0.00243960841
51341	0.007559106205
51342	0.007173333052
51343	0.002674253508
51344	0.00150915647
51345	0.002295824739
51346	0.004020800367
51347	0.001415299036
51348	0.002221727745
51349	0.001862645585
51350	0.009200681805
51351	0.000294483078
51352	0.007096768472
51353	0.00463777435
51354	0.006816989062
51355	0.0003994001474
51356	0.001166731944
51357	0.00682227998
51358	0.01376530386
51359	0.0008661488398
51360	0.006330267815
51361	0.01062442021
51362	0.0003611145656
51363	0.001422176481
51364	0.004447570189
51365	0.005495186363
51366	0.001455173549
51367	0.001603736202
51368	0.006263594301
51369	0.00330228873
51370	0.004328335306
51371	0.0005695172894
51372	0.0002511478002
51373	0.01434716207
51374	0.00769842119
51375	0.002864246466
51376	0.000783423057
51377	0.003594922136
51378	0.000449475963
51379	0.0008027988418
51380	0.003159386411
51381	0.0005422110111
51382	0.007711779138
51383	0.01916806332
51384	0.01388464323
51385	0.00412219693
51386	0.001826878404
51387	0.004246430444
51388	0.0001410222385
51389	0.009567343113
51390	0.0001791564685
51391	0.006355119162
51392	0.0001247305679
51393	0.005311366326
51394	0.009676616555
51395	0.00181376894
51396	0.000579171295
51397	0.005966376301
51398	0.000840737589
51399	0.0009464330293
51400	0.0009845082616
51401	0.0005263669689
51402	0.00113234908
51403	0.00562681789
51404	0.0009456815785
51405	0.001458970034
51406	0.01103955636
51407	0.01426088825
51408	0.01622063527
51409	0.0002935116494
51410	0.003453853017
51411	0.004084271969
51412	0.004581394187
51413	0.01985748522
51414	0.009258252012
51415	0.01930334993
51416	0.01672234395
51417	0.01371204511
51418	0.001443884277
51419	0.006790052948
51420	0.02259260076
51421	0.001639671454
51422	0.01125892008
51423	0.0002324719096
51424	0.005096944691
51425	0.001123894628
51426	0.0004789832494
51427	0.0004206096069
51428	0.0001953228901
51429	0.0005339470799
51430	0.001111194059
51431	0.005055267673
51432	0.003305742405
51433	0.001536419844
51434	0.0001951471766
51435	0.01266955464
51436	0.01633023059
51437	0.005614612313
51438	0.0002970986599
51439	0.001189938818
51440	0.003492868741
51441	0.001830999906
51442	0.004492206704
51443	0.005986311348
51444	0.006072211384
51445	0.002658155031
51446	0.005984803833
51447	0.0001143012157
51448	0.001098477538
51449	0.002771050483
51450	0.006972965486
51451	0.01470531521
51452	0.001106283314
51453	0.003270971786
51454	0.0004311476579
51455	0.0002757363808
51456	0.0006913324366
51457	0.009727743049
51458	0.005624276588
51459	0.005751889256
51460	0.01500913491
51461	0.00321655138
51462	0.01766892016
51463	0.004617896684
51464	0.009450367791
51465	0.00121127241
51466	0.005996470679
51467	0.004611727381
51468	0.00244093296
51469	0.001473871158
51470	0.001993053613
51471	0.002598658547
51472	0.00371064902
51473	0.001506858343
51474	0.002694349036
51475	0.0005217278575
51476	0.01318324158
51477	1.163766217e-05
51478	0.005315459241
51479	0.002825269657
51480	0.007877092001
51481	0.009130012676
51482	0.01303725662
51483	0.01254015019
51484	0.001856979474
51485	0.0004783895989
51486	0.003597268422
51487	0.01457482802
51488	0.004765942546
51489	0.006276760164
51490	0.007245709651
51491	0.01147385778
51492	0.0003526414834
51493	0.01075990387
51494	0.01790628027
51495	0.00377591351
51496	0.003350910843
51497	0.00138082342
51498	0.005568412907
51499	0.01982538594
51500	0.0116820682
51501	0.006097610205
51502	0.01120182892
51503	0.001038316439
51504	0.004146311601
51505	0.007859167097
51506	0.0006675319132
51507	0.0007634857393
51508	0.01001337332
51509	0.002426226382
51510	0.01168737848
51511	0.003644097166
51512	0.007782839188
51513	0.002852665913
51514	0.002767810183
51515	7.479968393e-05
51516	0.02251785071
51517	0.001856337106
51518	0.0008583854136
51519	0.0009685469406
51520	0.000223144242
51521	0.002536915811
51522	0.0003761486519
51523	0.002463309116
51524	0.0008561129815
51525	0.0003506427196
51526	0.0002305363435
51527	0.0001898491943
51528	0.00189913891
51529	1.392101552e-05
51530	0.01131057087
51531	0.01356080793
51532	0.01627461999
51533	0.005467748311
51534	0.009826162178
51535	0.01097566118
51536	0.006946109492
51537	0.008712666682
51538	0.0003409435152
51539	0.01029393008
51540	0.002523197809
51541	0.004906075227
51542	0.002100274693
51543	0.0002658945371
51544	0.007401901176
51545	0.003661425358
51546	0.01316367405
51547	0.002153034062
51548	0.00605860185
51549	0.0006082949693
51550	0.007029317188
51551	0.001015409386
51552	0.002552708676
51553	0.003080175644
51554	0.01351604617
51555	0.02850900724
51556	0.001697334651
51557	0.001730462761
51558	0.003236598388
51559	0.0004205401258
51560	4.690386225e-05
51561	0.007917088437
51562	0.005791284703
51563	0.003593757682
51564	0.01297422041
51565	0.001314054659
51566	0.001035981384
51567	0.001576567463
51568	0.01279972582
51569	0.01414700554
51570	0.0003443609824
51571	0.01335322743
51572	4.527493507e-05
51573	0.003742410567
51574	0.002066313581
51575	0.001136490506
51576	0.0110604009
51577	0.0002869565597
51578	0.002740880583
51579	0.006657332581
51580	0.006541416792
51581	0.01551222726
51582	0.005917094296
51583	1.921186143e-05
51584	0.008988989672
51585	0.002142087229
51586	0.0002467074862
51587	0.00143777011
51588	0.003558722571
51589	0.003312341267
51590	0.0008530874746
51591	0.006602312934
51592	0.001080405351
51593	0.009998036539
51594	0.0030783668
51595	0.01094292028
51596	0.009479695035
51597	0.003167333196
51598	0.0008248885831
51599	0.001914926021
51600	0.001504985765
51601	0.02344105396
51602	0.0005254568375
51603	7.181896161e-06
51604	0.01553597519
51605	0.002222710258
51606	0.0005483375694
51607	0.01482563352
51608	0.0006857454321
51609	0.009614895078
51610	0.01598692881
51611	0.001064503359
51612	0.00992880601
51613	0.0001837757415
51614	0.002688588263
51615	0.004083327749
51616	0.001658240016
51617	8.804843137e-05
51618	0.01661142185
51619	0.01242371683
51620	0.01001804822
51621	0.005642195256
51622	0.01258009447
51623	0.002423195467
51624	0.000879576443
51625	0.002023908351
51626	0.02343783474
51627	0.006449074646
51628	0.002380264637
51629	0.001888385109
51630	0.01072385981
51631	0.004046678878
51632	0.001393316479
51633	0.0084244167
51634	0.0003662264288
51635	0.01888706691
51636	0.007965758833
51637	0.0005344919397
51638	0.0007429831653
51639	0.002573770517
51640	0.001224243188
51641	0.01486846618
51642	0.004965286547
51643	0.01609146025
51644	0.009856704147
51645	0.0002602204992
51646	0.003916815079
51647	0.0001894365394
51648	0.003029880585
51649	0.004496481477
51650	0.01179838578
51651	0.001671626905
51652	0.002237509404
51653	0.007976614297
51654	0.003286006642
51655	0.00197088846
51656	0.01979637815
51657	0.006604109789
51658	0.0002150417472
51659	0.01232871979
51660	0.006248842332
51661	0.001026728543
51662	0.001971094495
51663	0.006632085891
51664	0.00268806553
51665	0.0008282220337
51666	0.004449610646
51667	0.0008581945481
51668	0.0001397188116
51669	0.002799519974
51670	0.005580437685
51671	0.001159284602
51672	0.001845976761
51673	0.01195049482
51674	0.0003309297487
51675	0.009070237185
51676	0.009689578644
51677	0.0004264616837
51678	0.003851039907
51679	0.006149685981
51680	0.01775190451
51681	0.003711972074
51682	0.00448674301
51683	0.0003719486539
51684	0.00469415816
51685	0.001885528477
51686	0.001834535264
51687	0.02499039666
51688	0.0006000908336
51689	0.0004264437443
51690	0.008689648352
51691	0.0002130326154
51692	0.01845674071
51693	0.001028664975
51694	0.005121003705
51695	0.006896293777
51696	0.01077988463
51697	0.002100346066
51698	0.001210906187
51699	0.0006477900606
51700	0.002425257701
51701	0.01058214828
51702	0.002250792623
51703	0.006961612173
51704	0.004676164626
51705	0.00474015701
51706	0.006308850165
51707	0.01764546363
51708	0.008112785029
51709	0.008236159242
51710	0.01028517242
51711	0.004532944887
51712	0.0009194123658
51713	0.0003814915668
51714	0.001709892378
51715	0.001327570714
51716	0.01798873837
51717	0.01215409671
51718	0.004841757346
51719	0.007274361839
51720	0.0005629785551
51721	0.02073744967
51722	0.004496128795
51723	0.01497550678
51724	0.002555451552
51725	0.007014603688
51726	0.01826838896
51727	0.01061429414
51728	0.01239295894
51729	0.002012337579
51730	0.002041579179
51731	0.0001620632717
51732	0.01764144525
51733	0.007107879126
51734	0.009244788116
51735	0.000678741887
51736	0.006237549519
51737	0.004927340246
51738	0.006099550597
51739	0.0180142035
51740	0.009287178223
51741	0.004988060729
51742	0.002430177963
51743	0.001279322097
51744	0.01775177623
51745	0.002793509813
51746	0.003787545404
51747	0.003931472361
51748	0.007649627485
51749	0.003368133283
51750	0.0005905174287
51751	0.01232141909
51752	0.00611489165
51753	0.0007339677474
51754	0.002470785747
51755	0.002580265758
51756	0.01184409163
51757	0.002369542504
51758	0.01352060557
51759	0.00937591604
51760	0.005538908676
51761	0.001437261807
51762	0.01527283944
51763	0.01615338916
51764	0.002306062104
51765	0.0006150435062
51766	0.01853309411
51767	0.001873291241
51768	0.004531071316
51769	0.00642424078
51770	0.006707126572
51771	0.01036174943
51772	0.01545277042
51773	0.01804210092
51774	0.004073967896
51775	0.01093197753
51776	0.007298873472
51777	0.006690276398
51778	5.112671089e-06
51779	0.002057587951
51780	0.001480787622
51781	0.00724244562
51782	0.0008656724271
51783	0.01003697727
51784	0.01877344247
51785	0.001968180574
51786	0.02452427646
51787	0.002889672564
51788	0.009941266844
51789	0.006515640943
51790	0.02163550466
51791	0.009762650409
51792	0.007888214542
51793	0.004780106248
51794	0.0007021551854
51795	0.0002947808014
51796	0.0151179867
51797	0.004094490434
51798	0.00207527993
51799	0.000903852709
51800	0.001984426097
51801	0.01857697486
51802	0.0007603820737
51803	0.01077341663
51804	0.01431136135
51805	0.002153628683
51806	0.006905745913
51807	0.006163224798
51808	0.001976154663
51809	0.007507426391
51810	0.00575272399
51811	0.01493381442
51812	0.005194912337
51813	0.01557334406
51814	0.002659656351
51815	0.0203089296
51816	0.0004376128043
51817	0.00470941284
51818	0.01501632076
51819	0.007818527081
51820	0.003999429674
51821	0.002423308521
51822	0.0009758507456
51823	0.00125890831
51824	0.001308495693
51825	0.009699988678
51826	0.007285362204
51827	0.01121082382
51828	0.00139236567
51829	0.008633077932
51830	0.00619485534
51831	0.001361404385
51832	0.005050495326
51833	0.01716317739
51834	0.004486079957
51835	0.002499803484
51836	0.0004972057247
51837	0.006056319988
51838	0.0003065679581
51839	0.002859730173
51840	0.001782796926
51841	0.001014167049
51842	0.003234864217
51843	0.0001338544896
51844	0.01089662431
51845	0.01082521666
51846	0.003408510889
51847	0.007216612249
51848	0.0005578599553
51849	0.003811114753
51850	0.001478034158
51851	0.004405175798
51852	0.001948949689
51853	0.001234502173
51854	0.008823987672
51855	0.0006946328057
51856	0.004370734898
51857	0.005026549736
51858	0.005649427183
51859	0.0001274977366
51860	0.0003704489907
51861	0.005020024683
51862	0.01015916774
51863	0.0006989717758
51864	0.004884074264
51865	0.005791902016
51866	0.003900892064
51867	0.004351788423
51868	0.01025326526
51869	0.00403355519
51870	0.002995681056
51871	0.0004581577883
51872	0.003612171736
51873	0.001314293512
51874	0.002068053303
51875	0.01183773727
51876	0.0009244530932
51877	0.01641172953
51878	0.0001022994232
51879	0.004760818509
51880	0.001534783041
51881	0.002785159241
51882	1.273326532e-05
51883	0.003964108356
51884	0.001230212475
51885	0.009757971768
51886	0.006461035803
51887	0.0001105835506
51888	0.01703212392
51889	0.001540383872
51890	0.001168631091
51891	0.002000959031
51892	0.00664021021
51893	0.01232381362
51894	0.005264563074
51895	0.002935498047
51896	0.01072272104
51897	0.003552148554
51898	0.01029794067
51899	0.005157653184
51900	0.0005659838388
51901	0.01033434974
51902	0.00349807267
51903	0.0003812900438
51904	0.003844898786
51905	0.001433616404
51906	0.008223448879
51907	0.001975002725
51908	0.01676774589
51909	0.005433094052
51910	0.004639010417
51911	0.006635300004
51912	0.007089009695
51913	0.002976082024
51914	0.007201015546
51915	0.001446930032
51916	0.000616216848
51917	0.0003845418193
51918	0.009313553193
51919	0.001034283644
51920	0.008496706785
51921	0.0006037506738
51922	0.000369360823
51923	0.008654081812
51924	0.001445905756
51925	0.003411412768
51926	0.009347694319
51927	0.001560572947
51928	0.0001012933753
51929	0.0137260324
51930	0.002234161292
51931	0.009560690054
51932	0.01135334349
51933	0.006784566502
51934	0.00118616502
51935	0.004638866218
51936	0.00762857873
51937	0.002265709443
51938	0.005061284223
51939	0.003789581063
51940	0.006427562031
51941	0.009913077852
51942	0.002503406701
51943	0.003701168099
51944	0.001029944298
51945	0.00314040192
51946	0.001446004144
51947	0.01843191342
51948	0.0004070583774
51949	0.002194154741
51950	0.0005130780544
51951	0.00082928894
51952	0.004210559126
51953	0.002882258928
51954	0.001178542409
51955	0.00577586258
51956	0.002649293415
51957	0.002247847379
51958	0.02850953227
51959	0.009158929098
51960	0.003574231383
51961	2.709371301e-05
51962	0.002126291968
51963	0.0008016244609
51964	0.001756817847
51965	0.00338436846
51966	0.001228918812
51967	0.0001466569164
51968	0.01587975682
51969	0.002663260297
51970	0.006791018471
51971	0.00467064518
51972	0.002887114112
51973	0.0009238999343
51974	0.0001821828074
51975	0.002377320544
51976	0.002065998627
51977	0.003170337685
51978	0.00110247289
51979	0.008565572998
51980	0.005014847297
51981	0.006094711511
51982	0.003041788675
51983	0.002733661191
51984	0.0004837795867
51985	0.0007874792641
51986	0.01105098481
51987	0.004653578924
51988	0.00434572999
51989	0.004580696817
51990	0.01507453841
51991	0.007848233384
51992	0.01023133807
51993	0.0003672276877
51994	0.01170000382
51995	0.02366565838
51996	0.00840843078
51997	0.0009696855342
51998	0.001932674889
51999	0.0002328240748
52000	0.001851301372
52001	0.003671750499
52002	0.01166116628
52003	0.009938241389
52004	0.005376635408
52005	0.001328850991
52006	0.005929601455
52007	0.009224816493
52008	0.003880232179
52009	0.02328366305
52010	0.00772841248
52011	0.006944775228
52012	0.00224776791
52013	0.01170597727
52014	0.01003529603
52015	0.0122760876
52016	0.01240969091
52017	0.006227046498
52018	0.002604218265
52019	0.003227403233
52020	0.0135091701
52021	0.01276231724
52022	0.002430044802
52023	0.003314915964
52024	0.001584190718
52025	0.0008115689007
52026	0.0006229061343
52027	0.001386041793
52028	0.009120676905
52029	0.003901951902
52030	0.03355107032
52031	0.009900844889
52032	0.00443862192
52033	0.001617101803
52034	0.008780248302
52035	0.0001616988189
52036	0.0008502585964
52037	0.0001608969092
52038	0.00585302087
52039	0
52040	0.02012776355
52041	0.01264708557
52042	0.004828209361
52043	0.003317152775
52044	0.01235655083
52045	0.01253514582
52046	0.004966855769
52047	0.0114993549
52048	0.01060788683
52049	0.0008817223803
52050	0.0006873890136
52051	0.004898516431
52052	0.0008939087462
52053	0.002230321354
52054	0.0002093379606
52055	0.00359589656
52056	0.0001322460782
52057	0.002500179273
52058	0.001343293073
52059	0.003548244113
52060	0.005798657542
52061	0.01142246241
52062	0.0006823264268
52063	5.46500859e-05
52064	0.01279616744
52065	0.004376760871
52066	0.00631170895
52067	0.0005896989394
52068	0.008823859524
52069	0.0004061321812
52070	0.001877773529
52071	0.01302148006
52072	0.006022292378
52073	0.01451923973
52074	0.006156112864
52075	0.01396765946
52076	0.001008449205
52077	0.003630029747
52078	0.01895556145
52079	0.004094583678
52080	0.00410291009
52081	0.005751542471
52082	0.0001212208013
52083	0.0002226865712
52084	0.00764643307
52085	0.008250833858
52086	0.007604804298
52087	0.02263294905
52088	0.005663905918
52089	0.0003898884589
52090	0.001467355493
52091	0.001062635543
52092	0.001406446726
52093	0.01002164945
52094	0.002057414872
52095	0.002690664829
52096	0.01389098483
52097	0.0006124033276
52098	0.0004957585334
52099	0.001684223862
52100	0.0002097315939
52101	0.006060568263
52102	0.001126171607
52103	0.001943860002
52104	0.007158120169
52105	0.001839706757
52106	0.002785525621
52107	0.002013909574
52108	0.004356262143
52109	0.003661734398
52110	0.001784539944
52111	0.00529170685
52112	0.004242726181
52113	0.000648321867
52114	0.004890330621
52115	0.0002877415127
52116	0.01423983539
52117	0.01027692706
52118	0.004620852856
52119	0.003925123798
52120	0.001378850859
52121	0.004337903687
52122	0.002291983909
52123	0.003997017298
52124	0.01175674962
52125	0.01478134934
52126	0.001275219492
52127	0.00598519464
52128	0.006194399107
52129	0.005217037983
52130	0.004547918137
52131	0.01061436869
52132	0.004989611226
52133	0.008012852196
52134	0.001529667623
52135	0.001083497083
52136	0.01104355817
52137	0.01367627053
52138	0.00198498049
52139	0.01011646376
52140	0.008801234652
52141	8.11697055e-05
52142	0.007035112496
52143	0.01196600221
52144	0.000378669071
52145	0.004744917284
52146	0.01402256893
52147	0.01391180977
52148	0.004022051448
52149	0.0156560475
52150	1.014696421e-05
52151	0.004856840078
52152	0.005097722573
52153	0.01083884883
52154	0.01380657517
52155	0.0009472331605
52156	0.0008714588952
52157	0.00200080017
52158	0.001010740274
52159	0.009720859852
52160	0.001947935924
52161	0.006294652385
52162	0.002071370802
52163	0.01363535951
52164	0.01019503941
52165	0.01074540597
52166	0.00882033105
52167	0.007301163284
52168	0.002625286407
52169	0.002330603891
52170	0.01907986516
52171	0.002865536706
52172	0.01472441415
52173	0.01367387917
52174	0.002759393809
52175	0.006256329163
52176	0.0074014409
52177	0.004456558929
52178	0.0009026823991
52179	0.00335860965
52180	0.01123974718
52181	0.003445426844
52182	0.00438752299
52183	0.002243662172
52184	0.009161206952
52185	0.001165446533
52186	0.009515574601
52187	0.01039119113
52188	0.004786196036
52189	0.002124915305
52190	0.004128733915
52191	0.00628370155
52192	0.0133015601
52193	0.002736863048
52194	0.001923985602
52195	0.002736935317
52196	0.003433708266
52197	0.007524956866
52198	0.004218526449
52199	0.008448225873
52200	0.007354012776
52201	0.006643783958
52202	0.0007383520727
52203	0.003752681507
52204	0.01487884404
52205	0.003519461523
52206	0.001140294898
52207	0.02085461356
52208	0.003477260231
52209	0.0002454289804
52210	0.001765135352
52211	0.0007738151074
52212	0.005344975313
52213	0.01416009253
52214	0.00266612094
52215	0.005559661208
52216	0.007391642229
52217	0.005842066161
52218	0.0009914347571
52219	0.00162249435
52220	0.01286407815
52221	0.004512457369
52222	0.006112599852
52223	0.007981967911
52224	0.0015234955
52225	0.002225852615
52226	0.001427688048
52227	0.001326338146
52228	0.01244758629
52229	8.029785871e-05
52230	0.002978141551
52231	0.008145188945
52232	0.01100947085
52233	0.01115789654
52234	0.007078104382
52235	0.0009541678451
52236	0.01496935852
52237	0.002917862754
52238	0.008549457976
52239	0.0004292979428
52240	0.001209381011
52241	0.003635806242
52242	0.0007389954605
52243	0.005859939858
52244	0.01576818092
52245	0.001353039019
52246	0.0004923730668
52247	0.01088154301
52248	0.003376100984
52249	0.002681018017
52250	0.009932592235
52251	0.01190665006
52252	0.01218976944
52253	0.001708828207
52254	0.004427887758
52255	0.006866414476
52256	0.007463387516
52257	0.005280554564
52258	0.0003071525277
52259	0.00154407822
52260	0.006275637738
52261	0.001298337363
52262	4.470665051e-06
52263	0.01054378541
52264	0.01030547131
52265	0.009968043902
52266	0.0009084559563
52267	0.007133300245
52268	0.002407089783
52269	0.0007998418135
52270	0.01125869086
52271	0.002890949948
52272	0.01257700107
52273	0.004701917988
52274	0.002878911946
52275	0.0003131455926
52276	0.002484269581
52277	0.01679714417
52278	0.0008070351356
52279	0.01354956928
52280	0.003771040484
52281	0.001254729659
52282	0.01115476584
52283	0.00220358834
52284	0.01232859992
52285	0.006749939729
52286	0.004316281619
52287	0.001657873261
52288	0.003123619441
52289	0.0007048670071
52290	0.00290931106
52291	0.0134946539
52292	0.001442046836
52293	0.0003210911933
52294	0.003005679341
52295	2.278524711e-05
52296	0.01334266003
52297	0.001387751433
52298	0.01473119339
52299	0.007006925005
52300	0.0009433559011
52301	0.000271440661
52302	0.01520841679
52303	0.009115226267
52304	0.001608572989
52305	0.0112766118
52306	0.002247997427
52307	0.002960424859
52308	0.006480138958
52309	0.001432536611
52310	0.0002665600988
52311	0.00644049244
52312	0.0007685101876
52313	0.0009994168044
52314	0.001001571031
52315	0.0006470534418
52316	0.0001777157306
52317	0.004196698098
52318	0.007319617238
52319	0.006986108807
52320	0.000654481155
52321	0.0005066975608
52322	0.001327895618
52323	0.0001867416435
52324	0.005355552627
52325	0.006748802073
52326	0.00742771039
52327	0.003887240222
52328	0.01416263364
52329	0.002657804733
52330	0.0002249229455
52331	0.0003332533362
52332	0.003341599625
52333	0.01304469919
52334	0.01295442416
52335	0.001728013401
52336	0.002473794606
52337	0.004220746292
52338	0.01373163945
52339	0.007920315018
52340	0.002158364024
52341	0.0008222396242
52342	0.003801489837
52343	0.01455949122
52344	0.006039459569
52345	0.004071059957
52346	0.001610474109
52347	0.02242713724
52348	0.01534090603
52349	0.009915508423
52350	0.008886051384
52351	0.0001760969613
52352	0.01259125048
52353	0.008430659074
52354	0.003226477095
52355	0.001871548461
52356	0.000440723309
52357	0.001401143576
52358	0.007907200127
52359	0.002386106938
52360	0.0006642689021
52361	0.001152687211
52362	0.004093348727
52363	0.008549443551
52364	0.002696003989
52365	0.007817335103
52366	0.004150076587
52367	0.006600014226
52368	9.240932184e-05
52369	0.003014333366
52370	0.001042020664
52371	0.0001448958901
52372	0.002435666432
52373	0.006016393397
52374	0.01717682191
52375	0.00729863476
52376	0.000448072468
52377	0.01548862048
52378	0.004469021141
52379	0.009611380542
52380	0.02706571919
52381	0.0254837836
52382	0.004361635498
52383	0.001398288896
52384	0.009431292128
52385	0.008286836493
52386	0.0007174225109
52387	0.002700993348
52388	0.02758688332
52389	0.004751459718
52390	0.004785031699
52391	0.005572693917
52392	0.01449244726
52393	0.02326555814
52394	0.007573459611
52395	0.01281760193
52396	0.0005084375057
52397	0.0154757219
52398	0.0119848646
52399	0.002325425622
52400	0.00100137768
52401	0.000288803472
52402	0.001917543445
52403	0.0005263207532
52404	0.01128814712
52405	0.001776056183
52406	0.01002022423
52407	0.007603819013
52408	0.0005076217027
52409	0.006514466986
52410	0.0002568268846
52411	0.00136815877
52412	0.007465898339
52413	0.001070493077
52414	0.0009971863266
52415	0.007316259393
52416	0.007940692743
52417	0.005406726661
52418	0.001744847229
52419	0.0003597329762
52420	0.03051382078
52421	0.006290257835
52422	0.000498739522
52423	0.0007522038838
52424	0.004707850341
52425	0.001124536488
52426	0.01185343739
52427	0.002786118987
52428	0.003869197113
52429	0.006307247628
52430	0.007165974553
52431	0.004539817056
52432	0.0001966833871
52433	0.0001111380065
52434	0.0101825139
52435	0.01058533408
52436	9.883961946e-05
52437	0.01438199267
52438	0.002001250156
52439	0.0008814561432
52440	0.02302694045
52441	0.001895357387
52442	0.004804993164
52443	0.004340462203
52444	0.00274648952
52445	0.0006680068977
52446	0.002113419791
52447	0.004179895335
52448	0.0004994682186
52449	0.006528012777
52450	0.008718308479
52451	0.008361828924
52452	0.001276977576
52453	0.001895555618
52454	0.0006628713988
52455	0.0114504799
52456	0.002873047745
52457	0.002310385631
52458	0.004842858526
52459	0.00266504337
52460	0.0004657670232
52461	0.007767023029
52462	0.0003292944239
52463	0.002678775645
52464	0.002401196653
52465	0.004290442194
52466	0.0006471532417
52467	0.003211737822
52468	0.002521873069
52469	0.0007959712601
52470	0.001613717774
52471	0.01279431253
52472	0.002554857209
52473	0.001681644817
52474	0.001486488827
52475	0.007034630802
52476	0.02623372796
52477	0.003070668532
52478	0.004589724169
52479	0.006898217655
52480	0.001320499905
52481	0.000559427615
52482	0.02270713873
52483	0.006093666452
52484	0.0001871178885
52485	0.009802981047
52486	0.0009253108205
52487	0.001347490673
52488	0.01272175482
52489	0.0006086984144
52490	0.006124069634
52491	0.001020929516
52492	0.006180183295
52493	0.02232123831
52494	0.003420730402
52495	0.01450542643
52496	0.0007521176521
52497	0.002574299494
52498	0.01092106147
52499	0.001154105923
52500	0.01193404365
52501	0.02261525824
52502	0.001441096504
52503	0.00735557809
52504	0.0007973015605
52505	0.001916596284
52506	0.01394362138
52507	0.01948879385
52508	0.0006544160509
52509	7.000109431e-05
52510	0.0006307634262
52511	0.0004955780045
52512	0.005970114355
52513	0.005612567335
52514	0.001626344804
52515	0.008588623028
52516	0.005141031619
52517	0.001558653013
52518	0.01405010175
52519	0.01192002872
52520	0.006253892279
52521	0.0008325892268
52522	0.01767224734
52523	0.001247669817
52524	0.0009351867364
52525	0.006773921131
52526	0.0001700893619
52527	0.007097132909
52528	0.003342870048
52529	0.005299308118
52530	0.0001228976733
52531	0.01189604685
52532	0.01036265628
52533	0.0006167459629
52534	0.0006970835353
52535	0.01924296252
52536	0.002900402544
52537	0.0005983339168
52538	0.004748785467
52539	0.002052773824
52540	0.00421897483
52541	0.003841648889
52542	0.0001720273367
52543	0.003736223186
52544	0.004726604386
52545	0.002083699905
52546	0.004454200675
52547	0.001907087115
52548	0.0002286524514
52549	0.01171218145
52550	0.00762701447
52551	0.002731276364
52552	0.009198877315
52553	0.0003674040238
52554	0.004400342184
52555	0.002485823085
52556	0.0002149741368
52557	0.01152270521
52558	0.0005131217157
52559	0.003811537008
52560	0.005953162734
52561	0.000886117579
52562	0.01565495347
52563	0.007310347271
52564	0.001427684089
52565	0.005205499761
52566	0.007248662956
52567	0.005237867701
52568	0.0005739518816
52569	0.003515326418
52570	6.970269343e-05
52571	0.003657708345
52572	0.0003455130029
52573	0.007026892949
52574	0.001574873418
52575	0.007421174341
52576	0.001919423299
52577	0.006838853729
52578	0.006334475909
52579	0.000113959793
52580	0.002726345406
52581	0.004130344548
52582	0.003315383884
52583	0.003879547684
52584	0.004188849385
52585	0.00589207934
52586	0.005152153539
52587	0.005235649978
52588	0.002704854613
52589	0.0009693667762
52590	0.0003257202713
52591	0.006275881902
52592	0.01121791481
52593	0.0006122143656
52594	0.008028975173
52595	0.007200366944
52596	0.006569713742
52597	0.003213197252
52598	0.01522753408
52599	0.002139535447
52600	0.002745463541
52601	0.003838017546
52602	0.0008317034437
52603	0.009600452619
52604	0.01563669839
52605	0.008949388097
52606	0.006148803798
52607	0.003328505609
52608	0.003059199234
52609	0.003003873423
52610	0.01306973354
52611	0.004222837979
52612	0.00995766334
52613	0.0008735965367
52614	0.006985737494
52615	0.004955835876
52616	0.002484358509
52617	0.0005350310386
52618	0.0009840261945
52619	0.007813288979
52620	0.0004900295525
52621	0.003436246146
52622	0.0005376683987
52623	0.009872380992
52624	0.005688448102
52625	0.000152977488
52626	0.001178009378
52627	0.0006141675424
52628	0.01324415227
52629	0.0008616753621
52630	0.002505195052
52631	0.006488872888
52632	5.420756824e-05
52633	0.001674405829
52634	0.002436957342
52635	0.004384773992
52636	2.495407998e-05
52637	0.009865963178
52638	0.002147324931
52639	0.005163455128
52640	0.01657471995
52641	0.001749401599
52642	0.007431911194
52643	0.0001911388322
52644	0.0003455723958
52645	0.003232398116
52646	0.003013215644
52647	0.00427874651
52648	0.00742859188
52649	0.001630679765
52650	0.001092097366
52651	0.01185251145
52652	0.009048784728
52653	0.003830111769
52654	0.005411927931
52655	0.004935242969
52656	0.001415382544
52657	0.01285283218
52658	0.003836076542
52659	0.005649924227
52660	0.007906046482
52661	0.01569428338
52662	0.002221810815
52663	0.007830332493
52664	0.003401877907
52665	0.01198264116
52666	0.008188573944
52667	0.001019584803
52668	0.009146127763
52669	0.01066305416
52670	0.0008071423269
52671	0.0005429287915
52672	0.00169397116
52673	0.003670427683
52674	0.003161568773
52675	0.005692709515
52676	0.00267763909
52677	0.004529308024
52678	0.02185543207
52679	0.0007771400759
52680	0.01586245528
52681	0.009649766446
52682	0.01199226611
52683	0.01002266197
52684	0.01608174814
52685	0.00176363086
52686	0.004496786347
52687	0.001616974604
52688	0.0004746052231
52689	0.0001960168714
52690	0.003794822562
52691	0.006581034922
52692	0.01884951778
52693	0.01694821226
52694	0.0002907790068
52695	0.001758572644
52696	0.00532328295
52697	0.005024555427
52698	0.005279847655
52699	0.0004425885383
52700	0.008857079133
52701	0.01598397182
52702	0.01367610518
52703	0.001375759332
52704	0.004287456516
52705	0.002990624192
52706	0.01501416319
52707	0.01195248613
52708	0.00134566111
52709	0.01068427008
52710	0.002178018311
52711	0.0008057102939
52712	0.00130766725
52713	0.0009773504735
52714	0.006359525867
52715	0.0002870825972
52716	0.004359111785
52717	0.0002790247437
52718	0.003449563803
52719	0.01096752149
52720	0.006462883634
52721	0.0003638338687
52722	0.01035070927
52723	0.0141426002
52724	0.006280694208
52725	0.009157288913
52726	0.001617963717
52727	0.003651383544
52728	0.002640795412
52729	0.005189047218
52730	0.002037109845
52731	0.0001142935538
52732	0.002451168791
52733	0.002529451135
52734	0.01089537508
52735	0.00346037189
52736	0.005493374163
52737	0.001952070178
52738	0.002253742269
52739	0.007661605795
52740	0.01184409297
52741	0.004154925005
52742	0.003598340008
52743	0.01209293457
52744	0.01227094827
52745	0.009632076529
52746	0.00780263302
52747	0.001078719378
52748	0.0005893682776
52749	0.003073386889
52750	0.001401569247
52751	0.007882093682
52752	0.002733009545
52753	0.005332348059
52754	0.01117213623
52755	0.0002053556849
52756	0.0084650239
52757	0.004999613915
52758	0.01876619825
52759	0.009634801581
52760	0.004467024656
52761	0.01893094782
52762	0.0001337353356
52763	0.009749580741
52764	0.006010018189
52765	0.006242315022
52766	0.003458174731
52767	0.01079669661
52768	0.001619673334
52769	0.01412557689
52770	0.00208383943
52771	0.02546358621
52772	0.002960436464
52773	0.0003589951581
52774	0.004664019881
52775	0.002999388705
52776	0.0009775221419
52777	0.004600446209
52778	0.009072720254
52779	0.002982986547
52780	0.003252996868
52781	0.0002189415347
52782	0.001787829476
52783	0.0005057907486
52784	0.004096744896
52785	0.006997064458
52786	0.007502817755
52787	0.00299286913
52788	0.01006242252
52789	0.009813771612
52790	0.007703298462
52791	0.001004634985
52792	0.0008691708449
52793	0.000403778715
52794	0.001396467407
52795	0.004038202966
52796	0.01067015522
52797	0.01023393753
52798	0.003598921345
52799	0.007438238715
52800	0.004252522703
52801	0.01211072824
52802	0.01841821287
52803	0.009377708524
52804	0.008243232933
52805	0.01019524036
52806	0.00310271427
52807	0.005807780518
52808	0.02645611715
52809	0.008260894739
52810	0.004212553679
52811	0.01257026997
52812	0.001368367989
52813	0.002754283709
52814	0.004368056345
52815	0.006021331722
52816	0.002541516896
52817	0.00135155647
52818	0.01562860263
52819	0.0008898373867
52820	0.001626433619
52821	0.005463072404
52822	0.0009683764866
52823	0.002387227655
52824	0.0006986907757
52825	0.0004027352804
52826	0.0003390229158
52827	0.005982604456
52828	0.004835195848
52829	0.00181436934
52830	0.006015585329
52831	0.00202652224
52832	0.005683677883
52833	0.0004261328528
52834	0.001151867852
52835	0.0005226092357
52836	0.0007891986136
52837	0.002942178512
52838	0.001633096432
52839	0.01261711169
52840	0.009355466748
52841	3.051936848e-05
52842	0.004143347867
52843	0.002703501941
52844	0.0029187984
52845	0.008338857121
52846	0.008325044165
52847	0.000335186107
52848	0.002486158254
52849	0.009563000897
52850	0.002751280345
52851	0.007471593415
52852	0.008773356589
52853	0.005711727306
52854	9.112163664e-05
52855	0.002992779654
52856	0.007316965568
52857	0.005286916423
52858	0.0103913116
52859	0.01208142576
52860	0.01201928815
52861	0.001715409982
52862	0.0004389588407
52863	0.01041078879
52864	0.01120377822
52865	0.0004065434037
52866	0.001380918874
52867	0.008706103218
52868	0.01175969344
52869	0.001065697771
52870	0.001274960083
52871	0.004802576187
52872	0.0009068398377
52873	0.006259207084
52874	0.003190961366
52875	0.009579723287
52876	0.006079291485
52877	0.00017715282
52878	9.140300921e-05
52879	0.00187613325
52880	0.0006421109902
52881	0.001615716227
52882	0.002377598458
52883	0.00155520718
52884	0.0011979523
52885	0.00105107415
52886	0.000992736062
52887	0.004327629944
52888	0.003462410509
52889	0.007731148608
52890	0.00111294247
52891	0.007674093903
52892	0.001082189788
52893	0.0006008870641
52894	0.002730295811
52895	0.001717645766
52896	0.0003906369366
52897	0.008911250048
52898	0.000779068405
52899	0.001131826615
52900	0.004890399759
52901	0.005697630215
52902	0.001110131315
52903	0.01049269334
52904	0.00095162633
52905	0.003024149252
52906	0.007000965898
52907	0.0009033281546
52908	0.000414942908
52909	0.004551729759
52910	0.002612075519
52911	0.007478307504
52912	0.01734321382
52913	0.0002602477506
52914	0.00272897068
52915	0.002267458454
52916	0.0004455718739
52917	0.01425030638
52918	0.00892891752
52919	0.00405272078
52920	0.00217763077
52921	0.007867464376
52922	0.003758163008
52923	0.007960645299
52924	0.00831767096
52925	0.005989884415
52926	0.00092715133
52927	0.001709146289
52928	0.006426289525
52929	0.0001861286693
52930	0.005258328517
52931	0.005692247208
52932	0.002609436648
52933	0.001344483028
52934	0.006032348241
52935	0.01164222545
52936	0.009695599984
52937	0.000818733555
52938	0.0008977276982
52939	0.003457988127
52940	0.001567935153
52941	0.003327832436
52942	0.01415196551
52943	0.01058972713
52944	0.004969758274
52945	0.00725333209
52946	0.0008059858504
52947	0.01197889171
52948	0.000810415432
52949	0.01243997652
52950	0.00492431833
52951	0.001453218074
52952	0.001873929233
52953	0.003836135475
52954	0.001642611341
52955	0.00649760295
52956	0.002504806469
52957	0.0007456372895
52958	0.002098483381
52959	0.0001329876705
52960	0.001462599694
52961	0.001553922446
52962	0.00170543194
52963	0.0004035359231
52964	0.01321341655
52965	0.002555874326
52966	0.001925429103
52967	0.008003607105
52968	0.001820421799
52969	0.01150225163
52970	0.001977500043
52971	0.01204358977
52972	0.00011007817
52973	0.0004719720996
52974	0.01430520584
52975	0.009555605597
52976	0.002380834859
52977	0.01087810235
52978	0.0003202014402
52979	0.0009395737694
52980	0.001479984453
52981	0.009393618418
52982	0.0007661861242
52983	0.002394116529
52984	0.002727526522
52985	0.0004097344092
52986	0.001531787503
52987	0.007445663729
52988	0.0008476795513
52989	0.001532464147
52990	0.006266349401
52991	0.01353284279
52992	0.004678262051
52993	0.002903605712
52994	8.16879799e-05
52995	7.856150898e-05
52996	0.0006458140995
52997	0.0004236034832
52998	0.002943901688
52999	0.007947594348
53000	0.004066529933
53001	0.003042562476
53002	0.001953650053
53003	0.006900387916
53004	0.003054738798
53005	0.002653009102
53006	0.009373902621
53007	0.01556191724
53008	0.004176594593
53009	0.0009681131405
53010	0.001383951363
53011	0.001312745836
53012	0.007844545713
53013	0.002603810054
53014	0.01365070066
53015	0.00168724562
53016	0.009595177524
53017	0.006026855781
53018	0.01109030933
53019	0.01112975254
53020	0.003933504148
53021	0.003494436393
53022	6.449217242e-05
53023	0.01556763857
53024	0.0002860839755
53025	0.004612776358
53026	0.006223982054
53027	0.005227169902
53028	0.002609484556
53029	0.0008014703074
53030	0.001313590043
53031	0.003667934355
53032	0.001162161781
53033	0.01019164947
53034	0.003221801485
53035	0.002298098626
53036	0.004364545422
53037	0.001033614121
53038	0.008582584841
53039	0.005001770751
53040	0.002985589309
53041	0.01244453122
53042	0.0008333751159
53043	0.001021088693
53044	0.01304092865
53045	0.004312380384
53046	0.003752412194
53047	0.01324956406
53048	0.008695709921
53049	0.01660349822
53050	0.00528394201
53051	0.004467675928
53052	0.00132483098
53053	0.003017060937
53054	0.001678329928
53055	0.001156976106
53056	0.0005853049147
53057	0.0002641176678
53058	0.0003307474631
53059	0.003407655443
53060	0.01409728772
53061	0.009759119995
53062	0.000813498333
53063	0.008582596182
53064	0.000684763598
53065	0.01137979263
53066	0.004187114111
53067	0.004347287406
53068	0.004523959119
53069	0.00883038073
53070	0.004106503322
53071	0.0007059358924
53072	0.0006816767702
53073	0.003202387835
53074	0.0004284028892
53075	0.002963631621
53076	0.0004435081201
53077	0.006999338079
53078	0.00501446252
53079	0.010321372
53080	0.003310772372
53081	0.007888683589
53082	0.0002737407642
53083	0.009854239162
53084	0.002154717919
53085	0.0004167789574
53086	0.003031720493
53087	0.00711760544
53088	0.009450778386
53089	0.002475987098
53090	0.008089627664
53091	0.0004918081838
53092	0.001650229053
53093	0.003731644175
53094	0.005433736916
53095	0.003966455991
53096	0.002101934988
53097	0.02059289385
53098	0.01022570275
53099	0.0021497936
53100	0.005304456637
53101	0.008572024867
53102	7.783516773e-05
53103	2.468390823e-06
53104	0.0005512123536
53105	0.006288740836
53106	0.01254345058
53107	0.005814341748
53108	0.01768576773
53109	0.00949990269
53110	0.005671429193
53111	0.01714604783
53112	0.004694039205
53113	1.559769832e-05
53114	0.004405647897
53115	0.001896353935
53116	0.00605257063
53117	0.001912322486
53118	0.000357881814
53119	0.004043089991
53120	0.009029295312
53121	0.005600238406
53122	0.0006731475602
53123	0.01218149651
53124	0.001491634534
53125	0.02546095717
53126	0.004056909152
53127	0.003722219833
53128	0.004044944115
53129	0.002678072641
53130	0.004422516591
53131	0.002188011095
53132	0.0006880401943
53133	0.001489189054
53134	0.004208296275
53135	0.0005060559049
53136	0.001197568565
53137	0.00374930452
53138	0.008429488844
53139	0.001005077963
53140	0.006891587568
53141	0.006380018479
53142	0.003811473961
53143	0.005045704338
53144	0.004642954185
53145	0.0009936641181
53146	0.008848727903
53147	0.0006542754029
53148	0.004732191112
53149	0.0008462006851
53150	0.002703585237
53151	0.005214677971
53152	0.001657389048
53153	0.0001019361197
53154	0.0001466652771
53155	0.01445739605
53156	0.003145747792
53157	0.004177847268
53158	0.002892938179
53159	0.008331010089
53160	0.0001836727506
53161	0.0006423239795
53162	0.01826488717
53163	0.01173231953
53164	0.005004506805
53165	0.0002033464358
53166	0.00140251784
53167	0.0001052763738
53168	0.0003613475883
53169	0.002154620712
53170	0.002256318034
53171	0.004466991746
53172	0.003059909184
53173	0.006472228906
53174	0.0006057665121
53175	0.0105021937
53176	0.004241063552
53177	0.003643409338
53178	0.0005586104948
53179	0.0003327885422
53180	0.006786363329
53181	0.0004625152726
53182	0.0006926934632
53183	0.002898154235
53184	0.03086071149
53185	0.006359754783
53186	0.002695422855
53187	0.002657879725
53188	0.01155133614
53189	0.004295338337
53190	0.002355180364
53191	0.008328034045
53192	0.0006157663936
53193	0.001587813839
53194	0.00258375332
53195	0.009085477601
53196	0.0003428810684
53197	0.002552909652
53198	0.009255713798
53199	0
53200	0.004243377678
53201	0.003894492073
53202	0.0005405522484
53203	0.002348291822
53204	0.001713627474
53205	0.006196438249
53206	0.008220151438
53207	0.008261368106
53208	0.003624458149
53209	0.001106653156
53210	0.0004741277463
53211	0.00343689369
53212	0.002679874445
53213	0.005270545367
53214	0.009869889053
53215	0.02378844891
53216	0.00106372573
53217	0.002697656049
53218	0.001647279416
53219	0.00172449644
53220	0.007122280319
53221	0.0003580158441
53222	0.005182701233
53223	0.001262838464
53224	0.003033572814
53225	0.005760301247
53226	0.006051795405
53227	0.0010305867
53228	0.0005480945284
53229	0.001010819743
53230	0.001639592248
53231	0.0007585218333
53232	0.0001428153617
53233	0.004660514306
53234	0.008734089039
53235	0.01429919604
53236	0.01277190439
53237	0.005174116867
53238	0.0005871659617
53239	0.01352459484
53240	0.00393728157
53241	0.001931429022
53242	0.001823025983
53243	0.002502155861
53244	0.006517456078
53245	0.003695698114
53246	0.003931545631
53247	0.003670638913
53248	0.006445120126
53249	0.00751361745
53250	0.001778564359
53251	0.008727337565
53252	0.003387122839
53253	0.01045875978
53254	0.01149494871
53255	0.03113698225
53256	0.004762813813
53257	0.001848280851
53258	0.00743174824
53259	0.0004795408607
53260	0.007047944303
53261	0.0140383872
53262	0.001894868422
53263	0.001562075242
53264	0.02336773708
53265	0.01155632303
53266	0.004385533353
53267	0.001498019375
53268	0.0008499397941
53269	0.000127358036
53270	0.005349490287
53271	3.19353398e-05
53272	0.0009574354898
53273	0.007590996737
53274	0.004757235481
53275	0.009715676216
53276	0.001714809256
53277	0.01690438605
53278	0.002004816526
53279	0.004747129797
53280	0.003171278405
53281	0.01761503526
53282	0.002841104974
53283	0.009018894091
53284	0.005956618544
53285	0.02308971364
53286	0.007136367667
53287	0.003947599838
53288	0.0009177032794
53289	0.004684663532
53290	0.0003020387176
53291	0.001815843131
53292	0.002383933277
53293	0.01421877831
53294	0.0004388419033
53295	0.005556529414
53296	0.0007043446454
53297	0.01541407528
53298	0.003303705854
53299	0.006927636356
53300	0.01086962414
53301	0.006173516146
53302	0.002293726349
53303	0.003345328124
53304	0.009059714707
53305	0.00740506377
53306	0.01085319632
53307	0.001440084965
53308	0.006302795327
53309	0.006954719081
53310	0.006562015125
53311	0.01329439028
53312	0.0009080738646
53313	0.0008749112362
53314	0.01392563879
53315	0.004955231138
53316	0.004341729187
53317	0.00211506539
53318	0.009561141899
53319	0.003977271646
53320	0.0006807040855
53321	0.003783261344
53322	0.004432210766
53323	0.006315185353
53324	0.01026338617
53325	0.009102386065
53326	0.003746077291
53327	0.003426426364
53328	0.01275659754
53329	0.003843195761
53330	0.0004436502529
53331	0.002941352833
53332	0.001268310308
53333	0.0007982253315
53334	0.002084796026
53335	0.00106046855
53336	0.001683910946
53337	0.002772662409
53338	0.007138244135
53339	0.001074688304
53340	0.01627248394
53341	0.008732175939
53342	0.001399791551
53343	0.009162376213
53344	0.005418275272
53345	0.002011764328
53346	0.001444957164
53347	0.00603125732
53348	0.0007309030389
53349	0.001945507591
53350	0.003063302042
53351	0.0209563757
53352	0.003793094536
53353	0.0003473980811
53354	0.005155765396
53355	0.01176203605
53356	0.009501453821
53357	0.0006522528445
53358	0.01022907108
53359	0.000483093881
53360	0.0008701928975
53361	0.003049572562
53362	0.01495935255
53363	0.002015326559
53364	0.002024679574
53365	0.01169139626
53366	0.00175499277
53367	0.0006355638977
53368	0.002775683567
53369	0.002578982407
53370	0.001171020634
53371	0.008294439041
53372	0.001487539863
53373	0.004517138849
53374	0.002613706263
53375	0.004815855714
53376	0.003545575686
53377	0.000968162837
53378	0.02428135459
53379	0.01016843471
53380	0.007374765907
53381	3.651100804e-07
53382	0.0009616318054
53383	0.00849262988
53384	0.0002198554755
53385	0.0008342163388
53386	0.0002884635776
53387	0.003960922476
53388	0.00152572634
53389	0.0006279720974
53390	0.006905231577
53391	0.003126611141
53392	0.001127469164
53393	0.002544927172
53394	0.001533958285
53395	0.00261593376
53396	0.01126919589
53397	0.006359355888
53398	0.002578320272
53399	0.004367212273
53400	0.002748696711
53401	0.009175895832
53402	0.0001660690741
53403	0.0101464409
53404	0.001837412829
53405	0.0155664125
53406	0.001875122843
53407	0.001126744237
53408	0.00252899623
53409	0.002688737046
53410	0.001847918988
53411	0.0007808320652
53412	0.005421815563
53413	0.016600763
53414	0.01868279435
53415	0.0006810241745
53416	0.008654554185
53417	0.0010454755
53418	0.003306985805
53419	0.006064827199
53420	0.008789946389
53421	0.003640078257
53422	0.001255097489
53423	0.000368370011
53424	0.002314240885
53425	0.002670251022
53426	0.002375070627
53427	0.0005320542202
53428	0.002423496804
53429	0.0001726974353
53430	0.008909774464
53431	0.004004010589
53432	0.002420263204
53433	0.0008050769157
53434	0.008019234963
53435	0.01175039114
53436	0.008072090165
53437	5.878590365e-05
53438	0.01642697641
53439	0.006566304378
53440	0.002735216776
53441	0.01920625903
53442	0.003744404294
53443	0.0136744523
53444	0.01778961385
53445	0.009531055762
53446	0.007158995368
53447	0.001266075957
53448	0.004032587272
53449	0.003351313059
53450	0.006237603678
53451	0.001435432123
53452	0.0003201193124
53453	0.01232391073
53454	0.003623552133
53455	0.003098639355
53456	0.01670109005
53457	0.008202187592
53458	0.01095167935
53459	0.007089257457
53460	0.02610857258
53461	0.002231628725
53462	0.0128392209
53463	0.0008133157546
53464	0.0005595934133
53465	0.004364246845
53466	0.01570668589
53467	0.006564613062
53468	0.00090815804
53469	0.01604279627
53470	0.0142087729
53471	0.005703633266
53472	0.00103751535
53473	0.001941895904
53474	0.003070996755
53475	0.009124886444
53476	0.003906737507
53477	0.00905743586
53478	0.01011021747
53479	0.003256760891
53480	0.003707242645
53481	0.002465682032
53482	0.01560877037
53483	0.0009072922252
53484	0.01209662812
53485	0.006639975234
53486	0.02308924273
53487	0.0008300321525
53488	0.0008686568221
53489	0.02410872816
53490	0.0007325704796
53491	0.01331437515
53492	0.008079222997
53493	0.03623201512
53494	0.002087983992
53495	0.005908202916
53496	0.007822875449
53497	0.004742871082
53498	0.000646618058
53499	0.002608308326
53500	0.003528954185
53501	0.001448924544
53502	0.001093809922
53503	0.001363943713
53504	0.004436663402
53505	0.00291902008
53506	0.002165234213
53507	0.007992551005
53508	0.0006772474382
53509	1.851893485e-05
53510	0.002930467092
53511	0.001335036705
53512	5.299015201e-05
53513	0.0007162199103
53514	0.003357129824
53515	0.005376389438
53516	0.005763186598
53517	0.002900083488
53518	0.0001614429389
53519	0.01340931473
53520	0.0202625765
53521	0.005782482147
53522	0.02509636949
53523	0.004629574761
53524	0.003411791779
53525	0.004107512836
53526	0.007794196216
53527	0.006101421719
53528	0.0007852888159
53529	0.002797865673
53530	0.003428371958
53531	0.00688768366
53532	0.001736118929
53533	0.005048171895
53534	0.005960178919
53535	0.0007276125956
53536	0.0007478121564
53537	0.0008144668613
53538	0.0006916059574
53539	0.003269523086
53540	0.0027885585
53541	0.008588376231
53542	0.000629842895
53543	0.0004812398953
53544	0.02466236229
53545	0.0004757018887
53546	0.01507017122
53547	0.001206278724
53548	0.002677655668
53549	0.007877253288
53550	0.003019399179
53551	0.0004527011175
53552	0.01117171394
53553	0.009558485368
53554	0.005978845004
53555	0.009192258521
53556	0.01157577302
53557	0.0003004215676
53558	0.01731575828
53559	0.01087541032
53560	0.01732257878
53561	0.007502826913
53562	0.001910972027
53563	0.002125643478
53564	0.0001909921263
53565	0.0134704357
53566	0.007104872218
53567	0.001966684243
53568	0.0008177347025
53569	2.520269091e-05
53570	0.001545840448
53571	0.005021021757
53572	0.008745704797
53573	0.0006942936738
53574	0.00605289896
53575	0.002504817574
53576	0.00306150188
53577	0.006392998545
53578	0.01875802021
53579	0.007693942349
53580	0.005779561206
53581	0.001648404804
53582	0.001320930552
53583	0.004873162369
53584	0.001162565391
53585	0.01328757177
53586	0.002345959016
53587	0.002258400019
53588	0.002082793608
53589	0.0021948049
53590	0.01810309223
53591	0.001446991463
53592	0.008656079099
53593	0.01123811125
53594	0.01210877736
53595	0.01389563223
53596	0.007885132284
53597	0.001908772409
53598	0.01815632697
53599	0.001740940263
53600	0.0004467036756
53601	0.008640948399
53602	0.001383385545
53603	0.007294662245
53604	0.02050341191
53605	0.003217506961
53606	0.001183144948
53607	0.009771622492
53608	0.007386295641
53609	0.005503796138
53610	0.002692629571
53611	0.001216338728
53612	0.01427837302
53613	0.01330377879
53614	0.003403484301
53615	0.01349346913
53616	0.008173820213
53617	0.001786453224
53618	0.001327919815
53619	0.005953084879
53620	0.009560520142
53621	0.005411901094
53622	0.0009433155044
53623	0.01330468333
53624	0.001797174878
53625	0.001209420226
53626	0.00390822694
53627	0.004420747985
53628	0.003230153365
53629	0.008543623729
53630	0.01610986222
53631	0.004300331627
53632	0.006270870752
53633	0.005946564182
53634	7.999923118e-05
53635	0.004510438715
53636	0.005938019902
53637	0.0002326762601
53638	0.001984717043
53639	0.002990425875
53640	0.008328265888
53641	0.01009305421
53642	0.002786438237
53643	0.007452986913
53644	0.001170014449
53645	0.0298438389
53646	0.01532607525
53647	0.008838998231
53648	0.003737494446
53649	0.00430225748
53650	0.007294981772
53651	0.006855275545
53652	0.0003426703144
53653	0.02198972622
53654	0.005843425258
53655	0.008820220245
53656	0.003265340606
53657	0.003610725169
53658	0.003838319089
53659	0.006625719676
53660	0.003933702912
53661	0.007759728188
53662	0.001236119764
53663	0.003343820605
53664	0.0002345353506
53665	0.0008688495059
53666	0.0007624838701
53667	8.278007445e-05
53668	0.01574055753
53669	0.002954563514
53670	0.001038971539
53671	0.001898103981
53672	0.01036167993
53673	0.001004735638
53674	0.01355104643
53675	0.002370017061
53676	0.007220460643
53677	0.0004502531507
53678	0.006009183582
53679	0.002248496741
53680	0.005638833007
53681	0.01149153382
53682	0.01862038829
53683	0.01436446327
53684	0.01273751082
53685	0.001173840981
53686	0.006266555807
53687	0.0008910469263
53688	0.002801342329
53689	0.001153874284
53690	0.01609290623
53691	0.0009788813131
53692	0.001866298596
53693	0.02105465363
53694	0.004145255616
53695	0.01860234595
53696	0.01189432995
53697	0.003168132607
53698	0.01386185743
53699	0.007396537434
53700	0.0008872703892
53701	0.004898397926
53702	0.01036399442
53703	0.001686490315
53704	0.01077014596
53705	0.002580030649
53706	0.0007525476232
53707	0.01139580073
53708	0.003403187079
53709	0.005127840424
53710	0.003401742482
53711	0.0003051373047
53712	0.001041435558
53713	0.00395443203
53714	0.0001169840841
53715	0.0132715806
53716	0.01782259104
53717	0.008382455818
53718	0.004275061762
53719	0.01127854835
53720	0.003099039422
53721	0.01209628225
53722	0.001664916799
53723	0.002316315328
53724	0.01047891055
53725	0.001419652622
53726	0.003149706745
53727	0.004262943702
53728	0.001147098003
53729	0.001034437006
53730	0.002940113747
53731	0.0003398964706
53732	0.003024991683
53733	0.003793273694
53734	0.01068066744
53735	0.004214673714
53736	0.002167035829
53737	0.01210868438
53738	0.003021142815
53739	0.006135323751
53740	0.0002722163877
53741	0.01466509603
53742	0.01127147323
53743	0.00993855935
53744	0.005707225413
53745	0.006873909467
53746	0.0124457546
53747	0.01976855192
53748	8.471623893e-05
53749	0.0009057756897
53750	0.001653595324
53751	0.000947893302
53752	0.008017786218
53753	0.01966086837
53754	0.007403262149
53755	0.004992433447
53756	0.0007601121628
53757	0.02329098191
53758	0.01741561877
53759	0.0008216208712
53760	0.01145481709
53761	0.004929652826
53762	0.00808341941
53763	0.003501573279
53764	0.004799087761
53765	0.003250611225
53766	0.01892495972
53767	0.007578649053
53768	0.004737387526
53769	0.001176439978
53770	0.003228348089
53771	0.001856493375
53772	0.004301422623
53773	0.007597932323
53774	0.001515678852
53775	0.009473600933
53776	0.0002889495486
53777	0.003790388535
53778	0.0010943338
53779	0.01517734422
53780	0.01407978317
53781	0.00106884536
53782	0.002800477239
53783	0.02526109881
53784	0.001441505302
53785	0.00343814583
53786	0.001956895984
53787	0.0001240130695
53788	0.003543480413
53789	0.007902492445
53790	0.0004083910756
53791	0.01170435851
53792	0.002564690911
53793	0.0005104055494
53794	0.00324570557
53795	0.00244640299
53796	0.004753807618
53797	0.005857944105
53798	0.01472935837
53799	0.01003922829
53800	0.01134685222
53801	0.005918313474
53802	0.003718920205
53803	0.004446965851
53804	0.003946737142
53805	0.002596937586
53806	0.0001819408208
53807	0.0004259875602
53808	0.01548340811
53809	0.006934938304
53810	0.008318100498
53811	0.003489262889
53812	0.0008445283626
53813	0.002408849215
53814	0.003920411232
53815	0.0001174387999
53816	0.001476935184
53817	0.006855658894
53818	0.009639415278
53819	0.003315713273
53820	0.01405081245
53821	0.0001553249401
53822	0.000432593131
53823	0.01084788263
53824	0.0001655518905
53825	0.0161464174
53826	0.004269749801
53827	0.002232143364
53828	0.003296907018
53829	0.001109457793
53830	0.001234377637
53831	0.003185569304
53832	0.003388413078
53833	0.01000340946
53834	0.01410124392
53835	0.01309236454
53836	0.001710847779
53837	0.001952838836
53838	0.004821508954
53839	0.001817907997
53840	0.006172091362
53841	0.008730839116
53842	0.002039739289
53843	0.01933834567
53844	0.00979815561
53845	0.003949298668
53846	0.00550716195
53847	0.01120658491
53848	0.004012594058
53849	0.002884395862
53850	0.01616480545
53851	0.0002006090128
53852	0.00835888118
53853	0.005077963178
53854	7.733863709e-05
53855	0.01170059559
53856	0.01058247652
53857	0.009401055375
53858	0.00678599406
53859	0.009927321374
53860	0.008591243181
53861	0.01011727768
53862	0.008334036617
53863	0.002725968291
53864	0.01255060526
53865	0.01211050292
53866	0.006188423031
53867	0.01723462441
53868	0.02210599669
53869	0.001880740153
53870	0.008980995539
53871	0.005657993275
53872	6.684432468e-05
53873	0.006695958661
53874	0.0005815154287
53875	0.002580482261
53876	0.001583361497
53877	0.001948249228
53878	0.006500435234
53879	0.006539516592
53880	0.002896511469
53881	0.0118765684
53882	0.005111305675
53883	0.002849861698
53884	0.003830682457
53885	0.00247328997
53886	6.522120477e-05
53887	0.01282276491
53888	0.009494147348
53889	0.003720072229
53890	0.0125116454
53891	7.78781441e-05
53892	0.01270129801
53893	0.01374647472
53894	0.001724334625
53895	0.006316441897
53896	0.002763632688
53897	0.002954473221
53898	0.001552942082
53899	0.006697273004
53900	0.006525769229
53901	0.003906726339
53902	0.001696898682
53903	0.007891653327
53904	0.00184159756
53905	0.005423987172
53906	0.002256205295
53907	0.01536071857
53908	0.0002382636234
53909	0.002806819419
53910	0.001360095974
53911	1.301961996e-06
53912	0.007486730617
53913	0.0120739765
53914	0.0003121536273
53915	0.002630884217
53916	0.002856357595
53917	0.005909905858
53918	0.002647852148
53919	0.0005974181187
53920	0.005916532013
53921	0.004421544151
53922	0.008684518845
53923	0.02443219214
53924	0.004387658629
53925	0.007121057052
53926	0.002753238833
53927	0.0190528004
53928	0.002260094729
53929	0.005787716928
53930	0.01891646583
53931	0.005146350827
53932	0.006091610357
53933	0.01115131194
53934	0.01432884325
53935	0.002338282384
53936	0.0001973986687
53937	0.01017967922
53938	0.0002497849178
53939	0.001499864026
53940	0.001069652535
53941	2.683545286e-05
53942	0.009714106949
53943	0.0001095436348
53944	0.001446169639
53945	0.01240409901
53946	0.005780555547
53947	0.004556527095
53948	0.01236869876
53949	0.002200959339
53950	0.002945621556
53951	0.008776487087
53952	0
53953	0.007147973593
53954	0.007366309141
53955	0.004951865946
53956	0.008860868617
53957	0.005700340493
53958	0.003828985606
53959	0.00223888666
53960	0.005027668019
53961	0.002243505001
53962	0.005347648789
53963	0.006926003237
53964	0.006549078901
53965	0.002616441408
53966	0.0145611718
53967	0.00353791966
53968	0.008379895742
53969	0.0005039534331
53970	0.01170616662
53971	0.003243351195
53972	0.02133041472
53973	0.008216606079
53974	0.003051374547
53975	0.0007247430255
53976	0.00108551544
53977	0.01184423272
53978	0.0005182597984
53979	0.0008932939907
53980	0.002683974739
53981	0.000640847482
53982	0.0009476677026
53983	0.0001720996413
53984	0.01397820116
53985	0.008132023309
53986	0.01122259075
53987	0.005845923394
53988	0.02854103186
53989	0.007385332253
53990	0.01590388275
53991	0
53992	0.007858334759
53993	0.006151756845
53994	0.002483904589
53995	0.005719209983
53996	0.005517359458
53997	0.01248807763
53998	0.002094861942
53999	0.004153828803
54000	0.001485102351
54001	0.001179602268
54002	0.01284237101
54003	0.007074785633
54004	0.01391761352
54005	0.009417464428
54006	0.002667980191
54007	0.01129269131
54008	0.0006505657891
54009	0.001957837879
54010	0.00127158376
54011	0.0002608144156
54012	0.01125804681
54013	0.003813284682
54014	0.008153482359
54015	0.01275762906
54016	0.004069744372
54017	0.001767823992
54018	0.002293204122
54019	0.005318983465
54020	0.003273462133
54021	0.002448880183
54022	0.004707670963
54023	0.009513326451
54024	0.002469885721
54025	0.00293888183
54026	0.0002698658445
54027	0.01080920089
54028	0.0009647577422
54029	0.000823852009
54030	0.001202704858
54031	0.01282461385
54032	0.0004670439784
54033	0.00825793407
54034	0.0003878651218
54035	0.003521661562
54036	0.000315808997
54037	0.01035999709
54038	0.01487907283
54039	0.006290994938
54040	0.0006216924771
54041	0.01734007996
54042	0.0002070671165
54043	0.008451382401
54044	0.007882458566
54045	0.003288028111
54046	0.003715684614
54047	0.0006370116894
54048	0.006782310602
54049	0.009844721563
54050	0.002637806656
54051	0.0007818437361
54052	0.00128023676
54053	0.002250829432
54054	0.0005813610257
54055	0.009781939198
54056	0.003547873134
54057	0.004788929053
54058	0.00844235379
54059	0.0006562527336
54060	0.0002083157409
54061	0.01318021296
54062	0.02957524713
54063	0.001640699713
54064	0.0004388096043
54065	0
54066	0.0009113188762
54067	0.009465604706
54068	0.01216376022
54069	0.004643634485
54070	0.006290367092
54071	0.001777524615
54072	0.0004094059459
54073	0.002316035431
54074	0.005316412087
54075	0.003544008615
54076	0.0006986208425
54077	0.005626737908
54078	0.007320168013
54079	0.00444258081
54080	0.01415000904
54081	0.001388142421
54082	0.01502665494
54083	0.002206393694
54084	0.002673079403
54085	0.002301437055
54086	0.005378497337
54087	0.004255692947
54088	0.001376773134
54089	0.01662992241
54090	0.001858952151
54091	0.00783009501
54092	0.01224915671
54093	0.02835344865
54094	0.0002016552154
54095	0.003175298245
54096	0.00929567323
54097	0.004231524076
54098	0.000577268582
54099	0.001056184049
54100	0.01107048532
54101	0.001103493295
54102	0.003736766678
54103	0.007319405315
54104	0.00871663469
54105	0.0008409199751
54106	0.009454592148
54107	0.001776124265
54108	0.00130795365
54109	0.005016113891
54110	0.001458983804
54111	0.004698108246
54112	0.02117444434
54113	0.0131232936
54114	0.01976883746
54115	0.0003702384029
54116	0.01648356714
54117	0.008304696498
54118	0.001664594703
54119	0.00333549425
54120	0.01333303605
54121	0.00315808564
54122	0.008231164567
54123	0.004284582486
54124	0.01260967628
54125	0.002703432624
54126	0.001539288603
54127	0.01379836023
54128	0.01481593162
54129	0.001942117785
54130	0.01701768016
54131	0.002194941398
54132	0.00943284087
54133	0.00121509339
54134	0.008426869296
54135	0.002903890797
54136	0.00924720889
54137	0.002530189576
54138	0.003193029505
54139	0.006412124235
54140	0.002136688138
54141	0.009675655826
54142	0.01565127134
54143	0.006929817539
54144	0.0002298847259
54145	0.002401084273
54146	0.0005157546627
54147	0.002460551488
54148	0.000881977287
54149	0.003883421544
54150	0.003295466226
54151	1.589128525e-05
54152	0.0004102992038
54153	0.007303964886
54154	0.001214216248
54155	0.007768611372
54156	0.002912216448
54157	0.01357685545
54158	0.0006807907489
54159	0.006785894614
54160	0.008670638149
54161	0.0008427838769
54162	0.0002127700368
54163	0.0002579799719
54164	0.009781262186
54165	0.007653891743
54166	0.00301680142
54167	0.002351111313
54168	0.00443991951
54169	0.001943480517
54170	0.004288475663
54171	0.003151167571
54172	0.007869954283
54173	0.02899999239
54174	0.003076990983
54175	0.0002386817916
54176	0.01456555077
54177	0.01256739658
54178	0.003046028175
54179	0.009566598755
54180	0.00999523581
54181	0.005858441819
54182	0.0005785906681
54183	0.01048104695
54184	0.006530683499
54185	0.003273167244
54186	0.0197255162
54187	0.007371494114
54188	0.008506982727
54189	0.00892592495
54190	0.006283705072
54191	0.007785419363
54192	0.01133574859
54193	0.007037889747
54194	0.003302828289
54195	0.007613075958
54196	0.001327991827
54197	0.001072844652
54198	0.004156812702
54199	0.003876281124
54200	3.531116062e-05
54201	0.001599762947
54202	0.009721046416
54203	0.003620829634
54204	0.0005299814538
54205	0.002544790097
54206	0.001823188806
54207	0.0001811287262
54208	0.000457315197
54209	0.006700383666
54210	0.00342018747
54211	0.006295805738
54212	0.01027028209
54213	0.001011845103
54214	0.003492326275
54215	0.005506586793
54216	0.003834416666
54217	0.002715070834
54218	0.007159115105
54219	0.001978226256
54220	0.0001315202262
54221	0.000670696331
54222	0.004456589576
54223	0.006567920276
54224	0.001715540274
54225	0.00431742391
54226	0.007228842085
54227	0.007390911044
54228	0.00211370206
54229	0.0006588154857
54230	0.006982472985
54231	0.003328987369
54232	0.02537103372
54233	0.003588717421
54234	0.005864813265
54235	0.0002734594141
54236	0.0006095927031
54237	0.01002380787
54238	0.003658967376
54239	0.001674566126
54240	0.009491875024
54241	0.0007752316891
54242	0.0003350647268
54243	0.003254998766
54244	0.0008167169401
54245	0.002858674723
54246	0.004522000707
54247	0.002114169624
54248	0.03001177031
54249	0.0001497470451
54250	0.004933251313
54251	0.003546547076
54252	0.004066355519
54253	0.001255290756
54254	0.0008357598157
54255	0.0002805838172
54256	0.0003226426616
54257	0.004449400692
54258	0.007503975614
54259	0.007924282105
54260	0.003187484649
54261	0.01620172792
54262	0.000107329517
54263	0.006908258165
54264	0.00585945538
54265	0.0135928125
54266	0.008037075934
54267	0.0004366930302
54268	0.000160851722
54269	0.005224291153
54270	0.0006824914697
54271	0.003776255114
54272	0.006064295465
54273	0.005665881253
54274	0.001673528381
54275	0.01962582043
54276	0.003819733811
54277	0.01156194287
54278	0.003921399016
54279	0.002974763363
54280	0.008628999329
54281	0.0009377205454
54282	0.01129166349
54283	0.001014802595
54284	0.02159914923
54285	0.001919811175
54286	0.0006382835677
54287	0.002797405943
54288	0.007397966339
54289	0.0006002791056
54290	0.01778919407
54291	8.063368491e-05
54292	0.0008994587613
54293	0.0003201809678
54294	0.001690724394
54295	6.824491351e-06
54296	0.0003288849366
54297	0.001129466494
54298	0.004262327633
54299	0.006601198686
54300	0.01306920945
54301	0.02086656952
54302	0.00184712816
54303	0.0009808388916
54304	0.004203955528
54305	0.004191404988
54306	0.02015240129
54307	0.006334922329
54308	0.003434194184
54309	0.00275675373
54310	0.0001780365193
54311	0.005862663233
54312	0.008626297451
54313	0.003830315103
54314	0.008294340064
54315	0.008409703703
54316	0.002251689184
54317	0.01017188018
54318	0.006084142464
54319	0.01499706322
54320	0.000507186939
54321	0.005004763041
54322	0.00835562702
54323	0.01797515992
54324	0.0002349533865
54325	0.0005004371993
54326	0.003479665951
54327	0.002190357326
54328	0.001672998401
54329	0.0001703868172
54330	0.006451739819
54331	0.0126768421
54332	0.0005447741677
54333	0.01191207633
54334	0.004969084808
54335	0.0001527202083
54336	0.002146405923
54337	0.004284768444
54338	0.01387039634
54339	0.005133706484
54340	0.003350878069
54341	0.003288087802
54342	0.00266488003
54343	0.01248781331
54344	0.003739895687
54345	0.0002663152341
54346	0.00785962587
54347	0.006165020433
54348	0.02231357126
54349	0.0227467519
54350	0.003103777211
54351	0.00144896017
54352	0.009534789569
54353	0.007921151105
54354	0.007795713648
54355	0.0007039074781
54356	0.002209535516
54357	0.0008400902781
54358	0.002462309157
54359	0.0005090001153
54360	0.001785657815
54361	0.005041777116
54362	0.0006021210835
54363	0.0005420964334
54364	0.002481302287
54365	0.0007142258167
54366	0.007517483037
54367	0.001718828598
54368	0.0003550847737
54369	0.004540408677
54370	0.004544208454
54371	0.00626058941
54372	0.004545653581
54373	0.007238447331
54374	0.001905804425
54375	0.01322542684
54376	0.002664184218
54377	0.0346206165
54378	0.005424646523
54379	0.01785268431
54380	0.009868669823
54381	0.005197212
54382	0.01220037659
54383	0.006396336503
54384	0.003636311669
54385	0.003283674469
54386	0.002351195474
54387	0.001228963273
54388	0.001160915464
54389	0.01586997051
54390	0.01409213846
54391	0.01134654853
54392	0.006148348426
54393	0.02087973349
54394	0.01033316206
54395	0.002407187984
54396	0.002182826917
54397	0.002102375517
54398	0.00299363535
54399	0.00248881538
54400	0.01019402676
54401	0.0002907198611
54402	0.009061097959
54403	0.003794643027
54404	0.007483612286
54405	0.0181525508
54406	0.002979123443
54407	0.002375148537
54408	0.005531421943
54409	0.0001967448701
54410	0.008700147343
54411	0.01564486942
54412	0.004535619725
54413	0.008513354341
54414	0.002923983808
54415	0.001249153018
54416	0.001521497583
54417	0.003564443317
54418	0.01319202745
54419	0.008965843608
54420	0.007927553184
54421	0.006152176958
54422	0.01188893981
54423	0.001861149201
54424	0.002853772897
54425	0.006513397914
54426	0.004782510814
54427	0.00269573416
54428	0.004495047526
54429	0.01004348443
54430	0.001921574735
54431	0.008515881848
54432	0.001166013746
54433	0.00395328303
54434	0.002182648755
54435	0.01182728535
54436	0.01713927834
54437	0.004413336991
54438	0.0002435872725
54439	0.01068445107
54440	0.003268399922
54441	0.001237458452
54442	0.0002394115441
54443	0.01745637788
54444	0.004937157743
54445	0.01742120905
54446	9.435716999e-05
54447	0.001747620663
54448	0.005225640645
54449	0.004544513265
54450	0.0009307086447
54451	0.001661740132
54452	0.005269442366
54453	0.001369902025
54454	0.01110582133
54455	0.007761653511
54456	0.001492315699
54457	8.898024105e-05
54458	0.008152349982
54459	0.008203383966
54460	0.01150286288
54461	0.008097449643
54462	0.01059401744
54463	0.001400758171
54464	0.005047532766
54465	0.003271803016
54466	0.008070230423
54467	0.00108438741
54468	0.003823421603
54469	0.0001044144432
54470	0.0005391922655
54471	0.0004743167856
54472	0.006404645507
54473	0.003750160992
54474	0.006962765131
54475	0.01217895934
54476	0.001097893858
54477	0.002496036944
54478	0.003565103864
54479	0.009021543945
54480	0.001180807932
54481	0.002151776438
54482	0.001062620097
54483	0.0004992591133
54484	0.000569377984
54485	0.00358024358
54486	0.001429571071
54487	0.01649615786
54488	0.009437629081
54489	0.00406566202
54490	0.008823380298
54491	0.000396984055
54492	7.896877599e-05
54493	0.0003713079634
54494	0.004489351569
54495	0.006983248803
54496	0.007108209894
54497	0.000931338655
54498	0.005305303698
54499	0.005460145483
54500	0.00799914382
54501	0.003191599268
54502	0.0006989371149
54503	0.003620185487
54504	0.000208794364
54505	0.008193834523
54506	0.00800637178
54507	0.01223245948
54508	0.0003599606885
54509	0.007035797354
54510	0.0002133365303
54511	0.0004581705779
54512	0.004112625831
54513	0.003346196854
54514	0.0007773852023
54515	0.001130731286
54516	0.004693436216
54517	0.005989453595
54518	0.0007827830509
54519	0.001410699684
54520	0.0002415108023
54521	0.002872264231
54522	0.01211770405
54523	0.0009426533983
54524	0.00423998055
54525	0.0003172973578
54526	0.003038992168
54527	0.001517885142
54528	0.001397867643
54529	0.004282797186
54530	0.004332757086
54531	0.01438193192
54532	0.007949421131
54533	0.004341119959
54534	0.001937433546
54535	0
54536	0.005592299089
54537	0.001245357471
54538	0.005870038679
54539	5.570492277e-05
54540	0.001461808054
54541	0.003096421469
54542	0.003154822802
54543	0.001995529046
54544	0.009389729253
54545	0.0007784231981
54546	0.01129899288
54547	0.004070666348
54548	0.006103778379
54549	0.001791164704
54550	0.003386140557
54551	0.01366503218
54552	0.003041380064
54553	0.0007152057257
54554	0.0008597174869
54555	0.00201762079
54556	0.01442886212
54557	0.003715245274
54558	0.0003907324691
54559	0.01739283068
54560	0.01450194186
54561	0.0002360032329
54562	0.00584872992
54563	0.007513601314
54564	0.0106987231
54565	0.0007643593282
54566	0.0009773232846
54567	0.00394144282
54568	0.001068084095
54569	0.0001174314862
54570	0.004976709412
54571	0.003818632764
54572	0.01023671439
54573	0.006178775274
54574	0.03073539928
54575	0.006086572786
54576	0.00324766553
54577	0.005833217146
54578	0.005682777561
54579	0.01531167806
54580	0.006576933431
54581	0.0006425470916
54582	0.003211187465
54583	0.00271930182
54584	0.0001567208316
54585	0.0006241683449
54586	0.00824333187
54587	0.003914574485
54588	0.001278847506
54589	0.007447823118
54590	0.0008052914749
54591	0.01029383364
54592	0.001349967242
54593	0.004017466036
54594	0.001318646702
54595	0.002051728617
54596	0.001359693532
54597	0.006361048481
54598	0.007921447161
54599	0.01842965949
54600	0.001251368148
54601	0.005540838939
54602	0.003304722626
54603	0.005678407415
54604	0.004633294762
54605	0.007218309583
54606	0.01149814674
54607	0.005735852221
54608	0.002147375057
54609	0.005296291785
54610	0.0124884097
54611	0.006740638678
54612	0.007799133048
54613	0.001969471684
54614	0.000213816997
54615	0.007852653043
54616	0.002583853015
54617	0.002979458313
54618	0.006063248934
54619	0.0008882548488
54620	0.00213486602
54621	0.0005137341917
54622	0.00647375221
54623	0.006132045113
54624	0.001645334827
54625	0.01399476428
54626	0.001295368768
54627	0.005620691375
54628	0.0006814845413
54629	0.01086967195
54630	0.005513841046
54631	0.007078901424
54632	0.007229846453
54633	0.003524078142
54634	0.01064610299
54635	0.003436081491
54636	0.0003386364655
54637	0.002882195247
54638	0.0040653303
54639	0.01360004562
54640	0.0035323592
54641	0.01774109636
54642	0.001058771766
54643	0.0186462832
54644	0.003917671407
54645	0.004399148815
54646	0.00450088965
54647	0.001122575259
54648	0.001391944306
54649	0.009142349242
54650	0.001626820607
54651	0.003079647665
54652	0.004882790749
54653	0.0001370817511
54654	0.008602624678
54655	0.006215233269
54656	0.009319565326
54657	0.0006786176254
54658	0.008851207727
54659	2.212279333e-05
54660	0.004802049312
54661	0.001869884381
54662	0.009018587859
54663	0.01806852655
54664	0.003211689334
54665	0.003764446989
54666	0.000543414657
54667	0.006789108936
54668	0.002362075827
54669	0.003942613229
54670	0.004845990578
54671	0.009469562583
54672	0.002382268657
54673	0.009254738924
54674	0.009057468829
54675	0.01005323783
54676	0.007251460208
54677	0.01000494731
54678	0.0004714500164
54679	0.01421178577
54680	0.007960206009
54681	0.01290591524
54682	0.004405384525
54683	0.006084755426
54684	6.991294555e-05
54685	0.005481265486
54686	0.01105877205
54687	0.002049308091
54688	0.007660668233
54689	0.01540300323
54690	0.01056665249
54691	0.01340516079
54692	3.19700832e-05
54693	0.00122413041
54694	0.009340902111
54695	0.002803563138
54696	0.01321689269
54697	0.01596048713
54698	0.00151614501
54699	0.001279656233
54700	0.02014754013
54701	0.001581875617
54702	0.005228826644
54703	0.0002259057017
54704	9.569211066e-05
54705	0.004044732161
54706	0.004728321103
54707	6.503213663e-05
54708	0.0009357276842
54709	0.01497141239
54710	0.003363749538
54711	0.003601185364
54712	0.004813574824
54713	0.002506149225
54714	0.0002917107326
54715	0.01690365783
54716	0.0001164327995
54717	0.003601426773
54718	0.0057592512
54719	0.004477599511
54720	0.00905929191
54721	0.0004703352203
54722	0.0001634320509
54723	0.005982893461
54724	0.003573912695
54725	0.0009575266969
54726	0.0001534567606
54727	0.001780494367
54728	0.001834487991
54729	0.007700315599
54730	0.0006617461361
54731	0.002258811907
54732	0.001605409315
54733	0.003328067342
54734	0.02227906871
54735	0.01954928718
54736	0.002694311668
54737	0.00906676935
54738	0.01942787514
54739	0.001512088079
54740	0.001367954785
54741	0.001760621835
54742	0.01060385856
54743	0.005781463793
54744	0.0001811671737
54745	0.00214512077
54746	0.0034921997
54747	0.001479448707
54748	0.004177012627
54749	0.001686285311
54750	0.006409150492
54751	0.0008992818821
54752	0.002131265288
54753	0.001002710516
54754	0.006218435482
54755	0.0005166578301
54756	0.001082186837
54757	0.001232355581
54758	0.0009851034453
54759	0.0004239893151
54760	0.01300774648
54761	0.001193201371
54762	0.007351997011
54763	0.007182675346
54764	0.00908862141
54765	0.01659886218
54766	0.003076862987
54767	0.005758498245
54768	0.003372432708
54769	0.01034833337
54770	0.003595155503
54771	0.001111576371
54772	0.00840945501
54773	0.01008110018
54774	0.0007540940064
54775	0.0008032039089
54776	0.003213177166
54777	0.001476713172
54778	0.0007454516395
54779	0.001353894517
54780	0.005099341914
54781	0.002930471127
54782	0.008602618088
54783	0.002264555466
54784	0.00350149232
54785	0.0009922997947
54786	7.281086442e-05
54787	0.002077857681
54788	6.368528827e-06
54789	0.006334815553
54790	0.0009768060992
54791	0.006752925005
54792	0.0006750330787
54793	0.004964716921
54794	0.008433006183
54795	0.004105815006
54796	0.00477301601
54797	0.0009788747408
54798	0.0001642737767
54799	0.002904700267
54800	0.01322047421
54801	0.0006783013367
54802	0.0003817581435
54803	0.01561047831
54804	0.001997284579
54805	0.01315608481
54806	0.012222807
54807	0.01768999224
54808	0.01939557375
54809	0.007156725014
54810	0.006874769676
54811	0.01455324775
54812	0.01203252849
54813	0.0007139861534
54814	0.01558393184
54815	0.01581060097
54816	0.00196965512
54817	0.003357569897
54818	0.00018411794
54819	0.006265128761
54820	0.0004152588341
54821	0.001316391536
54822	0.02326960219
54823	0.00162378616
54824	0.01016764229
54825	0.01022754665
54826	0.01768621244
54827	0.01455830384
54828	0.0006352767891
54829	0.003859434862
54830	0.005413909083
54831	0.02104047428
54832	0.02066158727
54833	0.01387439628
54834	0.004399062481
54835	0.002054364492
54836	0.001716289994
54837	0.01630605556
54838	0.001889119734
54839	0.005263236597
54840	0.01616266756
54841	0.007594879014
54842	0.005746590977
54843	0.006764482221
54844	0.01348207618
54845	0.01647254739
54846	0.01148033495
54847	0.005823375734
54848	0.002853599761
54849	0.001697811574
54850	0.005716613721
54851	0.01578821978
54852	0.0009513167423
54853	0.01102243678
54854	0.01140899428
54855	0.000934715928
54856	0.003821913773
54857	0.003666913873
54858	0.0008974947389
54859	0.0009526429466
54860	0.01359745748
54861	0.009125236955
54862	0.005111120078
54863	0.003371493874
54864	0.01363917011
54865	0.01322430599
54866	0.002429023553
54867	0.007075746017
54868	0.0006551652447
54869	0.0002772853359
54870	0.003722381453
54871	0.002266796832
54872	0.004892657182
54873	0.01615593531
54874	0.0316139715
54875	0.005257820939
54876	0.004565076772
54877	0.003950432901
54878	0.01390309222
54879	0.01144153653
54880	0.0007069289816
54881	0.002703544155
54882	0.008208946552
54883	0.005763998625
54884	0.009101056467
54885	0.01012814457
54886	0.00890417573
54887	0.01103256505
54888	0.009763897664
54889	0.005815136759
54890	0.01071737846
54891	0.00418455564
54892	0.005683867163
54893	0.002993796246
54894	0.006970732823
54895	0.002412707083
54896	0.003696583104
54897	0.005498600438
54898	0.002470151706
54899	0.00835607768
54900	0.000618270774
54901	0.001727744669
54902	0.002218521699
54903	0.00386759882
54904	0.004400213969
54905	0.001396598055
54906	0.002145724607
54907	0.005506621967
54908	0.009154961373
54909	0.01010141593
54910	0.008347522891
54911	0.001488983674
54912	0.005147111094
54913	0.01007988645
54914	0.009124428775
54915	0.00663573116
54916	0.004313654719
54917	0.005501280458
54918	0.008753557922
54919	0.002846178227
54920	0.01209420395
54921	0.01256524291
54922	0.007651538278
54923	0.002817938552
54924	0.00732795687
54925	0.003229011735
54926	0.0007156294239
54927	0.01103827679
54928	0.001357117951
54929	0.009315612495
54930	0.006085556308
54931	0.002055632194
54932	0.004642147555
54933	0.002369796646
54934	0.002120289614
54935	0.00199027009
54936	0.008122478048
54937	0.001352829443
54938	0.003102958689
54939	0.000502141999
54940	0.002663435553
54941	0.0002137356398
54942	0.002853539091
54943	0.0004836858027
54944	0.0165083346
54945	0.001026531774
54946	0.00613990433
54947	0.005339858721
54948	0.01354261374
54949	0.003466891243
54950	0.0009862385565
54951	0.007884011356
54952	0.002341496915
54953	0.01520826572
54954	0.01282947266
54955	0.0008458626174
54956	0.0007236353124
54957	0.0007460258123
54958	0.01480887919
54959	0.002131453107
54960	0.01286568847
54961	0.005181430144
54962	0.001221561221
54963	0.003284749389
54964	0.002892774251
54965	0.0004549932579
54966	0.003737225512
54967	0.009963961802
54968	0.002446340368
54969	0.01841503594
54970	0.00220216625
54971	0.01357997116
54972	0.003629597731
54973	0.00258828517
54974	0.008544362674
54975	0.004619786548
54976	0.009613550508
54977	0.0007660427998
54978	0.003263406697
54979	0.0008291402303
54980	0.004735741089
54981	0.01650050327
54982	0.008947516124
54983	0.006570853208
54984	0.0007793795294
54985	0.002797991835
54986	0.02031248876
54987	0.0007338675664
54988	0.002074176787
54989	0.0003146444187
54990	0.005148737727
54991	0.01089574599
54992	0.01027215348
54993	0.005054609258
54994	0.004204253899
54995	0.01233597705
54996	0.01490840071
54997	0.004966938296
54998	0.01168678474
54999	0.01147162624
55000	0.008504812699
55001	0.002195099946
55002	0.01296212496
55003	0.003821669222
55004	0.003279302501
55005	0.003477311577
55006	0.0005080909777
55007	0.003814174242
55008	0.002699558626
55009	0.008000814374
55010	0.004891485592
55011	0.001582279915
55012	0.003797116521
55013	0.003710433183
55014	0.0005642764511
55015	0.005669912094
55016	0.000341191126
55017	0.005663071809
55018	0.005042839572
55019	0.0001085438317
55020	0.01402104622
55021	0.007479423106
55022	0.01098630457
55023	0.008520598796
55024	0.001051994721
55025	0.003913267104
55026	0.0113848701
55027	0.01991936861
55028	0.003789508094
55029	0.006676881193
55030	0.0002070702179
55031	0.006449551799
55032	0.004157753742
55033	0.001757220256
55034	0.002373450285
55035	0.01145465151
55036	0.01096492306
55037	0.0008145289163
55038	0.000231735868
55039	0.00231421804
55040	0.0010345139
55041	0.002890542938
55042	0.004895755675
55043	0.007436991782
55044	0.0008462601283
55045	0.004879764528
55046	0.002241965618
55047	0.00203225653
55048	0.0005130973485
55049	0.01420874304
55050	0.00410737854
55051	0.002674066832
55052	0.01438846734
55053	0.005871977108
55054	0.0003488428603
55055	0.01473854272
55056	0.0001056423319
55057	0.004490483886
55058	0.0100748754
55059	0.0001307548712
55060	0.003624930899
55061	0.002211978034
55062	0.01093752885
55063	0.002230946702
55064	0.009320604548
55065	0.02023168692
55066	0.006892728641
55067	0.005079000279
55068	0.004855275557
55069	0.001771749043
55070	0.0003238561052
55071	0.006385586905
55072	0.0008282512337
55073	0.001166554377
55074	0.01471890798
55075	0.003134513437
55076	0.001265539605
55077	0.002784673561
55078	0.0002589157992
55079	0.007528836116
55080	0.007331486391
55081	0.001496547321
55082	0.01876583676
55083	0.01851122651
55084	0.008594626689
55085	0.008121406419
55086	0.00122658575
55087	0.003810183941
55088	0.0006633562277
55089	0.02815895608
55090	0.01904947627
55091	0.01395187383
55092	0.0005258767005
55093	0.000128505822
55094	0.0003285644821
55095	0.0002573729149
55096	0.007487066021
55097	0.0002077140259
55098	0.002183934402
55099	0.001568509636
55100	0.002391830553
55101	0.001281607924
55102	0.001813214843
55103	0.003620038856
55104	0.003367128387
55105	0.0074596769
55106	0.00181166291
55107	0.002600970995
55108	0.001967405322
55109	0.001583777502
55110	0.008665305919
55111	0.01318901009
55112	0.01079017031
55113	0.001172991646
55114	0.001131084429
55115	0.001055395332
55116	0.002013844485
55117	0.002042919708
55118	0.005345326827
55119	0.001938190014
55120	0.02137121585
55121	0.0008993989675
55122	0.01906528741
55123	0.01007048407
55124	0.001120403328
55125	0.01652299688
55126	0.01353582972
55127	0.0001831701884
55128	0.001143268762
55129	0.01157485376
55130	0.003049368704
55131	0.02731301461
55132	0.009199336771
55133	0.00680172903
55134	0.00029300435
55135	0.0003192726232
55136	0.0001499484678
55137	0.01049716881
55138	0.01116569879
55139	0.005396827618
55140	0.01671247659
55141	0.006921035665
55142	0.00190570083
55143	0.008323158805
55144	0.003054659177
55145	0.003232216288
55146	0.001836832444
55147	0.004950666422
55148	0.01513457381
55149	0.01046366502
55150	0.0007276232625
55151	0.000202473856
55152	0.03290899663
55153	0.0005084993228
55154	0.004413112948
55155	0.01127535854
55156	8.513619986e-05
55157	0.002103691639
55158	0.0003635885584
55159	0.001790999082
55160	0.001370416978
55161	0.0005843680312
55162	0.009417026894
55163	0.004219552063
55164	0.00817257114
55165	0.005603494822
55166	0.0004249464022
55167	0
55168	0.004960626646
55169	0.004000505939
55170	0.003133656754
55171	0.005160077698
55172	0.0001040733218
55173	0.001983528958
55174	0.004768456681
55175	0.005647456054
55176	0.004706071212
55177	0.0007998783405
55178	0.00501337697
55179	0.004942257073
55180	0.00277880994
55181	0.01006358953
55182	0.01371287554
55183	0.01092770103
55184	0.0002266391332
55185	0.009730036101
55186	0.01116685454
55187	0.01651513319
55188	0.00583909418
55189	0.01885140076
55190	0.01484809055
55191	0.0006908542017
55192	0.0007192161422
55193	0.006823130202
55194	0.003063801156
55195	0.00369058289
55196	0.001044557065
55197	0.008615550303
55198	0.001788611842
55199	0.01526955709
55200	0.000386423386
55201	0.001657497691
55202	0.0007706262701
55203	0.006211986458
55204	0.01093094767
55205	0.003464285533
55206	0.0004882362199
55207	0.003930017473
55208	0.0003079874869
55209	0.006930184782
55210	0.006335880349
55211	0.005855141813
55212	0.004836441928
55213	0.005361409971
55214	0.0002129982406
55215	0.004896012137
55216	0.02425354574
55217	0.01060377522
55218	0.00112071134
55219	0.0003679191391
55220	2.23826784e-05
55221	0.004841063371
55222	0.00749411357
55223	0.001920175922
55224	0.0132005766
55225	0.003410956086
55226	0.01727842425
55227	0.006878793092
55228	0.008029805848
55229	0.01174371845
55230	0.002159635723
55231	0.003937871677
55232	0.0003554502437
55233	0.01871671811
55234	0.005152568415
55235	0.007620999826
55236	0.000747025049
55237	0.004092519807
55238	0.002110101022
55239	0.007488053509
55240	0.003048663867
55241	0.002519789488
55242	0.003495630765
55243	0.005239139542
55244	0.01261297608
55245	0.003045511204
55246	0.000736618499
55247	7.569459016e-05
55248	0.0001076543027
55249	0.0002950044427
55250	0.001319877651
55251	0.0004926407591
55252	0.003208626831
55253	0.003162876213
55254	0.002816782564
55255	0.006242640694
55256	0.01071619443
55257	0.003386733098
55258	0.003374172956
55259	0.01635360329
55260	0.01242510546
55261	0.005151520318
55262	4.317221933e-05
55263	0.01140252579
55264	0.001829856701
55265	0.01809905713
55266	0.006622439559
55267	0.007003443117
55268	0.0105864634
55269	0.006549908245
55270	0.006111538774
55271	0.003529511165
55272	0.0005870479978
55273	0.002320702512
55274	0.003264103786
55275	0.007262352725
55276	0.001167358989
55277	0.0006673447393
55278	0.0002629833197
55279	0.008659955504
55280	0.0006286802318
55281	0.005469217227
55282	0.0050264756
55283	0.00394728036
55284	0.007236589638
55285	0.00373329752
55286	0.006832059873
55287	0.001941833864
55288	0.004970999303
55289	0.003204702401
55290	0.002639378133
55291	0.002053603627
55292	0.0003303014246
55293	0.00880136692
55294	0.002507315244
55295	0.009272322429
55296	0.005272876598
55297	0.004088574112
55298	0.003230313533
55299	0.01633945563
55300	0.0003117331942
55301	0.003693883356
55302	0.0004020271584
55303	0.006771071806
55304	0.007090193923
55305	0.004514741576
55306	0.004687005767
55307	0.003187182045
55308	0.01773866687
55309	0.004461681071
55310	0.0002449444046
55311	0.0001699970311
55312	0.01657306885
55313	0.004230130947
55314	0.002764329122
55315	0.004842396885
55316	0.004080754199
55317	0.007093896904
55318	0.00173189486
55319	0.0021604163
55320	0.006108843066
55321	0.003477174595
55322	0.006598237359
55323	0.001685244837
55324	0.004786148478
55325	0.02832552227
55326	0.001741573767
55327	0.01108704684
55328	0.001081918687
55329	0.0009294467637
55330	0.0119677016
55331	0.006350487631
55332	0.01083042589
55333	0.004966422449
55334	0.008996894471
55335	0.002821503485
55336	0.002455983935
55337	0.005614263852
55338	0.002844117819
55339	0.008456260403
55340	0.01208680306
55341	0.00175150344
55342	0.00144954939
55343	0.002426150063
55344	0.01409820639
55345	0.006775455331
55346	0.01325300946
55347	0.02150210336
55348	0.004997079617
55349	0.01582702555
55350	0.001511984415
55351	0.006908902878
55352	0.001751037105
55353	0.007801508618
55354	0.002906697562
55355	0.001926414971
55356	0.001700496195
55357	0.002414061167
55358	0.005911791794
55359	0.0002543211282
55360	0.004125644283
55361	0.00485764554
55362	0.009477215446
55363	0.00526016853
55364	0.01578127201
55365	0.003082860855
55366	0.002782348896
55367	0.008662102495
55368	0.0009391582461
55369	0.004621964554
55370	0.006203289426
55371	0.002533860306
55372	0.007960215591
55373	0.001540939156
55374	0.005925678042
55375	0.007665580654
55376	0.00267898484
55377	0.01523850149
55378	0.005580138305
55379	0.001612352581
55380	0.01767285363
55381	0.0139671027
55382	0.002661169623
55383	0.01385463913
55384	0.0009560863415
55385	0.0017744463
55386	0.0100616181
55387	0.009312962864
55388	0.004169021889
55389	0.009502058801
55390	0.004390115107
55391	0.0142969671
55392	0.0003495790238
55393	4.019806361e-06
55394	0.002806557114
55395	0.004176828979
55396	0.01157906734
55397	0.02309164525
55398	0.005174984527
55399	0.00726481776
55400	0.006215503685
55401	0.005656473954
55402	0.00961734415
55403	0.001018997509
55404	0.0008039336537
55405	0.01578782706
55406	0.0001821654246
55407	0.01770638879
55408	0.002345981453
55409	0.00937009902
55410	0.0003959964301
55411	0.007534125094
55412	0.01525061056
55413	0.003188185031
55414	0.005330147649
55415	0.0006895268942
55416	0.006243236381
55417	0.001625303728
55418	0.00227124619
55419	0.007686561065
55420	0.001288887956
55421	0.001002317957
55422	0.01101962351
55423	0.002208265019
55424	0.002453992705
55425	0.005517471336
55426	0.02257147902
55427	5.733244896e-05
55428	0.01228986364
55429	0.007826891177
55430	0.009392371856
55431	0.008617243757
55432	0.0004408963786
55433	0.01258874136
55434	0.0208137006
55435	0.006619504459
55436	0.0007648214185
55437	0.0004656852062
55438	0.001412697309
55439	0.0001338981174
55440	0.0006673807819
55441	0.006526299866
55442	0.0004132103721
55443	0.002792933029
55444	0.01100129401
55445	0.001314058676
55446	0.008667882484
55447	9.759132854e-05
55448	0.0008694022296
55449	0.01544170771
55450	0.001642102191
55451	0.004646497944
55452	0.003076895959
55453	0.002830672347
55454	0.007572380013
55455	0.006160742425
55456	0.00238087288
55457	0.008943977572
55458	0.004618428504
55459	0.002769140308
55460	0.0100107541
55461	0.002661571317
55462	0.0004702633363
55463	0.001387548565
55464	0.0008207360489
55465	0.006919006435
55466	0.01958022783
55467	0.003107180809
55468	5.82182614e-05
55469	0.0071662804
55470	0.007657966593
55471	0.003993172443
55472	0.01250175053
55473	0.005554722213
55474	0.0004794552258
55475	0.001685624727
55476	0.003559269782
55477	0.000194918519
55478	0.001692932496
55479	0.00639677065
55480	0.006558898757
55481	0.002300713409
55482	0.0004632647524
55483	0.006327109229
55484	0.01452239571
55485	0.01270983084
55486	0.004205825123
55487	0.01491399306
55488	0.008488047894
55489	0.003479961608
55490	0.0001144947037
55491	0.005800958029
55492	0.002661064042
55493	0.00759285396
55494	0.003594891936
55495	0.001288085837
55496	0.002326891943
55497	0.0005883852967
55498	0.01087170393
55499	0.00103332444
55500	0.002002581225
55501	0.00765093965
55502	0.001178876205
55503	0.004527115275
55504	0.002686559914
55505	0.008327346727
55506	0.002015502367
55507	0.005492477588
55508	7.403927766e-05
55509	0.002244452502
55510	0.009918752874
55511	0.006253589404
55512	0.0003083782427
55513	0.0009711334654
55514	0.009131554584
55515	0.005101340378
55516	0.0004296189439
55517	0.005096783356
55518	0.004933889532
55519	0.00634073274
55520	0.0001871825175
55521	0.001991644575
55522	0.003518182129
55523	0.007728315584
55524	0.002015189931
55525	0.004789746286
55526	0.002282462905
55527	6.571914339e-06
55528	0.003659404802
55529	0.01472909467
55530	0.001098536815
55531	0.008065135623
55532	0.01318749787
55533	0.002359468464
55534	0.001861110115
55535	9.148794235e-05
55536	6.393895925e-05
55537	0.0007253367283
55538	0.002218158152
55539	0.01014228248
55540	0.002853592106
55541	0.001818713229
55542	0.008030038052
55543	0.003517084732
55544	0.001482257749
55545	0.01991610271
55546	0
55547	0.003036940414
55548	0.0004988481512
55549	0.003793137741
55550	0.002561961072
55551	0.0001907185062
55552	0.003202274956
55553	0.001073790456
55554	0.0003613871886
55555	0.002052124847
55556	0.002390296006
55557	0.01366505598
55558	0.001351754163
55559	0.005758666603
55560	0.01801019519
55561	0.001712240267
55562	0.003357450333
55563	0.0004958741925
55564	0.006388639121
55565	0.0008797815039
55566	0.002927680787
55567	0.005103618657
55568	0.002361884695
55569	0.0159872787
55570	0.0001399351365
55571	0.0003626631231
55572	0.003625318525
55573	0.01816558142
55574	0.003530119738
55575	0.00199404632
55576	0.001206398514
55577	0.001873562841
55578	0.0204582872
55579	0.006719200632
55580	0.0002707153779
55581	0.01058176664
55582	0.006871980378
55583	0.006694927079
55584	0.003784235278
55585	0.007547313533
55586	0.004694336489
55587	0.00198470572
55588	0.01673005821
55589	0.02484218381
55590	0.001219578928
55591	0.002983071002
55592	0.01549650362
55593	0.003712256675
55594	0.01109517349
55595	0.002646389181
55596	0.003734363232
55597	0.001753501102
55598	0.0007870668749
55599	0.0008167239431
55600	0.008232414783
55601	0.003755572498
55602	0.003134546705
55603	0.00895588904
55604	0.00233512761
55605	0.007800398297
55606	0.000947462961
55607	0.008716272824
55608	0.002666303106
55609	0.002304875358
55610	0.015770591
55611	0.0005225050193
55612	0.003490041358
55613	0.00271400148
55614	0.007291832787
55615	0.009201241522
55616	0.01724920493
55617	0.0008095189884
55618	0.0006760410042
55619	0.00107374121
55620	0.0003950646288
55621	0.003676514097
55622	0.004199537087
55623	0.002525611952
55624	0.0001572108987
55625	0.002181901288
55626	0.007277864569
55627	0.002225278479
55628	0.0009294370284
55629	0.01390265147
55630	0.003101591363
55631	0.006524635035
55632	0.003243999476
55633	0.004960893609
55634	0.003670464097
55635	0.01306716308
55636	0.009524875701
55637	7.063030075e-05
55638	0.0004417743781
55639	0.009879833582
55640	0.01014392829
55641	0.001522436659
55642	0.01482335856
55643	0.02182621734
55644	0.009416309399
55645	0.00387692534
55646	0.01508119015
55647	0.0001935238931
55648	0.0009432614748
55649	0.01031437421
55650	0.005369344623
55651	0.001940768188
55652	0.001001168778
55653	0.0004717489853
55654	0.0004181694318
55655	0.001516888332
55656	0.000921855843
55657	0.007291384666
55658	5.941121822e-08
55659	0.01077825959
55660	0.0100913632
55661	0.002075785729
55662	0.01094928909
55663	0.003940173193
55664	0.00297942439
55665	0.0002601510428
55666	0.0005163213359
55667	8.424982014e-05
55668	0.004910405281
55669	0.004218201038
55670	0.001924666155
55671	0.005857494892
55672	0.008816323501
55673	0.004497716284
55674	0.004379529028
55675	0.00260586391
55676	0.0005759156951
55677	0.007180187542
55678	0.0006535959141
55679	0.005304832878
55680	0.008290802459
55681	0.002261855842
55682	0.00369752095
55683	0.008051320016
55684	0.003410419067
55685	0.002221892952
55686	0.01269404368
55687	0.008036018227
55688	0.001135420109
55689	0.0054093878
55690	0.002062112292
55691	0.01378100211
55692	0.001184421495
55693	0.004762118931
55694	0.0005179474583
55695	0.012968815
55696	0.01073463802
55697	0.007941647828
55698	0.008430741929
55699	0.008762907721
55700	0.01355989417
55701	0.001544449765
55702	0.004087132507
55703	0.005966839947
55704	0.009659412657
55705	0.003937830844
55706	0.007568869937
55707	0.00705096017
55708	0.01735943898
55709	0.01235901365
55710	0.007860307457
55711	0.006642079077
55712	0.006455701511
55713	0.002913676688
55714	0.00227275147
55715	5.810682188e-05
55716	0.007533871668
55717	0.011782309
55718	0.008721806804
55719	0.001802788362
55720	0.02153437127
55721	0.02193528932
55722	0.008604799021
55723	0.001286647305
55724	0.03614655375
55725	0.002323219333
55726	0.005599157866
55727	0.003660420025
55728	0.006825838305
55729	0.0009870021647
55730	0.009289449837
55731	0.01657336131
55732	0.0107492038
55733	0.006518412794
55734	0.01386045373
55735	0.02948944099
55736	0.003949391009
55737	0.0125330373
55738	0.009430509914
55739	0.008261331352
55740	0.006501695716
55741	0.01900641037
55742	0.004236503713
55743	0.0311632021
55744	0.0003910534175
55745	0.003553157705
55746	6.537054507e-05
55747	0.007866284429
55748	0.01162786206
55749	0.002723011276
55750	0.009498963725
55751	0.005825181586
55752	0.005036344718
55753	0.004777002258
55754	0.00900233646
55755	0.007071852408
55756	0.00252633021
55757	0.004265006126
55758	0.001517179084
55759	0.006954085518
55760	0.007974006414
55761	0.01023401592
55762	0.01888973911
55763	0.001990359709
55764	0.02466259567
55765	0.003623298327
55766	2.530345552e-06
55767	0.01293049
55768	0.002173671909
55769	0.0002746682793
55770	0.006923026341
55771	0.003464210793
55772	0.004503678452
55773	0.002037823016
55774	0.004493044915
55775	0.01344085697
55776	0.0001112925116
55777	0.005584022406
55778	0.005907641659
55779	0.007761016063
55780	0.01449779695
55781	0.003495555964
55782	0.01614131545
55783	0.003062816855
55784	0.001684303093
55785	0.007290450491
55786	0.003070395053
55787	0.01597810594
55788	0.007487676638
55789	0.00353998019
55790	0.0025531913
55791	0.008413376352
55792	0.005941994808
55793	0.003026321449
55794	0.009347005637
55795	0.002659976887
55796	0.0005612939321
55797	0.0004839163358
55798	0.006709955482
55799	0.007637785036
55800	0.0004991298609
55801	0.004103509153
55802	0.006846845802
55803	0.02201415012
55804	0.001286280264
55805	0.01437097756
55806	0.01344670916
55807	0.0007365721145
55808	0.0007241025816
55809	0.002450595325
55810	0.01115229134
55811	0.01237294297
55812	0.001098009093
55813	0.005399221562
55814	0.006477907361
55815	0.002232925755
55816	0.004306746092
55817	0.002770631676
55818	0.003782724733
55819	0.009432342445
55820	7.400065654e-05
55821	0.0001938165247
55822	0.01013241232
55823	0.01464743227
55824	0.002152388747
55825	0.001640951618
55826	0.000718720364
55827	0.001290415385
55828	0.004228573844
55829	0.003031426855
55830	0.007675458759
55831	0.00232871545
55832	0.0009830812568
55833	0.004726130775
55834	0.0009439612855
55835	0.003093180518
55836	0.02159054609
55837	0.0007115994097
55838	0.009192413758
55839	0.009237310685
55840	0.005302263441
55841	0.00168002278
55842	0.00772266229
55843	0.002791233191
55844	0.007651914298
55845	0.009622517005
55846	0.00305597452
55847	0.006170307208
55848	4.825371428e-05
55849	0.008799771837
55850	0.00965086037
55851	0.009931134176
55852	0.01960972712
55853	0.002524612789
55854	0.0001331466571
55855	0.01329528977
55856	0.001103791951
55857	0.007164820237
55858	0.0004278356882
55859	0.0138094814
55860	0.001182123933
55861	0.006561916376
55862	0.002317478168
55863	0.005579675042
55864	0.009087507112
55865	0.004352507863
55866	0.0008222951148
55867	0.005237570017
55868	0.00137994892
55869	0.001491987153
55870	0.0006428876333
55871	0.0006021254242
55872	0.002115644622
55873	0.001250363576
55874	0.00802115587
55875	0.0006714820575
55876	0.008132956092
55877	0.004023598487
55878	0.001178279011
55879	0.0102865386
55880	0.001342112318
55881	0.002582745901
55882	0.002893761478
55883	0.003770927054
55884	0.003697903783
55885	0.01104249479
55886	0.008900955078
55887	0.0007320205494
55888	0.01002771868
55889	0.006148078035
55890	0.02007522081
55891	0.01503055529
55892	0.02891831403
55893	0.01274142699
55894	0.009063121571
55895	0.01553347946
55896	0.02349162204
55897	0.007977962232
55898	0.005605757925
55899	0.006813615542
55900	0.004522753732
55901	0.009417646341
55902	0.01100107505
55903	0.003122290894
55904	0.001433046276
55905	0.002378097968
55906	0.0098878275
55907	0.01767716801
55908	0.01314904897
55909	0.001079559805
55910	0.003569599688
55911	0.01587094016
55912	0.001568250691
55913	0.005389482029
55914	0.005026577205
55915	0.01586986679
55916	0.0006436248084
55917	0.00252310456
55918	0.002371694849
55919	0.00573011763
55920	0.0006863902998
55921	0.0056740277
55922	0.002020753501
55923	0.01308162545
55924	9.30653867e-05
55925	0.009008636379
55926	0.01125079592
55927	0.008184879721
55928	0.01710045979
55929	0.004088312748
55930	0.006357082395
55931	0.01573971849
55932	0.002663528749
55933	0.002567228093
55934	0.003887074095
55935	0.01282297904
55936	0.006069489222
55937	0.0009310315503
55938	0.01113449884
55939	0.004078807638
55940	0.002864940461
55941	0.005042742005
55942	0.006298424801
55943	0.0001544621513
55944	0.004473542735
55945	0.002313343392
55946	0.001855457663
55947	0.007094947015
55948	0.02181046462
55949	0.0005869113248
55950	0.00637960895
55951	0.003866379074
55952	0.01377923449
55953	0.006761885731
55954	0.02072748407
55955	0.006673058222
55956	0.002382956509
55957	0.02110693507
55958	0.0006872471391
55959	0.001988819313
55960	0.01161291009
55961	0.003648726262
55962	0.003185618348
55963	0.003858687135
55964	0.0007377616672
55965	0.01802831128
55966	0.006595161818
55967	0.01040625528
55968	0.00639628779
55969	0.02487807567
55970	0.003222990977
55971	0.01026921206
55972	0.001578638817
55973	0.002840805597
55974	0.005887898023
55975	0.007300111062
55976	0.002190119416
55977	0.01015639248
55978	0.000729891031
55979	0.002485074197
55980	0.009464302215
55981	0.003420333465
55982	0.009097482725
55983	0.01316444077
55984	0.02715233955
55985	0.001345845794
55986	0.004559043465
55987	0.0004005273836
55988	0.001717799987
55989	0.0001187755069
55990	0.008018790227
55991	0.00749107915
55992	0.001722963422
55993	0.00115562073
55994	0.004908065839
55995	0.002863360596
55996	0.006267535619
55997	0.004591804786
55998	0.002316794731
55999	0.01131137083
56000	0.007451478628
56001	0.009478647951
56002	0.01599203726
56003	0.01084390437
56004	0.008334655135
56005	0.008787804106
56006	0.01054597901
56007	0.02036266695
56008	0.00143521502
56009	0.004634955942
56010	0.003250791464
56011	0.002222403019
56012	0.007063380926
56013	0.004523101249
56014	0.001801237116
56015	0.001227857115
56016	0
56017	1.120574118e-05
56018	3.029655374e-05
56019	0.001559171481
56020	0.01073503904
56021	0.002017674613
56022	0.008899366128
56023	0.001282484866
56024	0.01764858959
56025	0.00501816658
56026	0.007422588706
56027	0.008036144328
56028	0.004053924718
56029	0.0008420728006
56030	0.01297277935
56031	0.003952931403
56032	0.004684629572
56033	0.01139490321
56034	0.0005540761301
56035	0.0005258041571
56036	0.001843515938
56037	0.006676500497
56038	0.005945259887
56039	0.0102328404
56040	0.006757012817
56041	0.0009468242201
56042	0.005803340522
56043	0.02259379832
56044	0.005854854084
56045	0.009332082933
56046	0.004548231415
56047	0.003277197811
56048	0.001499987603
56049	0.004172916342
56050	0.009321561094
56051	0.01762116842
56052	0.01114407448
56053	0.0008418223849
56054	0.005994066515
56055	0.0004977578829
56056	0.008205866082
56057	0.005871050179
56058	0.01461076536
56059	0.0001846169437
56060	0.003184093031
56061	0.003491926848
56062	0.001378645824
56063	0.01047519835
56064	0.007744135654
56065	0.005071571552
56066	0.004534912455
56067	0.002092950286
56068	0.008762433241
56069	0.01301161328
56070	0.005972021948
56071	0.005794172303
56072	0.01239423592
56073	0.002809635
56074	0.004366063818
56075	0.004166466738
56076	0.01645295676
56077	0.01403196378
56078	0.0001055465096
56079	0.01271450735
56080	0.01075138624
56081	0.001685946942
56082	0.002194020687
56083	0.006937161358
56084	0.01730500904
56085	0.02318214088
56086	0.02364082244
56087	0.006192658982
56088	0.002591535115
56089	0.01112241637
56090	0.01018193221
56091	0.0003141629547
56092	0.0007512479905
56093	0.002175422507
56094	0.0257147274
56095	0.003932387233
56096	0.01210890872
56097	0.001977859351
56098	0.003693771847
56099	0.01293975545
56100	0.01057562619
56101	0.003137228507
56102	0.002663556689
56103	0.007088343759
56104	0.01553957826
56105	0.0008950241917
56106	0.007175755053
56107	0.001028701902
56108	0.01325542266
56109	0.005422884232
56110	0.008378641013
56111	0.01973963582
56112	0.01827927219
56113	0.001086695727
56114	0.01328845775
56115	0.002900780565
56116	0.01122995715
56117	0.00456842844
56118	0.0007911026742
56119	0.01356042229
56120	0.005076625979
56121	0.008951047916
56122	0.01362353605
56123	0.007348677683
56124	0.004644821991
56125	0.000808115974
56126	0.006001917295
56127	0.006901928965
56128	0.00591699311
56129	0.0093301275
56130	0.009858455673
56131	0.003562204469
56132	0.012139878
56133	0.004957381345
56134	0.00106741957
56135	0.02835432825
56136	0.01076202653
56137	0.001980750987
56138	0.0001902589002
56139	0.01923401433
56140	0.01410955967
56141	0.00875013946
56142	0.001721800519
56143	0.01905984377
56144	0.004116611869
56145	0.007001593044
56146	0.002000691381
56147	0.004269412556
56148	0.006965602699
56149	0.002563414386
56150	0.0004694332603
56151	0.0006265125363
56152	0.002463366108
56153	0.007157866197
56154	0.009313979732
56155	0.006129443652
56156	0.0004991952082
56157	0.00104886593
56158	0.009372172522
56159	0.003732543498
56160	0.001171563637
56161	0.002235982561
56162	0.005769878828
56163	0.001796190735
56164	0.003534335722
56165	0.009641993084
56166	0.003070983023
56167	0.009590664677
56168	0.004999656884
56169	0.01640946043
56170	0.006201245312
56171	0.003423365386
56172	0.002465269488
56173	4.716359289e-05
56174	0.01490891741
56175	0.005217494826
56176	0.008298394366
56177	0.00185247186
56178	0.002528610749
56179	0.003646144994
56180	0.002863885701
56181	0.0001623910888
56182	0.003195028079
56183	0.004844645878
56184	0.003126648628
56185	0.00940460847
56186	0.0007218801859
56187	0.005308851085
56188	0.007056091866
56189	0.003585865518
56190	0.0005387737536
56191	0.004322261294
56192	0.0006175411724
56193	0.006482185525
56194	0.001035484443
56195	0.01653934211
56196	0.002204294528
56197	0.009608852365
56198	0.00306853824
56199	0.0002654687475
56200	0.009419931479
56201	0.0009362457265
56202	0.005093316274
56203	0.005111411763
56204	0.02099326384
56205	0.01414623833
56206	0.0008408686149
56207	0.006434030581
56208	0.002598966683
56209	0.01246443799
56210	0.0005499126443
56211	0.001434448866
56212	0.001372348322
56213	2.516696821e-05
56214	0.005450761256
56215	0.0235558143
56216	0.006212476847
56217	0.01394892288
56218	6.3481721e-05
56219	0.006848946547
56220	0.005828903007
56221	0.002366820404
56222	0.01805237981
56223	0.009395845899
56224	0.007450138154
56225	0.0003710781852
56226	0.01043383744
56227	0.004941954358
56228	0.007777538761
56229	0.01432348306
56230	0.0156187945
56231	0.007110491232
56232	0.003815506282
56233	0.0002605289141
56234	0.0009494276411
56235	0.002839136266
56236	0.002902990204
56237	0.01172107389
56238	0.001446450681
56239	0.008738502457
56240	0.006509852272
56241	0.002879374418
56242	0.005540091824
56243	0.01351356026
56244	0.000517851637
56245	0.009278367362
56246	0.001371412432
56247	0.003510575422
56248	0.006288337794
56249	0.001210324569
56250	0.003248756297
56251	0.0008465665459
56252	0.007221207859
56253	0.002107754912
56254	0.003814707706
56255	0.000519294794
56256	0.006636467263
56257	0.000509585329
56258	0.0004853143553
56259	0.0008452367976
56260	2.950734142e-05
56261	0.008070869171
56262	0.01319626217
56263	0.0001352475536
56264	0.001280626863
56265	0.01880040692
56266	0.003983225301
56267	0.01200373171
56268	0.004992274475
56269	0.002911683533
56270	0.004671188835
56271	0.002687725947
56272	0.007175288612
56273	0.0008237214272
56274	0.007609494434
56275	0.002490911294
56276	0.0003429411902
56277	0.006069158718
56278	1.008830812e-05
56279	0.01102477671
56280	0.02280926868
56281	0.0002345407273
56282	0.01709418263
56283	0.005316539007
56284	0.0005984668712
56285	0.002071112723
56286	0.008448498716
56287	0.002567825901
56288	0.0006108352373
56289	0.003704389237
56290	0.0006183332671
56291	0.008967634508
56292	0.008642371867
56293	0.01121245214
56294	0.003292542099
56295	0.01000522083
56296	0.001020789656
56297	0.00273700094
56298	0.007668763372
56299	0.004712293527
56300	0.0100162232
56301	0.006497869075
56302	0.004077236681
56303	0.004278424753
56304	0.004530566873
56305	0.00251925867
56306	0.007570555662
56307	0.0005558017237
56308	0.0005611291724
56309	0.004666125687
56310	0.002119842939
56311	0.009528449211
56312	0.007293018262
56313	0.001593876151
56314	0.004039658611
56315	0.000749853779
56316	0.0007248979401
56317	0.006052110384
56318	0.01838599404
56319	0.002351865988
56320	0.00141967131
56321	0.001341647759
56322	0.002781124383
56323	0.01030915382
56324	0.004915503361
56325	0.008380675453
56326	0.009694724874
56327	0.005724703478
56328	0.002210810787
56329	0.009741198035
56330	0.02014667495
56331	0.003476005772
56332	0.003114447431
56333	0.0005751153241
56334	0.005554569736
56335	0.004412603783
56336	0.0007718814379
56337	0.005646414582
56338	0.015292848
56339	0.006045664461
56340	0.002290219777
56341	0.009329140173
56342	0.01424036649
56343	0.006045297761
56344	0.001185345198
56345	0.0014152734
56346	0.01061913392
56347	0.008444286183
56348	0.002470576117
56349	0.003448257285
56350	6.498478935e-05
56351	0.004649270365
56352	0.002821161872
56353	0.003139422391
56354	0.008710820235
56355	0.007332542809
56356	0.01433722389
56357	0.008329105993
56358	0.003803040257
56359	0.002832039643
56360	0.01269423655
56361	0.01034735775
56362	0.0009863005625
56363	0.003858848943
56364	0.003428907943
56365	0.00227919992
56366	0.01091512245
56367	0.01044083473
56368	0.004726299238
56369	0.006832725666
56370	0.00452611589
56371	0.002907610782
56372	0.005266769385
56373	0.006414389696
56374	0.003878987761
56375	0.01077798893
56376	0.001952305786
56377	0.01310793851
56378	0.007463604541
56379	0.01398558136
56380	0.0004533983541
56381	0.002595855071
56382	0.005579413835
56383	0.002833190592
56384	0.003728187808
56385	0.004092733633
56386	0.01260506904
56387	0.01727697858
56388	0.006940891202
56389	0.006920499646
56390	0.00182894655
56391	0.008419912344
56392	0.001556577747
56393	0.00545196224
56394	0.0009623742235
56395	0.006699476411
56396	0.002124814598
56397	0.006701951931
56398	0.006478898959
56399	0.0003965504374
56400	0.000623405385
56401	0.008904606631
56402	0.00774419908
56403	0.002903084777
56404	0.0007119448648
56405	0.008083255024
56406	0.00109520583
56407	0.02064403817
56408	0.004814780471
56409	0.01044339085
56410	0.009717854041
56411	0.0002223363343
56412	0.009167729274
56413	0.01106732554
56414	0.004730703683
56415	0.01796997352
56416	0.02302790229
56417	0.00465140795
56418	0.0007725041871
56419	0.01195782835
56420	0.02229379336
56421	0.01460211347
56422	0.01098610633
56423	0.0002126063989
56424	0.001608241255
56425	0.00194298149
56426	0.008429073313
56427	0.0005237193041
56428	0.008470525208
56429	0.02340970343
56430	0.007774005105
56431	0.0008602991985
56432	0.001613364478
56433	0.00136622726
56434	0.002027605683
56435	0.001582251269
56436	0.02243635917
56437	3.409281509e-05
56438	0.007332507298
56439	0.008988025971
56440	0.0124728601
56441	0.002987847989
56442	0.007087593867
56443	0.00743457524
56444	0.02018922313
56445	0.008907022055
56446	0.002577411562
56447	0.0002888853464
56448	0.003152874859
56449	0.01944695706
56450	0.0001601294278
56451	0.001580694531
56452	0.01014072851
56453	0.001548626556
56454	0.0008232441044
56455	5.145504105e-05
56456	0.009423144244
56457	0.01050316069
56458	0.002066938184
56459	0.0002191061774
56460	0.01087572007
56461	0.01540983989
56462	0.004393939629
56463	0.001223079309
56464	0.0003413575925
56465	0.008046498756
56466	0.01739440675
56467	0.01233029183
56468	0.009635840346
56469	0.01474858475
56470	1.05495353e-05
56471	0.006229502561
56472	0.001215116771
56473	5.787942089e-05
56474	0.003136406236
56475	0.0001098592635
56476	0.01150565358
56477	0.0005461904869
56478	0.002270522456
56479	0.01926631106
56480	0.001127685342
56481	0.005208230665
56482	0.0003291411821
56483	0.004216773146
56484	0.007472517462
56485	0.01452373216
56486	0.001058830211
56487	0.001776954001
56488	0.001998139285
56489	0.0008556059433
56490	0.0008478463566
56491	0.01479665227
56492	0.001315722436
56493	0.004634400586
56494	0.003949780635
56495	0.001675782403
56496	0.0184251871
56497	0.004214235248
56498	0.007774077746
56499	0.003201190887
56500	0.002766935554
56501	0.01335491298
56502	0.00788114872
56503	0.000909099087
56504	0.0008364243583
56505	0.006938385299
56506	0.0002663316883
56507	0.003364830731
56508	0.006057931969
56509	0.001744453003
56510	0.001882093475
56511	0.0134300934
56512	0.001324819306
56513	0.002526674845
56514	0.00423444859
56515	0.001277724299
56516	0.003985804986
56517	0.00641076987
56518	0.002646325839
56519	0.01440187225
56520	0.004781823494
56521	0.004331521622
56522	0.008196688087
56523	0.005288907365
56524	0.008941691315
56525	0.003887149
56526	0.001892873315
56527	0.01449261929
56528	0.002663337416
56529	0.007513782344
56530	0.001685392759
56531	0.003948761765
56532	0.001234995314
56533	0.00219954896
56534	0.001601185032
56535	0.00174882148
56536	0.0008341430073
56537	0.002675062414
56538	0.003839998981
56539	0.001558414607
56540	0.002808382941
56541	0.0008725906923
56542	0.01512190134
56543	0.0086861087
56544	0.001012891915
56545	0.00809681511
56546	0.00459230432
56547	0.003296900954
56548	0.002643904259
56549	0.003925144459
56550	0.005732842355
56551	0.001356466857
56552	0.02135958877
56553	0.003281963418
56554	0.01003366206
56555	0.0006469190159
56556	0.0002494676842
56557	0.01216216035
56558	0.004432406801
56559	0.006984048317
56560	0.008267231228
56561	0.003831741216
56562	0.003189572097
56563	0.00774709827
56564	0.004678586804
56565	0.003357998402
56566	0.001795690375
56567	0.00499955865
56568	0.004333580756
56569	0.006527198958
56570	0.0008302718106
56571	0.006055762902
56572	0.0001627541466
56573	0.01036531423
56574	0.002342114578
56575	0.007596460977
56576	0.007891809706
56577	0.001800406892
56578	0.0005858132795
56579	0.001482718315
56580	0.004034805493
56581	0.001926111889
56582	0.009427708551
56583	0.009519754384
56584	0.003502935219
56585	0.01319201043
56586	0.002389441195
56587	0.004394102908
56588	0.001075514705
56589	0.0007713031879
56590	0.01638365052
56591	0.00423083588
56592	0.002033093388
56593	0.0002137810954
56594	0.003690813846
56595	0.001485014287
56596	0.00159879198
56597	0.005210522756
56598	0.004353423978
56599	0.004191610682
56600	0.002903799891
56601	0.0002115094564
56602	0.006519449397
56603	0.001701362572
56604	0.008209952733
56605	0.003422823803
56606	0.02094560679
56607	0.006956516287
56608	0.001127574763
56609	0.0009011507019
56610	0.002331707032
56611	0.008883016006
56612	0.002195594171
56613	0.001973940656
56614	0.004414864804
56615	0.001035274147
56616	0.008285932038
56617	0.007859997189
56618	0.01752939275
56619	0.002615896561
56620	0.005230203871
56621	0.01471451892
56622	0.001862326532
56623	0.009811076852
56624	0.002837539481
56625	0.01146850786
56626	0.006992058089
56627	0.006529241177
56628	0.004124635443
56629	0.00577844768
56630	0.009691364036
56631	0.002998260652
56632	0.02157199704
56633	0.0008686194955
56634	0.005527010239
56635	0.004143049159
56636	0.004285020541
56637	0.02864925006
56638	0.003945932905
56639	0.005245230912
56640	0.004912042995
56641	0.002159837949
56642	0.006879640224
56643	0.007976065643
56644	0.006461258414
56645	0.006922100507
56646	0.005929099544
56647	0.0003776941262
56648	0.004488166719
56649	0.01108785762
56650	0.006647823674
56651	0.00995926505
56652	0.01305153833
56653	0.003263841271
56654	0.0003899204161
56655	0.008936764584
56656	0.0008638636489
56657	0.0009745124539
56658	0.01163358434
56659	0.001089477305
56660	0.007408023017
56661	0.001351232871
56662	0.007542118149
56663	0.006651170317
56664	0.00253956916
56665	0.001202978976
56666	0.002883582992
56667	0.00410089299
56668	0.0001758543765
56669	0.003426123038
56670	0.002888411127
56671	0.006706095146
56672	0.004624682389
56673	0.01139472214
56674	0.004608479671
56675	0.01372101872
56676	0.001925273658
56677	0.002913450438
56678	0.01278101427
56679	0.008057963739
56680	0.0007851316672
56681	0.00413961739
56682	0.00624891029
56683	0.01088446211
56684	0.01346281959
56685	0.006697533892
56686	0.003930913336
56687	0.008899528032
56688	0.001819660302
56689	0.01084702823
56690	0.0004248905875
56691	0.001351153977
56692	0.0005006114085
56693	0.0004158684909
56694	0.001454426796
56695	0.00104617688
56696	0.003399620164
56697	0.006912322751
56698	0.01119018521
56699	0.01068460545
56700	0.009013789159
56701	0.007409315024
56702	0.003632032083
56703	0.01524534917
56704	0.002054761073
56705	0.01278774497
56706	0.000378408013
56707	6.664730473e-05
56708	0.004696705792
56709	0.004130771811
56710	0.004366874123
56711	0.0002868342719
56712	0.002370648908
56713	0.006694207124
56714	0.01313645182
56715	0.0005237744407
56716	0.007245468085
56717	0.00244576467
56718	0.01720463614
56719	0.0007089833046
56720	0.004151824657
56721	0.001171185449
56722	0.01014592464
56723	0.001221388511
56724	0.007757224491
56725	0.00102424958
56726	0.009796481462
56727	0.0003162479901
56728	0.006380710106
56729	0.001913304089
56730	0.002022640498
56731	0.001009098187
56732	0.001622530134
56733	0.005517807975
56734	0.004655425746
56735	0.01131051952
56736	0.004776235796
56737	0.004557190678
56738	0.01129962607
56739	0.007516054467
56740	0.005978639657
56741	0.005485031424
56742	0.01052362434
56743	0.0005114706135
56744	0.02600995545
56745	0.01777606359
56746	0.0001360361827
56747	0.0006057278056
56748	0.001699011249
56749	0.003173492956
56750	0.003456656622
56751	0.004053282099
56752	0.0008518706119
56753	0.004292373621
56754	0.001027993964
56755	0.006430404579
56756	0.0001692842087
56757	0.009448790945
56758	0.003147235328
56759	0.01195917922
56760	0.0005326665806
56761	0.003314248398
56762	0.01161925094
56763	0.003462764633
56764	0.00861042621
56765	0.001337808949
56766	0.001769090476
56767	0.003493196108
56768	0.0001803493342
56769	0.0001555075288
56770	0.0007983194806
56771	0.001814866286
56772	0.0008033198358
56773	0.001049269842
56774	0.004667225544
56775	0.001606483732
56776	0.008421512517
56777	0.001697421036
56778	0.01422615274
56779	0.01079037873
56780	0.001256315273
56781	0.001053606896
56782	0.00624473801
56783	0.01155415699
56784	0.02047608074
56785	0.008780722584
56786	0.0009264120649
56787	0.01164375329
56788	0.005288600791
56789	0.003312084949
56790	0.008617448891
56791	0.004001000734
56792	0.001032127624
56793	0.007625942693
56794	0.01068717547
56795	0.0001417805443
56796	0.0109689577
56797	0.01747943168
56798	0.00135757952
56799	0.01657245483
56800	0.01622270585
56801	0.003852627339
56802	0.00270097114
56803	0.002067423014
56804	0.01108776926
56805	0.009269897321
56806	0.006557422747
56807	0.01000451389
56808	0.000776449326
56809	0.0003655765564
56810	0.01238025141
56811	0.009586729462
56812	0.003129640732
56813	0.001078460087
56814	0.01248490129
56815	0.002599934647
56816	0.0001944118903
56817	0.0005471852373
56818	0.001051073821
56819	0.001933350297
56820	0.005139876477
56821	0.001930994426
56822	0.006506027565
56823	0.01100535844
56824	0.02116812597
56825	0.01719909751
56826	0.001214777127
56827	0.004523907978
56828	0.007843133995
56829	0.004813668202
56830	0.0008041951438
56831	0.009901722659
56832	0.01678600865
56833	0.001979250067
56834	0.0008580319171
56835	0.0002661352117
56836	0.01931564057
56837	0.001933538195
56838	0.0007863900157
56839	0.004066755687
56840	0.005703110345
56841	0.00232203208
56842	0.001237103022
56843	0.002409270373
56844	0.0049228091
56845	0.006843197046
56846	0.003421268458
56847	0.01736292373
56848	0.02268330505
56849	0.008646216397
56850	0.00157985535
56851	0.006927626669
56852	0.008556711239
56853	0.004381660353
56854	0.002213463545
56855	0.0006186058013
56856	0.001043348901
56857	0.001308925708
56858	0.008307793101
56859	0.002131133757
56860	0.002530568464
56861	0.02269047589
56862	0.01125440069
56863	0.001666343032
56864	0.01259357899
56865	0.01786745713
56866	0.01023920724
56867	0.001383588774
56868	0.0137318317
56869	0.005150368282
56870	0.007908227097
56871	0.01063997502
56872	0.0004266860763
56873	0.006356730188
56874	0.001142859913
56875	0.0001959950893
56876	0.004356633815
56877	0.009169884432
56878	0.01063647759
56879	0.002841795027
56880	0.008083332758
56881	0.004460649682
56882	0.0001780643678
56883	0.00215876286
56884	0.008552080835
56885	0.01045770759
56886	0.002527088888
56887	0.01041384012
56888	0.003146753341
56889	0.01408219183
56890	0.009478049532
56891	0.006245500836
56892	0.01394368872
56893	0.002898418949
56894	0.0004722335275
56895	0.003603028014
56896	0.007417071907
56897	0.002002683687
56898	0.0008486510488
56899	0.002920250675
56900	0.0274816375
56901	0.01004425469
56902	0.008718530468
56903	0.006462246714
56904	0.002843033074
56905	0.0005247791305
56906	0.01355642177
56907	0.0008142296318
56908	0.009451662613
56909	0.01238820329
56910	0.01382889795
56911	0.001120893253
56912	0.006321269154
56913	0.005602635665
56914	0.002918034801
56915	0.007305047072
56916	0.002774007205
56917	0.01222040092
56918	0.004682106872
56919	0.002688006357
56920	0.00389237846
56921	4.013120111e-05
56922	0.001895721099
56923	2.643889162e-05
56924	0.001565866401
56925	0.001337353272
56926	0.006202805675
56927	0.006663816274
56928	0.0003462053465
56929	0.007692106148
56930	0.008081047153
56931	0.00419076889
56932	0.01496371123
56933	0.001421369263
56934	0.004480843976
56935	3.886998039e-05
56936	0.0001516273556
56937	0.009924560521
56938	0.005733443152
56939	0.00219592381
56940	0.003685246429
56941	0.005884425763
56942	0.00676947766
56943	0.005569015464
56944	0.01180548234
56945	0.007040746611
56946	0.01179934301
56947	0.007687018852
56948	0.001144286119
56949	0.005895184148
56950	0.000877056619
56951	0.004513827638
56952	0.0008162212627
56953	0.000205054672
56954	0.01115455681
56955	0.002206820645
56956	0.003384916376
56957	0.005863724036
56958	0.0008172764802
56959	0.002853238524
56960	0.006785525778
56961	0.002191634302
56962	0.006612042596
56963	0.00503020106
56964	0.002051691745
56965	0.001312622135
56966	8.418702345e-05
56967	0.02288205954
56968	0.002373810103
56969	0.0100576131
56970	0.001501284303
56971	0.000159663518
56972	0.005329679361
56973	0.001887415546
56974	0.0008297703998
56975	0.001532450968
56976	0.007941441814
56977	0.004300454752
56978	0.0006148103351
56979	0.01196609711
56980	0.0009959348348
56981	0.01579964054
56982	0.003947769853
56983	0.002241142689
56984	0.001752058127
56985	0.006786762081
56986	0.00225741935
56987	0.008536142982
56988	0.004484539686
56989	0.02258327794
56990	0.001020423171
56991	0.0005029881431
56992	0.006217050035
56993	0.002511288055
56994	0.001570649927
56995	0.006062185034
56996	0.000154192229
56997	0.001298321657
56998	0.002540540066
56999	0.002156615904
57000	0.001726302109
57001	0.01332951468
57002	0.007070886211
57003	0.007965475674
57004	0.003742973135
57005	0.00735842571
57006	0.004299500129
57007	0.01141261875
57008	1.379008046e-05
57009	0.004912532633
57010	0.0008720111092
57011	0.01292762623
57012	0.001041111009
57013	0.003015346462
57014	0.0032120366
57015	8.151884016e-07
57016	0.0002079823994
57017	0.005261059136
57018	0.007028513422
57019	0.006045128611
57020	0.001502998797
57021	0.009632765583
57022	0.001260865598
57023	0.00617608766
57024	0.0002920625655
57025	0.001895270732
57026	0.0001015370171
57027	0.008708179737
57028	0.01071919257
57029	0.006810810744
57030	0.0009544573169
57031	0.008911838061
57032	0.01236936467
57033	0.01335073237
57034	0.007647919709
57035	0.001621271251
57036	0.004205046922
57037	0.01200822911
57038	0.00645328125
57039	0.002137012679
57040	0.002006623957
57041	0.004775093333
57042	0.002891279626
57043	0.006929034801
57044	0.01259397004
57045	0.005626920972
57046	0.002166796039
57047	0.009173370515
57048	0.0002997289736
57049	0.008424493938
57050	0.002284860484
57051	0.007545441337
57052	0.0009425965127
57053	0.006762638542
57054	0.0180067715
57055	0.007724425858
57056	0.004656507708
57057	0.003217329722
57058	0.009468487312
57059	0.004828744749
57060	0.006787383721
57061	0.003055713951
57062	0.008183479782
57063	0.008010424486
57064	0.006271355465
57065	0.004419817885
57066	0.00228759291
57067	0.009006308987
57068	0.001553470098
57069	0.003995767434
57070	0.00992704899
57071	0.003807100721
57072	0.00250730834
57073	0.02374347858
57074	0.001787659168
57075	0.007231100303
57076	0.01312487496
57077	0.003323738843
57078	0.003067742303
57079	0.004623019925
57080	0.006038833016
57081	0.002863017168
57082	0.000512890652
57083	0.02733538666
57084	0.001451152298
57085	0.00532060218
57086	0.009081162567
57087	0.007493433642
57088	0.003739528377
57089	0.004482350458
57090	0.006286617992
57091	0.005138434329
57092	0.001059874152
57093	0.003924052962
57094	0.001087516279
57095	0.00041858203
57096	0.001682580809
57097	0.0007443582311
57098	0.003174725442
57099	0.01382365654
57100	0.002637192656
57101	0.0007925811536
57102	0.003361444279
57103	0.002121760992
57104	0.001437141846
57105	0.001977157004
57106	0.0006792113086
57107	0.00413727378
57108	6.327680074e-05
57109	0.001169070251
57110	0.005909476598
57111	0.004237284675
57112	0.002529885357
57113	0.008717854705
57114	0.002685279577
57115	0.001835602857
57116	0.001054443899
57117	0.006983993566
57118	0.02368469227
57119	0.01112211517
57120	0.004700292738
57121	0.003230478768
57122	0.01037963665
57123	0.002330489502
57124	0.006321773824
57125	0.0106498672
57126	0.003020610289
57127	0.001813413337
57128	0.01290036882
57129	0.003570727716
57130	0.000942283177
57131	0.0006583942613
57132	0.02031832897
57133	0.009205487518
57134	0.006668967407
57135	0.007908102266
57136	0.01200368266
57137	0.001349871263
57138	0.02322289995
57139	0.009904236046
57140	0.001558869886
57141	0.0002174685245
57142	0.002754845785
57143	0.001684836281
57144	0.0150860679
57145	0.00290443503
57146	0.005461964814
57147	0.001567669737
57148	0.0009588757122
57149	0.008662982674
57150	0.002582152799
57151	0.0005893014746
57152	0.01782491408
57153	0.001767461256
57154	0.02077034318
57155	0.004169887972
57156	0.0008474396313
57157	0.00348012988
57158	0.007661170572
57159	0.01093651759
57160	0.004017474464
57161	0.01144968139
57162	0.012639772
57163	0.002969159572
57164	0.009814043166
57165	0.002096367523
57166	0.007718163036
57167	0.02129558479
57168	0.008446946048
57169	0.002105258035
57170	0.01073870536
57171	0.00895421295
57172	0.00317284186
57173	0.007684793562
57174	0.003307775175
57175	0.0004877325727
57176	0.001157127449
57177	0.0007247545057
57178	0.02171011885
57179	0.01032862212
57180	0.006202612358
57181	0.00497568903
57182	0.002209339975
57183	0.02257951664
57184	0.001813075065
57185	0.004651215289
57186	0.003023495546
57187	0.01929864776
57188	0.004278185249
57189	0.002473462711
57190	0.0004584448414
57191	0.0001113782561
57192	0.0003774237838
57193	0.01470846391
57194	0.001479493896
57195	0.0009922234517
57196	0.004797231592
57197	0.002503303707
57198	0.02922194423
57199	0.003640825095
57200	0.007736923626
57201	0.001456078056
57202	0.006792943604
57203	0.00508292313
57204	0.01118752707
57205	0.003939476065
57206	0.005244814142
57207	0.001220553653
57208	0.003984735027
57209	0.001238521614
57210	0.002454914278
57211	0.002509228597
57212	0.00814193603
57213	0.01504615368
57214	0.01426943732
57215	0.001126292341
57216	0.005938953961
57217	0.01068464348
57218	0.007251526255
57219	0.003602507343
57220	0.0006011998448
57221	0.00331505625
57222	0.00963394568
57223	0.0001899112797
57224	0.01033728299
57225	0.00405787661
57226	0.001391710861
57227	0.001541498067
57228	0.00162950786
57229	0.001219274347
57230	0.003883894112
57231	0.00292671815
57232	0.00626013741
57233	4.646799333e-05
57234	0.01525665428
57235	0.01166693535
57236	0.0003368160861
57237	0.003414868418
57238	0.001070550765
57239	0.002783767428
57240	0.001230807399
57241	0.006684146503
57242	0.005018965755
57243	0.0004648708747
57244	0.009566794147
57245	0.01596698101
57246	0.01083916849
57247	0.006290661956
57248	0.006881324022
57249	0.004641133379
57250	0.0009872956501
57251	0.01558025176
57252	0.000762459489
57253	0.0005694729585
57254	5.882348871e-05
57255	0.00424947519
57256	0.002744631397
57257	0.0127245845
57258	0.008506628333
57259	0.01290339761
57260	0.008132457183
57261	0.006460565935
57262	0.002709993374
57263	0.0008509467693
57264	0.008769919214
57265	0.003427010206
57266	0.003053982012
57267	0.003686393915
57268	0.004403307658
57269	0.002609693742
57270	0.01824376465
57271	0.005270495078
57272	0.01266205635
57273	0.007118593717
57274	0.001993178544
57275	0.008496177082
57276	0.004786006788
57277	0.004697492457
57278	0.02272986793
57279	0.007483929289
57280	0.001834047101
57281	0.0009118245564
57282	0.001448941055
57283	0.020065229
57284	0.005466615058
57285	0.002534641737
57286	0.003874620909
57287	0.00521521639
57288	0.0009328782473
57289	0.006980091215
57290	0.002581059489
57291	0.001041096298
57292	0.008656996012
57293	0.01899510611
57294	0.004622765642
57295	0.02056555438
57296	0.02070448028
57297	0.002259582605
57298	0.00126451605
57299	5.825478143e-05
57300	0.0080201713
57301	0.004298163785
57302	0.0156396772
57303	0.0001130054082
57304	0.01132097286
57305	0.0002135850253
57306	0.008268210029
57307	0.002069307085
57308	0.002029170138
57309	0.001019518744
57310	0.001692207448
57311	0.0005794711447
57312	0.01170576825
57313	0.0003876366789
57314	0.004017707527
57315	0.02367055603
57316	0.01356549369
57317	0.0008066450162
57318	0.005980141139
57319	0.006931069597
57320	0.008795497873
57321	0.003205712915
57322	0.003359769597
57323	0.0122214517
57324	0.007518949882
57325	0.00647927635
57326	0.002373282434
57327	0.002292469724
57328	0.004797698476
57329	0.01014578748
57330	2.64480146e-05
57331	0.009300717166
57332	0.001264620258
57333	0.01304951141
57334	0.02180895403
57335	0.001208370016
57336	0.007233982427
57337	0.005855621519
57338	0.009516740434
57339	0.00501252724
57340	0.009500630041
57341	0.001877272556
57342	0.01191189435
57343	0.003007243529
57344	0.001930046994
57345	0.01453061988
57346	0.01327170127
57347	0.0006242826881
57348	0.01103623399
57349	0.005915462542
57350	0.002219332066
57351	0.0004623049003
57352	0.007580004873
57353	0.001059747225
57354	0.001552195767
57355	0.001839627131
57356	0.008050747372
57357	0.002026722683
57358	0.005753499358
57359	0.004253227934
57360	0.008719091198
57361	0.01010915158
57362	0.01100895548
57363	0.01892751075
57364	0.001236208914
57365	0.001671885822
57366	0.00456661483
57367	0.0199717236
57368	0.0002506750787
57369	0.0005673602786
57370	0.0004736376441
57371	0.01817235584
57372	0.002195769611
57373	0.003789523733
57374	0.01482776528
57375	0.005939953269
57376	0.008873721075
57377	0.003260679851
57378	0.003657667404
57379	0.009353492853
57380	0.0006667610083
57381	0.005371925898
57382	0.003252982772
57383	0.0003301556226
57384	0.00323366436
57385	0.005172013924
57386	9.652182078e-05
57387	0.0009741378852
57388	0.0009249202107
57389	0.01000748249
57390	0.01764097568
57391	0.0007065802645
57392	0.0007309810735
57393	0.00378120984
57394	0.002947295806
57395	0.004505440558
57396	7.162998421e-05
57397	0.002511313696
57398	0.002103261239
57399	0.003762297557
57400	0.01326896018
57401	2.257718091e-05
57402	0.006178817917
57403	0.01709983427
57404	0.008769842248
57405	0.002533750866
57406	0.0001934936861
57407	0.012033021
57408	0.01721365008
57409	0.001126780695
57410	0.009595690284
57411	0.002972779665
57412	0.003317523324
57413	0.004031999095
57414	0.01105697188
57415	0.01340340614
57416	0.002428647977
57417	0.007271599275
57418	0.00929092018
57419	0.003942967297
57420	0.009047299821
57421	0.005588123791
57422	0.005509276692
57423	0.01234174083
57424	0.006798157772
57425	0.0009406634638
57426	0.002676266346
57427	0.01054478954
57428	0.0007040231875
57429	0.001732443836
57430	0.001481926745
57431	0.01936681497
57432	0.002383039822
57433	0.01244446227
57434	0.00365449457
57435	0.00895888119
57436	0.001621783602
57437	0.006121581457
57438	0.01158963579
57439	0.003598024608
57440	0.003224917335
57441	0.007071117806
57442	0.0148650299
57443	0.008011217889
57444	0.005630062284
57445	0.002598735771
57446	0.006876558574
57447	0.008198180544
57448	0.004827215816
57449	0.0005289511239
57450	0.01121760834
57451	0.001222707661
57452	0.007894641152
57453	0.006110912878
57454	0.00297172284
57455	0.002845117714
57456	0.01857309537
57457	0.009418915662
57458	0.004697110353
57459	0.01120346564
57460	0.0009389028838
57461	0.00492647982
57462	0.002721350414
57463	0.001311302753
57464	0.004219017338
57465	0.002571352149
57466	0.004242334821
57467	0.005467245303
57468	0.007892151963
57469	0.0001639107508
57470	0.02901645451
57471	0.009543303824
57472	0.00396051892
57473	0.006167019896
57474	0.001890784604
57475	0.0001017541911
57476	0.0005986529685
57477	0.0005207635941
57478	0.01766079642
57479	0.004662173583
57480	0.0119219763
57481	0.003815121535
57482	0.002716132374
57483	0.0005795420442
57484	0.002506326929
57485	0.008716574798
57486	0.006411956445
57487	0.006741538938
57488	0.008142441837
57489	0.001659104494
57490	0.0290260351
57491	0.006385803855
57492	0.008032547895
57493	0.001380419564
57494	0.007865181008
57495	0.002048243708
57496	0.003640873436
57497	0.01012721686
57498	0.01168238835
57499	0.0104722833
57500	0.0004529570059
57501	0.001450383494
57502	0.001086418275
57503	0.004396637507
57504	0.0003139623772
57505	0.002082915953
57506	0.01584871584
57507	0.001053113414
57508	0.003745898695
57509	0.003588621768
57510	0.01361950187
57511	0.02029087905
57512	0.01532495517
57513	0.008679753771
57514	0.0007671949883
57515	0.001691844649
57516	0.003787794809
57517	0.003415855069
57518	0.0003873422603
57519	0.004546089777
57520	0.008968591104
57521	0.002112080469
57522	0.003348666937
57523	0.001283657103
57524	0.003558612559
57525	0.0001654096211
57526	0.0004455690785
57527	0.002839910819
57528	0.003023611919
57529	0.01450727849
57530	0.01077965613
57531	0.008654330341
57532	0.002024583367
57533	0.002095842687
57534	0.009491111876
57535	0.006925890144
57536	0.004833985688
57537	0.00346296952
57538	0.004756968789
57539	0.001441223086
57540	0.000865463803
57541	0.00272725871
57542	0.003202333753
57543	1.24733747e-05
57544	0.005493654919
57545	0.002494882988
57546	0.007385075968
57547	0.01563491273
57548	0.006281222323
57549	0.01644769905
57550	0.01129779719
57551	0.01890712328
57552	0.005506528243
57553	0.002821774443
57554	0.001875399587
57555	0.0008720512426
57556	0.001838321379
57557	0.007914139697
57558	0.001425251263
57559	0.007610918133
57560	0.001623358536
57561	0.005488019337
57562	0.004482626452
57563	0.002957073167
57564	0.003310023951
57565	0.005344251066
57566	0.001476082584
57567	0.0004040662917
57568	0.00865262464
57569	0.001592505142
57570	0.001602264863
57571	0.002049387568
57572	0.001458809153
57573	0.0126053413
57574	0.009735305728
57575	0.002263706301
57576	0.002678615985
57577	0.007440129516
57578	0.008137621928
57579	0.00755732002
57580	0.004382695312
57581	0.01386669052
57582	0.001396910063
57583	0.003674341553
57584	0.002603415155
57585	0.01184915935
57586	0.005930403958
57587	0.005596613377
57588	0.01086568646
57589	6.175348618e-05
57590	0.006497736071
57591	0.007990103267
57592	0.002586676725
57593	0.01494485408
57594	0.004008446824
57595	0.0004877731376
57596	0.0002944304939
57597	0.0006760165412
57598	0.001300594744
57599	0.005156281211
57600	0.008748741196
57601	0.003461736567
57602	0.003683542197
57603	0.01112455823
57604	0.004175085949
57605	0.02676890373
57606	0.00342054508
57607	0.01304512017
57608	0.006457982471
57609	0.002689589817
57610	0.00886883583
57611	0.001705701945
57612	0.001431752579
57613	0.003649183983
57614	0.007167659796
57615	0.01243218469
57616	0.0006201576061
57617	0.00874663662
57618	0.001344638578
57619	0.0009772459945
57620	0.001746784324
57621	0.003140239885
57622	0.004618118062
57623	0.002394372485
57624	0.004645074656
57625	0.001573285055
57626	0.001988556881
57627	0.002806440919
57628	0.002063173991
57629	0.002374107367
57630	0.005301718566
57631	0.001597699304
57632	0.005257192265
57633	0.0200907134
57634	0.003105499517
57635	0.01482097838
57636	0.004187547775
57637	0.0009163604505
57638	0.001747522471
57639	0.009771918406
57640	0.001214100198
57641	0.01172096695
57642	0.003789562153
57643	0.001829617448
57644	0.003818714948
57645	0.003051850437
57646	0.004005541647
57647	0.008461996083
57648	0.01348515022
57649	0.001542778039
57650	0.000323259276
57651	0.001193808552
57652	0.007958898945
57653	0.0001933041845
57654	0.0008573475273
57655	0.0005931861372
57656	0.002410091214
57657	0.01493093678
57658	0.007497797642
57659	0.01502402802
57660	0.001951441178
57661	0.01512960464
57662	0.0008106975694
57663	0.002413971651
57664	0.008779992814
57665	0.01245452122
57666	0.007237471117
57667	0.006797719317
57668	0.003163432718
57669	0.001089883724
57670	0.004858421069
57671	0.007794835936
57672	0.001516374593
57673	0.0008647798277
57674	0.001234859191
57675	0.001706037133
57676	0.01104694383
57677	0.0012021645
57678	0.005673234717
57679	0.0004227286913
57680	0.00477488765
57681	0.007034630936
57682	0.006479665566
57683	0.01133052079
57684	0.002199460039
57685	0.000388076223
57686	0.001676884236
57687	0.005470799291
57688	0.01235914457
57689	0.001566324995
57690	0.006283726873
57691	0.003795325489
57692	0.006710397424
57693	0.004159766203
57694	0.01398549513
57695	0.003593137639
57696	0.000653625129
57697	0.007731775083
57698	0.000187543334
57699	0.006720204936
57700	0.01549368873
57701	0.005539870184
57702	0.002795376603
57703	0.01083904241
57704	0.0003467631266
57705	0.006829810925
57706	0.01544940722
57707	0.008332740402
57708	0.01245922578
57709	0.01352637781
57710	0.001292474694
57711	0.01946834842
57712	0.004087165629
57713	0.001114729435
57714	0.002687678448
57715	0.01028925622
57716	0.005465416926
57717	0.0004462647368
57718	0.005091784729
57719	0.01305878678
57720	0.0006501536482
57721	0.005388494418
57722	0.001600499476
57723	0.01927706896
57724	0.0009876471243
57725	0.03248397125
57726	0.002841889426
57727	0.005982108968
57728	0.0009327634318
57729	0.007366977447
57730	0.004342010401
57731	0.0002336122562
57732	0.002341420501
57733	0.001129867601
57734	0.0001640671839
57735	0.00232671216
57736	0.002702065077
57737	0.004074679123
57738	0.001406545604
57739	0.01451785937
57740	0.0003366931007
57741	0.01336189568
57742	0.0003066602306
57743	0.0001129206335
57744	0.01194907313
57745	0.002327663855
57746	0.009816991533
57747	0.005980236502
57748	0.002738015326
57749	0.004367737505
57750	0.002769547047
57751	0.005951810438
57752	0.002943930944
57753	0.01111095573
57754	0.001035161204
57755	0.002295400351
57756	0.006207859512
57757	0.01354936021
57758	0.002866683658
57759	0.00381074948
57760	0.00536341872
57761	0.002169701073
57762	0.0002626554808
57763	0.01516191848
57764	0.003043848412
57765	0.007720855168
57766	0.002653328443
57767	0.009651097924
57768	0.003475737376
57769	0.008876311365
57770	0.009734289712
57771	0.003879945751
57772	0.007228108807
57773	0.01210465243
57774	0.002790526429
57775	0.001104382672
57776	0.0005097885281
57777	0.003566442832
57778	0.0005192619364
57779	0.00646909897
57780	0.007117657493
57781	0.01453986905
57782	0.001615411191
57783	0.003624184441
57784	0.003859058862
57785	0.01248231133
57786	0.004449919486
57787	0.00286022995
57788	0.0008376189497
57789	0.01842156241
57790	0.005378251191
57791	0.02019487562
57792	0.002010035126
57793	0.005643769197
57794	0.007245694366
57795	0.0007114347233
57796	0.0005098390945
57797	0.001695149195
57798	0.0001575504577
57799	0.0273061306
57800	0.007272161011
57801	0.008426166785
57802	0.002059584757
57803	0.004213711935
57804	0.0003089266046
57805	0.001407823564
57806	0.004666228364
57807	0.009319170489
57808	0.00476942287
57809	0.002530885871
57810	0.00114430271
57811	0.0001815185114
57812	0.0003326305067
57813	0.01015110552
57814	0.00345552175
57815	8.571501265e-05
57816	0.002940742402
57817	0.003110040189
57818	0.001299600846
57819	0.000825171459
57820	0.002174553747
57821	0.006950845226
57822	0.00535496759
57823	0.006987981132
57824	0.01091724355
57825	0.001813022813
57826	0.001104525684
57827	0.003633082176
57828	0.002453214655
57829	0.000789952447
57830	0.006750456322
57831	0.01390996031
57832	9.503222835e-05
57833	0.0004632354547
57834	0.002106795455
57835	0.01354328112
57836	0.002934400022
57837	0.005933439994
57838	0.0085249273
57839	0.0003591181374
57840	0.004419328792
57841	0.0006247932905
57842	0.0001650524244
57843	0.003610654534
57844	0.000305369108
57845	7.821664228e-06
57846	0.004009852514
57847	0.00291982349
57848	0.007625661877
57849	0.001790622358
57850	0.007553386276
57851	0.001420602378
57852	0.0001312962279
57853	0.007395207743
57854	0.01206395726
57855	0.005285390194
57856	0.01139114629
57857	0.009326958312
57858	0.006324361112
57859	0.004042951653
57860	0.00331236954
57861	0.0003033863598
57862	0.009683542096
57863	0.01841323521
57864	0.008025605752
57865	0.00409459246
57866	0.01362991793
57867	0.01244977199
57868	0.009148095517
57869	0.0001042750608
57870	0.004713302514
57871	0.002677093614
57872	0.007885192206
57873	0.005057324838
57874	0.00958574634
57875	0.006947130584
57876	0.002334202286
57877	0.00216991153
57878	0.001638421312
57879	0.001135506229
57880	0.003121375979
57881	0.0002982360942
57882	0.003712722571
57883	0.009218788171
57884	0.002184267643
57885	0.001036390537
57886	0.0003051629869
57887	0.01284791516
57888	0.009877735891
57889	0.005692868304
57890	0.0007438984199
57891	0.0003415261864
57892	0.007157143288
57893	0.002611077295
57894	0.0009306685119
57895	0.01152439922
57896	0.002628236168
57897	0.00320779491
57898	0.0006295539794
57899	0.002164236482
57900	0.006678819903
57901	0.0005456484421
57902	0.001762025235
57903	0
57904	0.01696340441
57905	0.008495960752
57906	0.02667196102
57907	0.007735814414
57908	0.006900672549
57909	0.005814238853
57910	0.007205076663
57911	0.0002587793811
57912	0.0006021241124
57913	0.01063077895
57914	0.01223609755
57915	0.009298304922
57916	0.01305440913
57917	0.01583210774
57918	0.02706676357
57919	0.009368184462
57920	0.01720498208
57921	0.01302934716
57922	0.001971222687
57923	0.008681014527
57924	0.01739311406
57925	0.008721629055
57926	0.01121917488
57927	0.007692478757
57928	0.0005127192899
57929	0.0005256820641
57930	0.01996890798
57931	0.002443832563
57932	0.01018225515
57933	0.004216975388
57934	0.0003985968463
57935	0.002176192633
57936	0.01459949218
57937	0.005617166419
57938	0.0009682870685
57939	0.005457447057
57940	0.00659219441
57941	0.009075639279
57942	0.0008324260052
57943	0.0157233779
57944	0.0041481138
57945	0.007773120562
57946	0.003543363974
57947	0.01338921245
57948	0.002772340677
57949	0.01727358814
57950	0.0006565384895
57951	0.01157158762
57952	0.007392969232
57953	0.001632890025
57954	0.01060429838
57955	0.00909112193
57956	5.376542244e-05
57957	0.02895651265
57958	0.001188775113
57959	0.01490251454
57960	0.008733631072
57961	0.008795286485
57962	0.007573898959
57963	0.003072740804
57964	0.01543842093
57965	0.0009368173815
57966	0.0009456196783
57967	0.004184715602
57968	0.0006265858415
57969	0.007994893112
57970	0.007074983206
57971	0.006694858586
57972	0.02230932753
57973	0.003785009173
57974	0.005715040957
57975	0.003789113322
57976	0.0009084057569
57977	0.003242723914
57978	0.0009429590914
57979	0.003298016868
57980	0.006567633336
57981	0.0009307105371
57982	0.005365908471
57983	0.008364317608
57984	0.004829637086
57985	0.003346210114
57986	0.002267471224
57987	0.001758209642
57988	0.004329635592
57989	0.0004241332202
57990	0.002094402778
57991	0.01458399609
57992	0.001336153078
57993	0.0006627327217
57994	0.006987943458
57995	0.004873997702
57996	0.0003332110047
57997	0.007458567877
57998	0.003931297663
57999	0.02435207044
58000	0.01124131182
58001	0.004137442123
58002	0.004904339531
58003	0.007478967321
58004	0.00324042818
58005	0.01376981909
58006	0.00137641509
58007	0.0008538764461
58008	0.01104372379
58009	0.0003191470999
58010	0.0207090928
58011	0.003785395429
58012	0.01447359407
58013	0.001968318664
58014	0.0100039474
58015	0.0006385322555
58016	5.057512046e-05
58017	0.001870840417
58018	0.01603461691
58019	0.02398730308
58020	0.006070078189
58021	0.007361342237
58022	0.00883650705
58023	0.01833133672
58024	0.01538269335
58025	0.002720051104
58026	0.004793590662
58027	0.0008660165521
58028	0.01292340462
58029	0.01200857506
58030	0.003856539208
58031	0.000171952432
58032	0.00874846425
58033	0.002716708596
58034	0.004324285012
58035	0.002241534647
58036	0.006556663856
58037	0.004142868104
58038	0.001968906038
58039	0.003113561514
58040	0.005681439552
58041	0.009243301242
58042	0.0005822668989
58043	0.01349681761
58044	0.0001045163406
58045	0.003955780055
58046	0.006951927139
58047	0.00554270618
58048	0.0008079769086
58049	0.009467928543
58050	0.0009964153722
58051	0.0004680963947
58052	0.003813594879
58053	0.01371347892
58054	0.001317065274
58055	0.003208584539
58056	0.0005457246075
58057	0.002737810679
58058	0.001340785363
58059	0.007497806559
58060	0.000176662238
58061	0.007747080148
58062	0.01500985212
58063	0.008778446982
58064	0.00487294846
58065	0.004150385792
58066	0.007564701468
58067	0.003021891618
58068	0.01399628804
58069	0.005477225396
58070	0.00352060328
58071	0.002806347413
58072	0.008175383048
58073	0.009530520241
58074	0.002913495486
58075	0.001612575211
58076	0.01883879875
58077	0.001921906592
58078	0.0106438763
58079	0.002932839053
58080	0.01104665335
58081	0.0008633132422
58082	0.001088042915
58083	0.006708677103
58084	0.02131424447
58085	0.002606332156
58086	4.65157603e-05
58087	0.001235342238
58088	0.006012686756
58089	0.001822482239
58090	0.006023612206
58091	0.003716301736
58092	0.001830751118
58093	0.01280882849
58094	0.005153949354
58095	0.002217012755
58096	0.007885527058
58097	0.0006806631125
58098	0.02027100995
58099	0.001628178425
58100	0.0008659128338
58101	0.003826956066
58102	0.0005551407813
58103	0.01463095839
58104	0.001757424477
58105	0.01135862099
58106	0.0002763480793
58107	0.002698402289
58108	0.003809886951
58109	0.0005298695531
58110	0.009356008496
58111	0.005490742999
58112	0.000328237077
58113	0.001219751624
58114	0.006833252686
58115	0.005215464981
58116	0.008262920464
58117	0.008164728145
58118	0.001473217009
58119	0.000940973691
58120	3.777178966e-05
58121	0.007894727211
58122	0.01313819228
58123	0.009844024942
58124	0.00272689466
58125	0.001697451953
58126	0.004148157877
58127	0.005761382331
58128	0.000764275867
58129	0.002341573642
58130	0.001807227395
58131	0.01731750345
58132	0.0009758789569
58133	0.01901610522
58134	0.003652877278
58135	0.002359908957
58136	0.006825238385
58137	0.002861943018
58138	0.001905158706
58139	0.01723612302
58140	0.007155905085
58141	0.002081661943
58142	0.009277733762
58143	0.005311349802
58144	0.001582367014
58145	0.003103848606
58146	0.003641546167
58147	0.007945392904
58148	0.005283150556
58149	0.005332884857
58150	0.000656293471
58151	0.01031738239
58152	0.01404769078
58153	0.003127774784
58154	0.01422683668
58155	0.007498632954
58156	0.0004752914513
58157	0.007961436541
58158	0.003090258916
58159	0.0214337154
58160	0.009282718065
58161	0.01675676012
58162	0.002418304772
58163	0.004702942399
58164	0.02232745912
58165	0.02255520645
58166	0.0001345082516
58167	0.004093421855
58168	0.0001841847603
58169	0.01633934369
58170	2.096486449e-05
58171	0.0004333918269
58172	0.01730249073
58173	0.001007640403
58174	0.001750331911
58175	0.002899465285
58176	0.005110305239
58177	0.0144477745
58178	0.001542573792
58179	0.0001611734569
58180	0.02171431198
58181	0.02547906359
58182	0.004629480612
58183	0.003531860728
58184	0.003192372822
58185	0.007768903258
58186	0.01395808094
58187	0.01127244264
58188	0.007277778613
58189	0.0007633112035
58190	0.001681848979
58191	0.001079366285
58192	0.00670456809
58193	0
58194	0.0007759152146
58195	0.004817263369
58196	0.001664036072
58197	0.009890212934
58198	0.011419869
58199	0.01021414639
58200	0.01051842672
58201	0.003143449774
58202	0.003251645715
58203	0.004129808838
58204	0.004615389776
58205	0.001613330808
58206	0.00680166139
58207	0.0003302170525
58208	0.004946087372
58209	0.004205898288
58210	0.009139883094
58211	0.001192617661
58212	0.01640916035
58213	0.005581901993
58214	0.01041575575
58215	0.002011122246
58216	0.003072343724
58217	0.01013369682
58218	0.01000706065
58219	0.02965610088
58220	0.0009700413451
58221	0.004724327945
58222	0.009034414459
58223	0.003761405521
58224	0.006362661434
58225	0.01659192862
58226	0.0002151634725
58227	0.0006113130388
58228	0.0006291697937
58229	0.001967056543
58230	0.008215835057
58231	0.001940887002
58232	0.006235250847
58233	0.001547537492
58234	0.007521328677
58235	0.004191348571
58236	0.01138698308
58237	3.350509109e-05
58238	0.0002753623285
58239	0.005534170794
58240	0.001875109665
58241	0.01285076916
58242	0.006361107056
58243	0.001681152998
58244	0.00754159091
58245	0.001335752879
58246	0.001790534977
58247	0.004329307165
58248	0.003434170245
58249	0.001449929392
58250	0.0004373614356
58251	0.02081219837
58252	0.01032999758
58253	0.005065524818
58254	0.004807768237
58255	0.01032490004
58256	0.008104647634
58257	0.0004313504504
58258	0.00150917795
58259	0.02399845816
58260	0.0003413564912
58261	0.01543637145
58262	0.0003750525637
58263	0.0005050021953
58264	0
58265	0.002794729158
58266	0.004087208401
58267	0.002284620742
58268	0.01180781699
58269	0.0008130028877
58270	0.003339435281
58271	0.0009617579911
58272	0.005970518971
58273	0.006425046824
58274	0.002118149778
58275	0.009336812499
58276	0.000107266948
58277	0.001982437707
58278	0.0002192587151
58279	0.001179665282
58280	0.002410999518
58281	0.0008998907254
58282	0.00674676786
58283	0.0003919318068
58284	0.001024296006
58285	0.01021245292
58286	0.002390628159
58287	0.0005052220026
58288	0.007746341292
58289	0.01424130757
58290	0.006176335913
58291	0.01001076182
58292	0.01535885807
58293	0.002068013018
58294	0.004161771868
58295	0.007100694214
58296	0.005299185949
58297	0.002030564576
58298	0.001193488217
58299	0.01869298394
58300	0.001796720263
58301	0.01593894322
58302	0.02919652478
58303	0.007271762763
58304	0.002399698111
58305	0.001075887503
58306	0.002720338953
58307	0.00821172301
58308	0.003534549306
58309	4.547943795e-05
58310	0.007182300719
58311	0.003517202819
58312	0.002868428962
58313	0.003335867072
58314	0.008153346037
58315	0.009580641479
58316	0.001862134461
58317	0.001755983288
58318	0.000359172446
58319	0.003574060831
58320	0.004982818837
58321	0.004861413323
58322	0.01009639475
58323	0.006114958216
58324	0.005814684591
58325	0.0001944336591
58326	0.01154284871
58327	0.002623149009
58328	0.007916717329
58329	0.007720911363
58330	0.004666973836
58331	0.01727564803
58332	0.004176438448
58333	0.003353737281
58334	0.007140641416
58335	0.001266689334
58336	0.005262606101
58337	0.008589506152
58338	0.002003735317
58339	0.008313839041
58340	0.0007102400713
58341	0.0005688048296
58342	0.01060281883
58343	0.005207600825
58344	0.01376940843
58345	0.0006275618072
58346	0.005121019716
58347	0.005667071543
58348	0.002812864862
58349	0.003490548485
58350	0.01414879553
58351	0.004721026971
58352	0.00073532372
58353	0.001570259463
58354	0.008850531992
58355	0.004020906571
58356	0.0001855790378
58357	0.006820873964
58358	0.01195350169
58359	0.02521227454
58360	0.005355949888
58361	0.0005638506589
58362	0.009991475241
58363	0.002802548996
58364	0.005959911627
58365	0.002657780259
58366	0.004257608486
58367	0.001100060383
58368	0.001887700618
58369	0.0006046455514
58370	0.0003267816701
58371	0.007886732945
58372	0.0009987857718
58373	0.006210245164
58374	0.002640352299
58375	0.001123154802
58376	0.0111673115
58377	0.003919302742
58378	0.01058216122
58379	0.004582767115
58380	0.0007946502706
58381	0.002592499625
58382	0.006222201543
58383	0.005533327379
58384	0.008899021335
58385	0.004260219954
58386	0.005135419784
58387	0.002486520032
58388	0.00667496199
58389	0.001100634305
58390	0.0003231725219
58391	0.0003664285177
58392	0.001856795959
58393	0.001426822657
58394	0.001270749127
58395	0.003834664172
58396	0.006872846432
58397	0.001945167754
58398	0.008217824548
58399	0.000101745124
58400	0.007799931491
58401	0.01038197195
58402	0
58403	0.00684207586
58404	0.004416255385
58405	0.01495780835
58406	0.003247310861
58407	0.004455197832
58408	0.003094963865
58409	0.003445457732
58410	0.012516264
58411	0.0006531361449
58412	0.008348401133
58413	0
58414	0.01945557394
58415	0.003419104178
58416	0.001027428615
58417	0.007205021604
58418	0.01309938063
58419	0.008933332244
58420	0.001217263509
58421	0.001690225683
58422	0.02028528135
58423	0.0175754866
58424	0.001816168498
58425	0.008271954778
58426	0.004379183037
58427	0.009525354873
58428	0.0006086240739
58429	0.006242363068
58430	0.005672531278
58431	0.0006156070991
58432	0.001672919202
58433	0.009354709392
58434	0.002221407323
58435	0.002999914452
58436	0.005295469163
58437	0.005292356218
58438	0.001220483478
58439	0.01999029872
58440	0.0004419946604
58441	0.01419891486
58442	0.005377843969
58443	0.002914118741
58444	0.00415949032
58445	0.0004097834303
58446	0.01188291627
58447	0.002618537217
58448	0.006871738554
58449	0.005984110757
58450	0.01159930764
58451	0.001065216923
58452	0.0001980415858
58453	0.005635698387
58454	0.00681899025
58455	0.001247181239
58456	0.01288910433
58457	0.02020572788
58458	0.001098870702
58459	0.009667796104
58460	0.008901879566
58461	0.002909283295
58462	0.009179854002
58463	0.006763273034
58464	0.006720880903
58465	0.0120345123
58466	0.001632905094
58467	0.004075951377
58468	0.0001974386523
58469	0.004561751712
58470	0.0008994425036
58471	0.003103870277
58472	0.0003453602894
58473	0.007978598853
58474	0.00631444121
58475	0.01035420885
58476	0.01418600201
58477	0.005991356094
58478	0.01351853732
58479	0.003260243564
58480	0.004886016201
58481	0.007100892543
58482	0.01556057574
58483	0.01646600415
58484	0.007856454471
58485	0.007516779124
58486	0.001707226087
58487	0.0007424378967
58488	0.004141754302
58489	0.0003792703736
58490	0.002325334496
58491	0.002301303841
58492	0.0005810893545
58493	0.002123261904
58494	0.002303836346
58495	0.008320734925
58496	0.001776517973
58497	0.01751908862
58498	0.0003417113348
58499	0.01262881321
58500	0.02262321787
58501	0.0002504530305
58502	0.009455158537
58503	0.002876843855
58504	0.002705740144
58505	0.003827477855
58506	0.0001083231531
58507	0.003854283116
58508	0.004921033261
58509	0.009998696836
58510	0.002083946569
58511	0.00376432536
58512	0.002631498075
58513	0.006825961595
58514	0.002160498629
58515	8.674261619e-05
58516	0.002393501804
58517	0.0005378770245
58518	0.002057147156
58519	0.0009778807384
58520	0.004927001614
58521	0.0007909346416
58522	0.002393381357
58523	0.001334374467
58524	0.0004151007515
58525	0.005499422636
58526	0.0053969998
58527	0.001572853201
58528	0.001855950915
58529	0.005578803381
58530	0.01112227903
58531	0.01451350547
58532	0.02180396074
58533	0.007376140019
58534	0.003241932612
58535	0.006260278572
58536	0.009193642997
58537	0.001179621551
58538	0.003141761671
58539	0.0082290683
58540	0.01311326251
58541	0.004162678771
58542	0.002658615295
58543	0.004189146514
58544	0.0001180918339
58545	0.003324405524
58546	0.0126435201
58547	0.007572621738
58548	0.0004924621576
58549	0.00368121236
58550	0.01998345958
58551	0.001110989996
58552	0.0113972618
58553	0.0004841593308
58554	0.00209112576
58555	0.001132735887
58556	0.007340094709
58557	0.008462103483
58558	0.01060479011
58559	0.01649803595
58560	0.003116879235
58561	3.318072576e-05
58562	0.01888559939
58563	0.001198807287
58564	0.01429786696
58565	0.000601625394
58566	0.003184286958
58567	0.0007142971693
58568	0.001095131255
58569	0.0002605145543
58570	0.003558159083
58571	0.003228799654
58572	0.000733503578
58573	0.002682770014
58574	0.007106068185
58575	0.002521587779
58576	0.007295790176
58577	0.01616333158
58578	0.0163378294
58579	0.006597792426
58580	0.008128635276
58581	0.0008805968267
58582	0.001633105069
58583	0.002574583658
58584	0.0003573056652
58585	0.007884123097
58586	0.006117883376
58587	0.007381786009
58588	0.008684591661
58589	0.02070047761
58590	0.004151872579
58591	0.02436215237
58592	0.0001540124818
58593	0.006910739195
58594	0.007568762884
58595	0.007251042088
58596	0.005773598828
58597	0.006492651717
58598	0.00988314586
58599	0.01007955457
58600	0.0003797658081
58601	0.006841312235
58602	0.0006665816847
58603	0.002978867129
58604	0.003499619285
58605	0.005445592672
58606	0.001730760707
58607	0.0008724006897
58608	0.00776488708
58609	0.0003803949259
58610	0.004808717195
58611	0.01743160451
58612	0.006305181973
58613	0.002155035654
58614	0.00208223041
58615	0.0010884942
58616	0.009747563692
58617	0.002047164992
58618	0.002598268805
58619	0.002637363581
58620	0.009185771068
58621	0.001030217806
58622	0.004931606672
58623	0.008408381776
58624	0.004053366784
58625	0.009636520901
58626	0.01662111625
58627	0.01091663412
58628	0.006240659301
58629	0.003764739258
58630	0.01173214204
58631	0.01013898811
58632	0.003839523099
58633	0.004373053246
58634	0.004231765131
58635	0.0004686365066
58636	0.00180704075
58637	0.001689978298
58638	0.008512929375
58639	0.008796580834
58640	0.007645420473
58641	0.0001818607727
58642	0.009993653111
58643	0.001988551046
58644	0.01653674983
58645	0.005806110391
58646	0.0004803583592
58647	0.01533983193
58648	0.02068051965
58649	0.0005060887558
58650	0.001332343007
58651	0.001994738931
58652	0.005699732979
58653	0.01182552314
58654	0.003606831595
58655	0.002151302874
58656	0.006606891949
58657	0.0002548864492
58658	0.00600610265
58659	0.006974909687
58660	0.008323162201
58661	0.00253944404
58662	0.003008655439
58663	0.005868153778
58664	0.0007366609802
58665	0.0004888691334
58666	0.002862031345
58667	0.003248753795
58668	0.01383590108
58669	0.006031596707
58670	0.002068295397
58671	0.001098505922
58672	0.01560918869
58673	0.01352585886
58674	0.01589649398
58675	0.004780723354
58676	0.0007719911045
58677	0.002883903998
58678	0.0005441652783
58679	0.002799485213
58680	0.01523702654
58681	0.0003923570385
58682	0.004704553741
58683	0.0181310815
58684	0.0049722075
58685	0.001408975954
58686	0.004349187396
58687	0.009196489066
58688	0.01443575483
58689	0.001219000099
58690	0.004070227813
58691	0.002693611774
58692	0.007042733858
58693	0.000709923767
58694	0.01496237099
58695	0.001610916783
58696	0.0147364314
58697	0.001312408573
58698	0.01285135987
58699	0.004487148169
58700	0.003898069275
58701	0.00498822796
58702	0.002518826969
58703	0.003213915328
58704	0.007571516656
58705	0.008368212405
58706	0.0006379152098
58707	0.004476962261
58708	0.0001375062894
58709	0.001957241901
58710	0.002615633587
58711	0.0007817450044
58712	0.00191558791
58713	0.001849488379
58714	0.006489785447
58715	0.002702708699
58716	0.001435516979
58717	0.008685142262
58718	0.00280673585
58719	0.003653595543
58720	0.01018188634
58721	0.01377160137
58722	0.00878561621
58723	0.01478961258
58724	0.008073153596
58725	0.006292485197
58726	0.00123251407
58727	0.006846243937
58728	0.01223017004
58729	0.02728380222
58730	0.007997041726
58731	0.002873328103
58732	0.001381834134
58733	0.0001917194954
58734	0.00275201149
58735	0.009652442915
58736	0.002583386851
58737	0.003817380348
58738	0.01389737841
58739	0.005219043889
58740	0.002039158126
58741	0.004770593337
58742	0.003549547887
58743	0.001283977096
58744	0.003296148044
58745	0.004323395289
58746	0.003668933211
58747	0.002617668265
58748	0.0008946753349
58749	0.003105187737
58750	0.00236725373
58751	0.001102936958
58752	0.00293349345
58753	0.0004206388897
58754	0.009797402059
58755	0.008868216085
58756	0.001017057353
58757	0.02262128948
58758	0.003950335936
58759	7.664455023e-06
58760	0.01324608717
58761	0.003065330982
58762	0.003627032143
58763	0.007619789275
58764	0.0008488108305
58765	0.007271174237
58766	0.004086061232
58767	0.001513261656
58768	0.006868202075
58769	0.01012964255
58770	0.00274158419
58771	0.007308017028
58772	0.004987218073
58773	0.01317419671
58774	0.01010966488
58775	0.005648337299
58776	0.01098987744
58777	0.0003636610264
58778	0.004217753706
58779	0.00984472171
58780	0.002174667653
58781	0.009439451568
58782	0.006279065756
58783	0.01139982002
58784	0.01031137926
58785	0.007307233416
58786	0.008361681976
58787	0.00558182713
58788	0.01289751308
58789	0.009359949232
58790	0.0165748843
58791	0.004199520979
58792	0.002773824925
58793	0.001566178109
58794	0.006546733945
58795	0.008811329707
58796	0.0003646021755
58797	0.005162391563
58798	0.0007446444534
58799	0.001975416942
58800	0.003727137451
58801	0.001618192416
58802	0.0005448700277
58803	0.003687943179
58804	0.004575420874
58805	0.00342999468
58806	0.009219326489
58807	0.000152987587
58808	0.0004202198689
58809	0.01153853024
58810	0.001791216641
58811	0.006418441609
58812	0.01242520712
58813	0.006626141058
58814	0.006526092444
58815	0.009186064705
58816	0.01693393447
58817	0.01284186166
58818	0.002320963157
58819	0.009980953636
58820	0.003272080933
58821	0.01451866464
58822	0.001691245135
58823	0.001639944276
58824	0.005133697528
58825	0.003320081957
58826	0.01299994707
58827	0.006358746761
58828	0.007941082214
58829	0.003287111835
58830	0.01552723442
58831	0.0110418176
58832	0.008344029589
58833	0.0008430877588
58834	0.005237772783
58835	0.01172080898
58836	0.004239808733
58837	0.001739973859
58838	0.0004955523841
58839	0.002575289607
58840	0.01332896162
58841	0.009128692139
58842	0.005965990536
58843	0.01829085622
58844	0.000250312822
58845	0.003853500972
58846	0.0003426798899
58847	0.0013990085
58848	0.00159258327
58849	0.009880488882
58850	0.0004248680128
58851	0.009274523225
58852	0.003214582344
58853	0.002372787376
58854	0.003143203308
58855	0.01144544655
58856	0.02249447745
58857	0.002428726842
58858	0.004513516769
58859	0.001052160339
58860	0.001696437005
58861	0.002284491769
58862	0.0009266506399
58863	0.02038001126
58864	0.001705800891
58865	0.002971700199
58866	0.003392863644
58867	0.02683383915
58868	0.001119113565
58869	0.001989115475
58870	0.00297790947
58871	0.004117121774
58872	0.006932760596
58873	0.001323146152
58874	0.004301081935
58875	0.006138391253
58876	0.001671669905
58877	0.01298277306
58878	0.001638983184
58879	0.001879505143
58880	0.003453439588
58881	0.005329782736
58882	0.01165029186
58883	0.0009052136253
58884	0.004392429148
58885	0.02108211753
58886	0.01606108816
58887	0.002382571447
58888	0.001496691868
58889	0.009772613237
58890	0.01694155155
58891	0.001752326541
58892	0.0009091677804
58893	0.005443782102
58894	0.006938380651
58895	0.01041031893
58896	0.004280035296
58897	0.01287684486
58898	0.01511827838
58899	0.008062018223
58900	0.002466403776
58901	0.01845989817
58902	0.0008434192498
58903	0.0004030671387
58904	0.000753628999
58905	0.001936749577
58906	0.006297923561
58907	0.008990741234
58908	0.0005877923455
58909	0.008693048734
58910	0.01203911679
58911	0.01707481796
58912	0.0003255951509
58913	0.006575297098
58914	0.0001518007363
58915	0.001695105177
58916	0.0008383784073
58917	0.001170661024
58918	0.003914344794
58919	0.004910240859
58920	0.0001576106983
58921	0.003859833861
58922	0.0006454718656
58923	0.001558140451
58924	0.009361602659
58925	0.001112419885
58926	0.01105066641
58927	0.006646198182
58928	0.01543342863
58929	0.00817980435
58930	0.0002897165715
58931	0.006434538095
58932	0.001650133882
58933	0.002052337493
58934	0.006649458552
58935	0.000164917475
58936	0.009221326635
58937	0.002909990706
58938	0.006251591933
58939	0.004570695472
58940	0.001930933914
58941	0.01805888698
58942	0.0003301062713
58943	0.003214619382
58944	0.0009240823819
58945	0.01904353016
58946	0.02167665768
58947	0.0002255346401
58948	0.002712290505
58949	0.01213349528
58950	0.005316518441
58951	0.005623919536
58952	0.001795173986
58953	0.001698272796
58954	0.01137358882
58955	0.01764453895
58956	0.004981942638
58957	0.002184785747
58958	0.005900720711
58959	0.004270565677
58960	0.001993172062
58961	0.00529340014
58962	0.004851438331
58963	0.005911341436
58964	0.005856837703
58965	0.002760194332
58966	0.005328928159
58967	0.004307654551
58968	0.008767385729
58969	0.002686487983
58970	0.0007917764402
58971	0.003366512481
58972	0.004146827122
58973	0.01006481942
58974	0.002203628965
58975	0.01198016481
58976	0.02200469052
58977	0.01255298618
58978	0.002277499413
58979	0.0118748494
58980	0.001387582483
58981	0.009062949448
58982	0.009605714782
58983	0.01133281868
58984	0.0005152240087
58985	0.00445459005
58986	0.001093236331
58987	0.0035302145
58988	0.00139533801
58989	0.004893375997
58990	0.002496087548
58991	0.01286178202
58992	0.006939193788
58993	0.006226000621
58994	0.001586455346
58995	0.001631996247
58996	0.002543087371
58997	0.002834388038
58998	0.003632796492
58999	0.001116015708
59000	0.003975242246
59001	0.006009243631
59002	0.002199626864
59003	0.004452358152
59004	0.0113370816
59005	0.004227645573
59006	0.01166066361
59007	0.003295908399
59008	0.007770063037
59009	0.0004656079636
59010	0.009200328452
59011	0.003609498766
59012	7.766769151e-05
59013	0.01188532322
59014	0.0007877864736
59015	5.787223148e-05
59016	0.02254893879
59017	0.01215872177
59018	0.007917241471
59019	0.001184563805
59020	0.002612074185
59021	0.003020377366
59022	0.0006113657131
59023	0.008048384753
59024	0.0003274024518
59025	0.001880045891
59026	0.001515890004
59027	0.005476661943
59028	0.003996125083
59029	0.005690123744
59030	0.001428169349
59031	0.003277407229
59032	0.01034551767
59033	0.001694485599
59034	0.005161708552
59035	0.01327809849
59036	0.008988930755
59037	0.00380302653
59038	0.01054344114
59039	0.003532686372
59040	0.01065406439
59041	0.007967369856
59042	0.003202377966
59043	0.002512346562
59044	0.001312448417
59045	0.009650814606
59046	0.0047007622
59047	0.004583684737
59048	0.01080077173
59049	0.001609540647
59050	0.01657376737
59051	0.001711681628
59052	0.0089117038
59053	0.005477536803
59054	0.007137276266
59055	0.001303521799
59056	0.009907921865
59057	0.005336798431
59058	0.003525471952
59059	0.003258977134
59060	0.0124142626
59061	0.0004528316882
59062	0.004909784165
59063	0.0002855586668
59064	0.01195059932
59065	0.001435612651
59066	0.001232468767
59067	0.00557255648
59068	0.00643595104
59069	0.008659026097
59070	0.01517654601
59071	0.007967782769
59072	0.0004810540126
59073	0.0006773401338
59074	0.002217573324
59075	0.006375052852
59076	0.008129634404
59077	0.008512958098
59078	0.003213361175
59079	0.002769598465
59080	0.002754866574
59081	0.006970399577
59082	0.0003815139825
59083	0.003848033074
59084	0.01390891227
59085	0.006740167991
59086	0.008207536058
59087	0.02193416782
59088	0.006828211956
59089	0.007066662378
59090	0.0002185337461
59091	0.006351559139
59092	0.0009370642382
59093	0.0009408527417
59094	0.0009819699427
59095	0.0009768646194
59096	0.005612520333
59097	2.063886763e-06
59098	0.008350997849
59099	0.0001493494504
59100	0.002518836494
59101	0.004768183842
59102	0.01081842744
59103	0.004040365969
59104	0.005302596563
59105	0.002769102689
59106	0.0152943413
59107	0.00217675474
59108	0.003346299164
59109	0.006804964305
59110	0.003083326391
59111	0.006522982861
59112	0.00210934944
59113	0.002755905322
59114	0.01603196368
59115	0.009337860834
59116	0.002076796831
59117	0.01458728487
59118	0.001651293618
59119	0.000854516398
59120	0.0006430065067
59121	0.02245427495
59122	0.00571344269
59123	0.002237103735
59124	0.001620938723
59125	0.0004746868997
59126	0.01264119047
59127	0.008226040269
59128	8.958378844e-05
59129	0.02204620066
59130	0.0008695291372
59131	0.001168785516
59132	0.002537659925
59133	0.001418109636
59134	0.003007864087
59135	0.006138865281
59136	0.002097898951
59137	0.004674644861
59138	0.0002736893911
59139	0.000279147448
59140	0.00740354454
59141	0.006289992215
59142	0.002613995768
59143	0.001936327927
59144	0.001557565239
59145	0.01469004031
59146	0.0007849840157
59147	0.002953015201
59148	0.001569188541
59149	0.004306273914
59150	0.01020750202
59151	0.002691089648
59152	0.00619064141
59153	0.00546317967
59154	0.005763259621
59155	0.002147971753
59156	0.0007564325864
59157	0.003725376526
59158	0.008577177007
59159	0.0069953141
59160	0.003312753314
59161	0.000715825483
59162	0.01061309418
59163	0.01870252266
59164	0.007984932908
59165	0.01774028203
59166	0.001114736532
59167	0.001371034746
59168	0.00155573851
59169	0.002490834139
59170	0
59171	0.0001653971691
59172	0.0006085100472
59173	0.001479920983
59174	0.0006919667485
59175	0.01398312354
59176	0.01320781186
59177	0.002433762457
59178	0.01105311868
59179	0.00167978106
59180	0.006278442822
59181	0.003220816985
59182	0.002850550815
59183	0.004349111927
59184	0.01045541706
59185	0.003954682451
59186	0.006039585035
59187	0.0006479982323
59188	0.01136711835
59189	0.007628834342
59190	0.003742199367
59191	0.003538989517
59192	0.01133623129
59193	0.01164511661
59194	0.008710096161
59195	0.01223317803
59196	0.0006375453081
59197	0.002075704744
59198	0.003478032879
59199	0.002139676653
59200	0.003547499162
59201	0.0002807115992
59202	0.003997662272
59203	0.0008218900014
59204	0.001990237279
59205	0.001969043677
59206	0.0005312493332
59207	0.004559594042
59208	0.001339685924
59209	0.003995906372
59210	0.01826845625
59211	0.005298386506
59212	0.001375313138
59213	0.0005856683706
59214	0.001269659774
59215	0.005111028051
59216	0.001064410587
59217	0.03381105819
59218	7.627761555e-05
59219	3.236583281e-05
59220	0.007845030006
59221	0.001133455612
59222	0.0008415969243
59223	0.001017617001
59224	0.0125184927
59225	0.008818202733
59226	0.00296729963
59227	0.01496923378
59228	0.0119280113
59229	0.0008813641073
59230	0.0008918018017
59231	0.0094569006
59232	0.02111641562
59233	0.001377074762
59234	0.002316125461
59235	0.001330392988
59236	0.01299090315
59237	0.001786100976
59238	0.0008376392479
59239	0.004002868942
59240	0.0003461673461
59241	0.001067688434
59242	0.001782203646
59243	0.007361460279
59244	0.004379460554
59245	0.001795829215
59246	0.001811903782
59247	0.002320783728
59248	0.0007684253094
59249	0.007297505162
59250	0.01308400283
59251	0.002504267409
59252	0.01025562745
59253	0.01152460598
59254	0.001630708876
59255	0.005553409825
59256	0.01854330662
59257	0.001625378521
59258	0.002586069003
59259	6.425055348e-05
59260	0.00193392878
59261	0.0005438382831
59262	0.004690827763
59263	0.007162248818
59264	0.002836258674
59265	0.000558581726
59266	0.001583246664
59267	0.0001215673769
59268	0.01268680055
59269	0.00361244926
59270	0.01078689337
59271	0.01265551883
59272	0.003508749971
59273	0.0002623946326
59274	0.009114178714
59275	0.0001663853928
59276	0.001819179323
59277	0.0007724959005
59278	0.0211405036
59279	0.002407732054
59280	9.319234176e-05
59281	0.002206404228
59282	0.0003410917567
59283	0.01083260529
59284	0.004817026878
59285	0.004824829995
59286	0.001249258232
59287	0.00976443255
59288	0.0001300291346
59289	0.008332384066
59290	0.009635522062
59291	0.008697123352
59292	0.003025021255
59293	0.002602006553
59294	0.02468127993
59295	0.0007887311839
59296	0.00598481401
59297	0.0006572009353
59298	0.005451909415
59299	0.001901156128
59300	0.001778509604
59301	0.002943782584
59302	0.005385841766
59303	0.004009177199
59304	0.02177575371
59305	0.007971291453
59306	0.01152738535
59307	0.0008991101807
59308	0.006389610759
59309	0.0003294996262
59310	0.004493236631
59311	0.000173820389
59312	0.001152088039
59313	0.004177729774
59314	0.0004928785012
59315	0.000329489172
59316	0.002590563596
59317	0.02094800308
59318	0.01067993698
59319	0.003130747356
59320	0.001630471113
59321	0.007409702943
59322	0.002319111761
59323	0.00390833342
59324	0.0006340413134
59325	0.0007376366438
59326	0.001247200308
59327	0.004077604721
59328	0.006709811635
59329	0.004503572234
59330	0.001423039941
59331	0.009302094585
59332	0.00952104704
59333	0.01351975354
59334	0.0006520216616
59335	0.003705372576
59336	0.001693624026
59337	0.006740154744
59338	0.002110620885
59339	0.005864353517
59340	0.004607141053
59341	0.0005140840319
59342	0.001500784993
59343	0.03275971008
59344	0.0108181588
59345	0.003316427557
59346	0.0002222379629
59347	0.008101768403
59348	0.001336529352
59349	0.0007011141649
59350	0.001198145749
59351	0.0002159729114
59352	0.004222046697
59353	0.0009385234602
59354	0.003975510631
59355	0.008588898327
59356	0.01855704312
59357	0.007067940611
59358	0.002214146849
59359	0.01187286033
59360	0.001168603896
59361	0.006110895515
59362	0.001637678863
59363	0.002991729885
59364	0.002994776661
59365	0.000345621256
59366	0.01901207718
59367	0.002955684358
59368	0.002287234185
59369	0.001416012368
59370	0.01208807398
59371	0.005232833862
59372	0.00271155915
59373	0.003033173313
59374	0.009664413482
59375	0.003519668381
59376	0.001960792083
59377	0.004289870553
59378	0.00793224279
59379	0.00837171168
59380	0.008392050895
59381	0.004773382435
59382	0.009327746504
59383	0.02157945046
59384	0.01579101436
59385	0.004537542333
59386	0.008104922168
59387	0.005215051331
59388	0.001969845656
59389	0.004585506205
59390	0.009260719379
59391	0.023951371
59392	0.01846885097
59393	0.001825055336
59394	0.00338428128
59395	0.009019730925
59396	0.005669699511
59397	0.008412036042
59398	0.00634828224
59399	0.007067895655
59400	0.01720361888
59401	0.01057385617
59402	0.005538992014
59403	0.009610386197
59404	0.001708388033
59405	0.004028577765
59406	0.005352529313
59407	0.003728851058
59408	0.003259722551
59409	0.004068845608
59410	0.0001403522254
59411	0.005624744999
59412	0.007545398008
59413	0.007651091592
59414	0.00256889176
59415	0.001456682324
59416	0.01270131708
59417	0.01286680299
59418	0.006747354404
59419	0.02264766183
59420	0.01038914259
59421	0.003489571901
59422	0.003533036064
59423	0.005542537929
59424	0.004746003937
59425	0.004799090081
59426	0.004937656836
59427	0.007245244069
59428	0.0005151871756
59429	0.004844994524
59430	0.005188590229
59431	0.009488496898
59432	0.006574649715
59433	0.0005429063324
59434	0.01087395607
59435	0.0001051451378
59436	0.0109910598
59437	0.003252567015
59438	0.0003416024567
59439	0.0005384442193
59440	0.00262455602
59441	0.004307773301
59442	0.009671198611
59443	0.002724580615
59444	0.01055310246
59445	0.002010731812
59446	0.00988195704
59447	0.001387083475
59448	0.01175932753
59449	0.007801441585
59450	0.004692621859
59451	0.002500174282
59452	0.005351851004
59453	0.01396497078
59454	0.003260937357
59455	0.01703202482
59456	0.01725333011
59457	0.02017074333
59458	0.001963673521
59459	0.00352622741
59460	0.01958600139
59461	0.0008912362703
59462	0.000473177569
59463	0.002732923519
59464	0.01245885862
59465	0.002377564328
59466	0.01091434219
59467	0.003949194899
59468	0.007124400793
59469	0.002790457166
59470	0.0004987225592
59471	0.009823453375
59472	0.004190168011
59473	0.01753129907
59474	0.005768083359
59475	0.00201457438
59476	0.001207723847
59477	2.147194862e-06
59478	0.0001761391968
59479	0.008539189915
59480	0.004002893026
59481	0.00407309883
59482	0.002486131316
59483	0.002836076985
59484	0.005334157548
59485	0.004996481915
59486	0.01440325551
59487	0.004006936366
59488	0.001181436628
59489	0.001417646117
59490	0.002783468933
59491	0.0002514890844
59492	0.007695319405
59493	0.003165857551
59494	0.002155047623
59495	0.0009397866268
59496	0.004348318329
59497	0.01249506528
59498	0.0003493659798
59499	7.945373127e-05
59500	0.003402456951
59501	0.0006669855998
59502	0.004086951827
59503	0.0002537501561
59504	0.001612994366
59505	0.02625317716
59506	0.002869366602
59507	0.00644220516
59508	0.0005234759876
59509	0.007690666639
59510	0.003212298383
59511	0.00706512563
59512	0.008626719825
59513	0.004875391353
59514	0.005128123101
59515	0.002220735676
59516	0.002794449496
59517	0.004562475819
59518	0.000230760183
59519	0.003340922189
59520	0.002066241031
59521	0.005518762799
59522	0.004960982044
59523	0.00261352561
59524	0.0003185664375
59525	0.002018552677
59526	0.008224061458
59527	0.01697671992
59528	0.003434947529
59529	0.01531221417
59530	0.0003141616846
59531	2.732321197e-05
59532	0.004603956014
59533	0.008031522091
59534	0.01032718394
59535	0.001489467472
59536	0.003382140706
59537	0.005822905105
59538	0.0007964111109
59539	0.0003611680815
59540	0.009148183087
59541	0.0009708757591
59542	0.01271117514
59543	0.01016989932
59544	0.004177293418
59545	0.004976567894
59546	0.001271391701
59547	0.01323415268
59548	0.009288740399
59549	0.0008575722919
59550	0.008803598659
59551	0.01687180064
59552	0.001390880353
59553	0.001752925587
59554	0.003262591014
59555	0.009929697867
59556	0.0008054721503
59557	2.523451794e-05
59558	0.006403824848
59559	0.006782308419
59560	0.00685285063
59561	0.009864428945
59562	0.0003519136807
59563	0.01615960279
59564	0.02229520894
59565	0.001833848397
59566	0.002278094389
59567	0.0009429819059
59568	0.000986846753
59569	0.001157864662
59570	0.01047563608
59571	0.001531328463
59572	0.002481596708
59573	0.001287978014
59574	0.003472137718
59575	0.01077429842
59576	0.003875653685
59577	0.01088343243
59578	0.001897211384
59579	0.02183086158
59580	0.0008379967935
59581	0.005523080949
59582	0.002599873549
59583	0.01979825917
59584	0.002187961699
59585	0.002466608059
59586	0.008985095584
59587	0.01489976055
59588	0.0008405367157
59589	0.007203036289
59590	0.01175936142
59591	0.004025077427
59592	0.002659417068
59593	0.004663709629
59594	0.0007840844679
59595	0.003064428173
59596	0.004067690157
59597	0.01081891038
59598	0.002892957113
59599	0.001834665234
59600	0.003293161374
59601	0.002331983287
59602	0.005458574115
59603	0.02467357706
59604	0.006338704173
59605	0.01479247596
59606	0.001892239967
59607	0.01033661018
59608	0.01697919697
59609	0.003169086048
59610	0.007896278626
59611	0.008069984951
59612	0.001563414666
59613	0.02771784845
59614	0.01526192339
59615	0.0005516178132
59616	0.005409974681
59617	0.000138861433
59618	0.0003416164888
59619	0.001598811207
59620	0.002354964063
59621	0.003697514964
59622	0.005627189128
59623	0.01092324531
59624	0.009872554648
59625	0.0007587806086
59626	0.001166858319
59627	0.01302470407
59628	0.002825676215
59629	0.0007768643641
59630	0.003025512342
59631	0.01228371015
59632	0.009060566333
59633	0.003847668482
59634	0.003152081772
59635	0.004329074672
59636	0.007302041837
59637	0.009623553936
59638	0.0004553132634
59639	0.004870157028
59640	0.01089811995
59641	2.163493512e-05
59642	0.0001671719956
59643	0.01565999404
59644	0.0002337149144
59645	0.0009682381384
59646	0.005813792978
59647	0.001326431706
59648	0.002761721155
59649	0.008685295684
59650	0.001740098613
59651	0.01534852858
59652	0.01085935777
59653	3.879060541e-05
59654	0.002749765593
59655	0.003303253306
59656	0.0005573098447
59657	0.004433076612
59658	0.006389661063
59659	0.0004838077541
59660	0.005304731504
59661	0.005873967047
59662	0.01027530009
59663	0.007220447581
59664	0.004059736918
59665	0.003682896156
59666	0.005800786265
59667	0.002332722737
59668	0.01016209657
59669	0.003301796576
59670	0.006838617879
59671	0.001241849691
59672	0.00976470871
59673	0.02216294216
59674	0.01349781363
59675	0.001979950081
59676	0.003838829547
59677	0.004608615713
59678	0.009316074497
59679	0.004893040983
59680	0.0005213857086
59681	0.001411982927
59682	0.00741879453
59683	0.001851905034
59684	0.0006123967626
59685	0.01168632455
59686	0.001298883187
59687	0.01181160838
59688	0.0003002438125
59689	0.01696031013
59690	0.002487934591
59691	0.001177385125
59692	0.0107782314
59693	0.01810294383
59694	0.006141813192
59695	0.003063381716
59696	0.006023572139
59697	0.004391846398
59698	0.001251732269
59699	8.871625375e-05
59700	0.01253260179
59701	0.007183030067
59702	0.009060296025
59703	0.005590020788
59704	0.02636355663
59705	0.005548120754
59706	0.005353055715
59707	0.008472608093
59708	1.169836787e-05
59709	0.01602205974
59710	0.004216065312
59711	0.0006636589161
59712	0.0003417080211
59713	0.008949850646
59714	0.00751915465
59715	0.008125188095
59716	0.007709014916
59717	0.00250979436
59718	0.007739360325
59719	0.004182775509
59720	0.002370876683
59721	0.001966030351
59722	1.601231192e-05
59723	0.004165691304
59724	0.0007497794067
59725	0.003375803505
59726	0.007192060977
59727	0.001437608915
59728	0.0208566372
59729	0.005702614378
59730	0.009168406409
59731	0.002329100824
59732	0.001133563631
59733	0.007062024855
59734	0.0006879862668
59735	0.007578460473
59736	0.009757408913
59737	8.002109916e-05
59738	0.007707278405
59739	0.00962052012
59740	0.001209404621
59741	0.009376893726
59742	0.008899657748
59743	0.02066306972
59744	0.006569037349
59745	0.002324506171
59746	0.009592596485
59747	0.03067937476
59748	0.007683626658
59749	0.001761920855
59750	0.0002018045579
59751	0.003726319088
59752	0.006289773663
59753	0.01266516356
59754	0.0112820717
59755	0.009706765511
59756	0.006163419813
59757	0.003140083371
59758	0.003307916572
59759	0.00334177167
59760	0.00560996405
59761	0.004766931474
59762	0.002685294146
59763	0.0063227246
59764	0.0007424061945
59765	0.002402871725
59766	0.0005941034894
59767	0.0062917658
59768	0.00848902431
59769	0.0002943011292
59770	0.004389200639
59771	0.005580165753
59772	0.007349564215
59773	0.001526864029
59774	0.007809782394
59775	0.01045105905
59776	0.004008045032
59777	0.002293810017
59778	0.0005981151134
59779	0.0003712726603
59780	0.0005013858583
59781	0.007187078687
59782	0.006327266617
59783	0.002773263446
59784	0.003780197686
59785	0.002746425098
59786	0.01598800503
59787	0.0004469108179
59788	0.0008157235004
59789	0.001106236463
59790	0.01062000373
59791	0.0003442130721
59792	0.007138762168
59793	0.005131565438
59794	0.002356894097
59795	0.0005638923347
59796	0.003777979653
59797	0.01223207708
59798	0.001897950302
59799	0.000209022713
59800	0.009513801977
59801	0.001939181082
59802	0.0007716874362
59803	0.01703202656
59804	0.008396565201
59805	0.0116302361
59806	0.01223385438
59807	0.01542933298
59808	0.001264350159
59809	4.769919771e-06
59810	0.002831097008
59811	0.01376241078
59812	0.001189280318
59813	0.003499226369
59814	0.0006260408479
59815	0.001388800352
59816	0.003073798142
59817	0.006177763891
59818	0.01091953206
59819	0.003586392188
59820	0.001525453296
59821	0.01288163455
59822	0.008640555699
59823	0.008604929511
59824	0.002825909681
59825	0.001830037259
59826	0.004363479787
59827	0.005378385181
59828	0.00507705264
59829	0.0003869059691
59830	0.01409450256
59831	0.0002219032799
59832	0.009291905221
59833	0.002190375868
59834	0.0008418653291
59835	0.008173322263
59836	0.005379894993
59837	0.002653465651
59838	0.005721186777
59839	0.005591554651
59840	0.0001357560633
59841	0.0003963517455
59842	0.008471626072
59843	0.006682664211
59844	7.018478919e-05
59845	0.007214966833
59846	0.003598242538
59847	0.007106122345
59848	0.0001700554443
59849	4.909732684e-06
59850	0.02784611898
59851	0.00414725498
59852	0.003448321555
59853	0.00185148168
59854	0.00443970519
59855	0.001428355441
59856	0.01020386494
59857	5.524673023e-05
59858	0.003558169933
59859	0.003636493424
59860	0.000301615136
59861	0.00134462474
59862	0.01228055982
59863	0.002739885606
59864	0.001790303442
59865	0.001840404808
59866	0.003286933778
59867	0.01298795904
59868	0.0004508905336
59869	0.004725874326
59870	0.01140149
59871	0.005354713089
59872	0.002745266722
59873	0.03440769737
59874	0.00264286981
59875	0.008891197325
59876	0.003550480319
59877	0.005098912088
59878	0.001414857285
59879	0.005202656845
59880	0.005112093151
59881	0.0042621208
59882	0.009477453352
59883	0.007195711394
59884	0.007454355568
59885	0.001577539118
59886	0.00861358662
59887	0.007717917149
59888	0.0006341974776
59889	0.01038404089
59890	0.003969768658
59891	0.0009414635788
59892	0.001166904474
59893	0.0004232921556
59894	0.0007038323388
59895	0.007158994163
59896	0.01307692273
59897	0.01219617664
59898	0.0007425981468
59899	0.01204371189
59900	0.000354947796
59901	0.01483087826
59902	0.002620045593
59903	0.007842222186
59904	0.003858001734
59905	0.01010791526
59906	0.002262100144
59907	0.003812840821
59908	0.003075201525
59909	0.00591110936
59910	0.003562507333
59911	0.007232232596
59912	0.005502964266
59913	0.001413712322
59914	0.003974371569
59915	0.005738940638
59916	0.002037111976
59917	0.000884792498
59918	0.01059828869
59919	0.002634036796
59920	0.01172382275
59921	0.007213344615
59922	0.004428117219
59923	0.00318813097
59924	0.0001977696032
59925	0.01298134947
59926	0.004893618584
59927	0.02009906405
59928	0.0004703330954
59929	0.01172029787
59930	0.0004412034499
59931	0.01595334791
59932	0.01984695986
59933	9.655840027e-05
59934	0.0173000024
59935	0.003046238845
59936	0.0006957777746
59937	0.01321468169
59938	0.001155529236
59939	0.01517699758
59940	0.003326619987
59941	0.009978258073
59942	0.00976812725
59943	0.00366391
59944	0.01367156135
59945	0.002382479863
59946	0.009110200281
59947	0.005013970929
59948	0.004889197953
59949	0.003727405105
59950	0.01139400979
59951	0.004315154431
59952	0.001510899722
59953	0.007276834771
59954	0.00769938681
59955	0.0002279136353
59956	0.0021867446
59957	0.01070050902
59958	0.008232887114
59959	0.01634128234
59960	0.0006770149153
59961	0.001179927399
59962	0.0007502036399
59963	0.006346233994
59964	0.004499078582
59965	0.003766181137
59966	0.003047586211
59967	0.01080173692
59968	0.00160604823
59969	0.009693267545
59970	0.000281099076
59971	0.02162289251
59972	0.009990183001
59973	0.01358086928
59974	0.0196513724
59975	0.0008387150738
59976	0.002009901079
59977	0.002182536193
59978	0.02178113655
59979	0.01701635817
59980	0.003606079962
59981	1.863732573e-05
59982	0.002931959451
59983	0.01193001235
59984	0.002328191765
59985	0.0007178571827
59986	0.006292463459
59987	0.02306979068
59988	0.009177182227
59989	0.0001511913412
59990	0.005879463784
59991	1.183955388e-05
59992	0.002027473812
59993	0.007311096528
59994	0.001156808366
59995	0.02057520326
59996	0.001343946276
59997	0.01559677532
59998	0.001903807612
59999	0.01718969562
60000	0.007521728807
60001	0.003688047684
60002	0.01077517241
60003	0.0004023644518
60004	0.003846643817
60005	0.009360393644
60006	0.0005523061915
60007	1.12179121e-05
60008	0.005632993238
60009	0.01524562371
60010	0.003294857176
60011	0.0006386193703
60012	0.01193316603
60013	0.004425465973
60014	0.002059747465
60015	0.003861553481
60016	0.0007764443756
60017	0.01026059012
60018	0.01488686367
60019	0.01138481756
60020	0.0004663554478
60021	0.0004946234998
60022	0.0002619344631
60023	0.007869145197
60024	0.001323463828
60025	1.352514618e-05
60026	0.008538482142
60027	0.001293496462
60028	0.001046127409
60029	0.001480010959
60030	0.00729924806
60031	0.02089537621
60032	0.01778139834
60033	0.001450739212
60034	0.0008362363252
60035	0.008173196539
60036	0.002551225667
60037	0.0006720736069
60038	0.008051011774
60039	0.0003597466357
60040	0.007198609227
60041	0.01725660494
60042	0.008496308823
60043	0.004408422148
60044	0.005487550587
60045	0.004187172969
60046	0.006598093938
60047	0.002884568015
60048	0.0007746615209
60049	0.003231792685
60050	0.007434361251
60051	0.003138411968
60052	0.002694372445
60053	0.008066195814
60054	0.0002622587994
60055	0.001957004782
60056	0.01382924332
60057	0.01607788961
60058	0.0009441437513
60059	0.007683248266
60060	0.005150890202
60061	0.004731653897
60062	0.002179042088
60063	0.000662449332
60064	0.009489409162
60065	0.005136228186
60066	0.01066602351
60067	0.001527913078
60068	0.000545974371
60069	0.006302238198
60070	0.01194544926
60071	0.01228117283
60072	0.004450209255
60073	0.003388736567
60074	0.0005613234805
60075	0.0001997120593
60076	0.003056341515
60077	0.00672551966
60078	0.003281579424
60079	0.003785929108
60080	0.00889882174
60081	0.01160008354
60082	0.002933858253
60083	0.004781663268
60084	0.003210025248
60085	0.01053262479
60086	0.001127655537
60087	0.0001924705788
60088	0.001423177345
60089	0.01075604871
60090	0.001060997024
60091	0.005042861255
60092	0.0001253734994
60093	0.0008905538148
60094	0.01033896896
60095	0.005366955917
60096	0.007020555433
60097	0.003204662685
60098	0.006227440454
60099	0.002088133479
60100	0.001020402052
60101	0.0009148475409
60102	0.002938497084
60103	0.003833001156
60104	0.01978134643
60105	0.006695085037
60106	0.008627047959
60107	0.002194744004
60108	0.0007925139673
60109	0.004611415982
60110	0.008114677098
60111	0.01028469228
60112	8.417600867e-05
60113	0.002724412085
60114	0.007351558925
60115	0.01012377986
60116	0.004364803598
60117	0.01308705796
60118	0.002972422919
60119	0.008802993969
60120	0.005920121724
60121	0.0007680758708
60122	0.001543428393
60123	0.008476504848
60124	0.002282624813
60125	0.003084267024
60126	0.02594764465
60127	0.002448853122
60128	0.006999777741
60129	0.01695867979
60130	0.01347912017
60131	0.0005233290185
60132	0.003103126848
60133	0.0009750621644
60134	0.004262682514
60135	0.001083887483
60136	0.0009597806139
60137	0.002258761533
60138	0.002091773142
60139	0.003073741908
60140	0.001065448229
60141	0.01843537598
60142	0.01174914626
60143	0.003271817518
60144	0.005704419317
60145	0.0003736778408
60146	0.01161715423
60147	0.008246359792
60148	0.004426356587
60149	0.003118324214
60150	0.001414103083
60151	0.005624456547
60152	0.01114057369
60153	0.0006040186572
60154	0.01294324376
60155	0.01305665301
60156	0.001200914341
60157	0.008809026126
60158	0.004049075264
60159	0.003906285052
60160	0.001096411886
60161	0.003100450219
60162	0.0004716573009
60163	0.002492286481
60164	0.001198179879
60165	0.008715912438
60166	0.0006641768341
60167	0.0245306742
60168	0.01408362874
60169	0.005203502148
60170	0.003990508059
60171	0.004087666858
60172	0.009578107836
60173	0.001834312143
60174	0.005059759656
60175	0.004189064178
60176	0.001414830378
60177	0.007169142094
60178	0.008759212757
60179	0.000254960149
60180	0.005686594036
60181	0.002138741697
60182	0.001513564277
60183	0.01597659785
60184	0.0008653926591
60185	0.00170832115
60186	0.007258628477
60187	0.0005367469116
60188	0.001539559774
60189	0.01165623912
60190	0.00108168638
60191	0.005999328561
60192	0.0003412816142
60193	0.01278056053
60194	0.007805991407
60195	0.02760118664
60196	0.002588067407
60197	0.01282660548
60198	5.002938196e-05
60199	0.01097819402
60200	0.00543424563
60201	0.007080693061
60202	0.01024058295
60203	0.01168761429
60204	0.005279606596
60205	0.01919622523
60206	0.0012816886
60207	0.0001783832279
60208	0.015419716
60209	0.01251596565
60210	0.01114659949
60211	0.001601923849
60212	0.01018793969
60213	0.01086532469
60214	0.003804783719
60215	0.002058161385
60216	0.006025326511
60217	0.000121051216
60218	0.0008555226765
60219	0.0005637328196
60220	0.005027587246
60221	0.008265387442
60222	0.01199555064
60223	0.003319727552
60224	0.002629959292
60225	0.01189630064
60226	0.01295547515
60227	0.005523917227
60228	0.003119670297
60229	0.001005371103
60230	0.01082539296
60231	0.004498766907
60232	0.0007937781926
60233	0.00425744952
60234	0.003605156459
60235	0.01888121176
60236	0.001761434008
60237	0.004188713038
60238	0.001560219367
60239	0.00145894055
60240	0.005100551982
60241	0.01111982004
60242	0.003571408633
60243	0.005216025188
60244	0.008891736034
60245	0.005454101836
60246	0.002829818839
60247	0.02438845481
60248	0.002535674242
60249	0.0001317011254
60250	0.0005280356092
60251	0.0006572115885
60252	0.001071925661
60253	0.009487713888
60254	0.01206834125
60255	0.001481477015
60256	0.004031810626
60257	0.01227591137
60258	0.001379226414
60259	0.004381158793
60260	0.004105808336
60261	0.0009428241971
60262	0.002497437718
60263	0.005189939009
60264	0.02160504359
60265	0.0110882984
60266	0.007333620186
60267	0.0003250547629
60268	0.002252590815
60269	0.007669907385
60270	0.01909910936
60271	0.00659251821
60272	0.007932631339
60273	0.001070882725
60274	0.001625322661
60275	0.003702775802
60276	0.008021492598
60277	0.004036823038
60278	0.008866654874
60279	0.00369362708
60280	0.01527180309
60281	0.01361338221
60282	0.009376688463
60283	0.01318431293
60284	0.0002045657292
60285	0.003330679248
60286	0.009201190653
60287	0.0008804606862
60288	0.000698086138
60289	0.00178089335
60290	0.00487217482
60291	0.003983747162
60292	0.003964068138
60293	0.003180765098
60294	0.01849095504
60295	0.002802229791
60296	0.002214476705
60297	0.0004000039527
60298	0.01203636461
60299	0.0002991271649
60300	0.02303586729
60301	0.00552238634
60302	0.00115918921
60303	0.005398846614
60304	0.007037164282
60305	0.002384507257
60306	0.01023292989
60307	0.01409347727
60308	0.004348376149
60309	0.008546773474
60310	0.002578169552
60311	0.01429819504
60312	0.005251890953
60313	0.006080414126
60314	0.001027314231
60315	0.009738587968
60316	0.02247047383
60317	0.0009867682287
60318	0.004432224228
60319	0.002394820837
60320	0.0007991250404
60321	0.01166008714
60322	7.741510454e-05
60323	0.01000406325
60324	0.001399898775
60325	0.006128840879
60326	0.01446247755
60327	0.006969572049
60328	0.008097670288
60329	0.002780450291
60330	0.01897129493
60331	0.009486513223
60332	0.01162925577
60333	0.002592024625
60334	0.002829857003
60335	0.00525680694
60336	0.01169254072
60337	0.002777693473
60338	0.0003743084682
60339	0.004742942782
60340	0.008685171054
60341	0.002390838268
60342	0.009383801247
60343	0.006422092596
60344	0.001435028648
60345	0.01075985424
60346	0.001042717056
60347	0.0008534965689
60348	0.003209557845
60349	0.002526414852
60350	0.0002152442706
60351	0.002177653412
60352	0.01112091832
60353	0.01669245886
60354	0.01352138275
60355	0.006989856001
60356	0.01483458513
60357	0.003939034862
60358	0.02293514205
60359	0.01398367534
60360	0.0002091128193
60361	0.011808054
60362	0.01436254898
60363	0.004115404685
60364	0.01119048275
60365	0.005774002253
60366	0.01418065654
60367	0.001880708837
60368	0.005071621711
60369	0.01459123892
60370	0.008396369051
60371	0.01273742313
60372	0.001132609847
60373	0.00148231138
60374	0.001342783404
60375	0.00415707943
60376	0.005546050319
60377	0.001885910776
60378	0.0104000264
60379	0.005836115969
60380	0.01144431536
60381	0.005264957854
60382	0.008418845982
60383	0.008939755969
60384	0.01005732284
60385	0.01000945846
60386	0.0009325537812
60387	0.002271940686
60388	0.002405165208
60389	0.007195024755
60390	0.02007827934
60391	0.01263164806
60392	0.01391114902
60393	0.001204366753
60394	0.008330961069
60395	0.001683743936
60396	0.01340713911
60397	0.007264909902
60398	0.005009716746
60399	0.001249347282
60400	0.003741584916
60401	0.002511420455
60402	0.006531497353
60403	0.003140510607
60404	0.01096869742
60405	0.02048103921
60406	0.0008857310885
60407	0.01447360977
60408	0.001908601833
60409	0.01814643474
60410	0.01058641009
60411	0.002350145061
60412	0.001446418697
60413	0.007027561421
60414	0.0004827540354
60415	0.01348856363
60416	0.0005365978782
60417	0.0005479143613
60418	0.0004038985744
60419	0.009494192105
60420	0.001134275094
60421	0.001329600216
60422	0.00329736403
60423	0.0044958429
60424	0.007028713099
60425	0.006137550633
60426	0.00512308976
60427	0.004475774019
60428	0.001805018803
60429	0.0001187130192
60430	0.0006537873398
60431	0.008713606073
60432	0.01272589093
60433	0.02082992337
60434	0.0005138870636
60435	0.002675125201
60436	0.005089582098
60437	0.01220203321
60438	0.00910046581
60439	0.006690009545
60440	0.002770729945
60441	0.01511576016
60442	0.001221178396
60443	0.001722053326
60444	0.006047082392
60445	0.0001504293811
60446	0.007817662576
60447	0.02421020386
60448	0.01246812734
60449	0.007381919209
60450	6.715998936e-05
60451	0.002792803336
60452	0.000384100441
60453	0.005539258707
60454	0.007670235125
60455	0.01325184899
60456	0.01173815069
60457	0.01220827136
60458	0.000379371129
60459	0.001127852422
60460	0.002319814884
60461	0.01753939756
60462	0.0001711103295
60463	0.002460254229
60464	0.002070919886
60465	0.02887036191
60466	0.002176642965
60467	0.0003560015805
60468	0.008223928416
60469	0.001464529231
60470	0.01200281433
60471	0.002766203606
60472	0.0002236057733
60473	0.0005176876511
60474	0.005386194545
60475	0.0002336786481
60476	0.01115090978
60477	0.01685576364
60478	0.0001959261573
60479	0.003756805768
60480	0.005795024662
60481	0.00045529921
60482	0.0004537317197
60483	0.003136685374
60484	0.003130196029
60485	0.009698778242
60486	0.01933022695
60487	0.005145638431
60488	0.002747740353
60489	0.01006091722
60490	0.005038777404
60491	0.01799682821
60492	0.003877876331
60493	0.003676201467
60494	0.0001360540662
60495	0.0003887474793
60496	0.01102623289
60497	0.009567766523
60498	0.01229462918
60499	0.003627213139
60500	0.001123345042
60501	7.832291992e-05
60502	0.001792166926
60503	0.001519826059
60504	0.01626349564
60505	0.003893385965
60506	0.006751128874
60507	0.006773991792
60508	0.005932721455
60509	0.01659275869
60510	0.006233663515
60511	0.007634065568
60512	3.805650106e-05
60513	0.013948218
60514	0.003241540248
60515	0.0154890552
60516	0.01031836093
60517	0.001556837051
60518	0.000195444897
60519	0.0002303532055
60520	0.007210270468
60521	0.002536554543
60522	0.008808020113
60523	0.0001905406003
60524	0.005544408328
60525	0.008972802893
60526	0.005363242748
60527	0.008031850944
60528	0.01040906343
60529	0.0002745743073
60530	0.01650395036
60531	0.007770733331
60532	0.005070032925
60533	0.01066911739
60534	0.001579848692
60535	0.00724267203
60536	0.004603827225
60537	0.002651934317
60538	9.106619415e-05
60539	0.02045706349
60540	0.01329564232
60541	0.01775703291
60542	0.0002567693011
60543	0.005680922803
60544	0.01892344853
60545	0.00563881361
60546	0.01000604944
60547	0.001312529148
60548	0.01427318467
60549	0.006142874807
60550	0.0008797715895
60551	0.0005512584965
60552	0.004413152708
60553	0.002301344226
60554	0.005100977166
60555	0.007742490849
60556	0.01194875177
60557	0.001225170684
60558	0.0002605922001
60559	0.002098387293
60560	0.0008132152656
60561	0.008351704447
60562	0.01344460359
60563	0.007856286398
60564	0.006642641243
60565	0.009325444417
60566	0.01406172032
60567	0.002166627414
60568	5.456537078e-05
60569	0.007444763155
60570	0.02668836977
60571	0.007061240592
60572	0.008493118464
60573	0.00116505052
60574	0.0001131915349
60575	0.0002913681095
60576	0.001359551395
60577	0.001004524986
60578	0.001255391704
60579	0.01227847413
60580	0.0194880229
60581	0.01064454292
60582	4.095687804e-05
60583	0.004446154427
60584	0.003231668878
60585	0.002596835382
60586	0.007074610235
60587	0.003123675768
60588	0.009570870944
60589	0.01824731763
60590	0.0001179575404
60591	0.008360113903
60592	0.0009584617181
60593	0.001174111388
60594	0.008952609363
60595	0.0003999150036
60596	0.002983037031
60597	0.001059924344
60598	0.005217713117
60599	0.0009027627581
60600	0.005346071817
60601	0.01286744385
60602	0.006829865456
60603	0.009680115233
60604	0.003218584198
60605	0.003909907048
60606	0.01341864553
60607	0.004137437688
60608	0.01104785938
60609	0.004292136079
60610	0.0007319618921
60611	0.01307737579
60612	0.003379071859
60613	0.001182947102
60614	0.001100617942
60615	7.593657812e-05
60616	0.007194247894
60617	0.01234477145
60618	0.01277534799
60619	0.001807074793
60620	0.001017588331
60621	0.0001283545587
60622	0.0008596872068
60623	0.005723080843
60624	0.001944158094
60625	0.01010366485
60626	0.001789879642
60627	0.004852290027
60628	0.001562829561
60629	0.01213780828
60630	0.003459881879
60631	0.00145992234
60632	0.005322819963
60633	0.002764505706
60634	0.01178559354
60635	0.0007558728095
60636	0.001493792352
60637	0.00904061924
60638	1.388971863e-05
60639	0.007805381842
60640	0.02095799096
60641	0.005570047957
60642	0.006248690702
60643	0.01260592844
60644	1.044168396e-05
60645	0.002588317209
60646	0.009199740541
60647	0.02070461568
60648	0.002940802956
60649	2.417875852e-05
60650	0.02056546342
60651	0.008185777796
60652	0.006170411688
60653	0.005796748028
60654	0.007681649857
60655	0.01816501173
60656	0.01388042432
60657	0.001692300782
60658	0.00335572909
60659	0.003900412381
60660	0.01117916027
60661	0.007500015194
60662	0.003711407221
60663	0.003108111972
60664	0.02327400521
60665	0.0008556513824
60666	0.0001199437661
60667	0.002716080841
60668	0.01073832909
60669	0.002203839227
60670	0.008725190902
60671	8.616459205e-05
60672	0.0006869553951
60673	0.004033459283
60674	0.001569720496
60675	0.01495897259
60676	0.001131584526
60677	0.0004321112298
60678	0.01153913326
60679	0.001873485112
60680	0.006465453054
60681	0.00655767542
60682	0.008166885846
60683	0.00191266983
60684	0.002400381714
60685	0.01527026568
60686	0.01091194901
60687	0.003477079211
60688	0.008197203833
60689	0.001864685197
60690	0.005440360139
60691	0.02679361785
60692	0.01221578272
60693	0.006288071645
60694	0.0130297969
60695	0.002282116305
60696	0.001219852722
60697	0.002475715945
60698	0.004210347698
60699	0.009983692373
60700	0.004234848275
60701	0.004261724382
60702	0.001850688083
60703	0.005235429187
60704	0.002735073707
60705	0.00127301821
60706	0.005491915898
60707	0.01128226502
60708	0.003922858664
60709	0.003937600616
60710	0.006356395158
60711	0.00325821424
60712	0.01139291931
60713	0.004461189654
60714	0.002690830888
60715	0.002691531201
60716	0.006445557476
60717	0.001180798737
60718	0.000208460788
60719	0.005809961652
60720	0.004645605252
60721	0.02570776731
60722	0.01461574965
60723	0.01121474127
60724	0.02315590624
60725	0.01734196447
60726	0.001967014378
60727	0.01097177047
60728	0.00941548666
60729	0.003870399623
60730	0.003343461585
60731	0.005025164085
60732	0.005135318402
60733	0.005103648407
60734	0.001301890831
60735	0.005548537111
60736	0.002032281907
60737	0.009932527724
60738	0.0005044763286
60739	0.0009634826432
60740	0.0007233407782
60741	0.01081794569
60742	0.003325302954
60743	0.0001899815864
60744	0.003423185135
60745	0.01402775957
60746	0.001627183463
60747	0.01591954199
60748	0.001732436483
60749	0.00657689686
60750	0.01614467547
60751	0.002132315894
60752	0.02153243869
60753	0.005642241436
60754	0.0003239421314
60755	0.02177028468
60756	0.006077937782
60757	0.001115329959
60758	0.001616426684
60759	0.001302517287
60760	0.01079663552
60761	0.01123569699
60762	0.003330889275
60763	0.003902862939
60764	0.0005089159876
60765	0.0003117346891
60766	0.01798953633
60767	0.0002178487821
60768	0.01380041919
60769	0.008504819017
60770	0.006016924974
60771	0.009602641682
60772	0.002835834393
60773	0.007105643144
60774	0.0084533932
60775	0.003206853575
60776	0.003396330159
60777	0.005266677328
60778	0.003801845493
60779	0.0004817983239
60780	0.0005928736508
60781	0.01163812124
60782	0.01300233292
60783	0.01038443139
60784	0.005634628918
60785	0.00313904817
60786	0.006947085262
60787	0.0004508352135
60788	0.01189595214
60789	0.0002855336833
60790	0.003755398466
60791	0.009365974172
60792	0.004222400701
60793	0.001783140084
60794	0.002045093181
60795	0.01274996154
60796	0.02028663023
60797	0.009693438366
60798	0.001638875431
60799	0.005770098533
60800	0.0005942190876
60801	0.001500705516
60802	0.00876304878
60803	0.01909211165
60804	0.000679627633
60805	0.003721369088
60806	0.002768780864
60807	0.003292897004
60808	0.01393081855
60809	0.003237686607
60810	0.005199636392
60811	0.0004118462366
60812	0.004055376356
60813	0.01237024247
60814	0.000424327509
60815	0.002531956337
60816	0.004877301849
60817	0.01002808665
60818	0.003976629477
60819	0.01097333412
60820	0.00371662724
60821	0.003832616851
60822	0.006920223314
60823	0.007965498868
60824	0.001117596955
60825	0.002931430441
60826	0.005327856892
60827	0.007056566507
60828	0.0001925748803
60829	0.0003978897471
60830	0.005760384204
60831	0.001778419836
60832	0.01099877213
60833	0.006751342669
60834	0.0009908587141
60835	0.01447541609
60836	0.0006833881061
60837	0.008957040072
60838	0.002382671377
60839	0.00137242858
60840	0.0008002662812
60841	0.009851280501
60842	0.001686321002
60843	0.01195738655
60844	0.01754843629
60845	0.001615099518
60846	0.008445168527
60847	0.005585964721
60848	0.01018385144
60849	0.01435846897
60850	0.009867941839
60851	0.0008778851512
60852	0.001584277519
60853	0.01234924574
60854	0.005311955138
60855	0.006971168529
60856	0.0131239633
60857	0.01302185523
60858	0.01129652449
60859	0.0002849453596
60860	0.005087414941
60861	0.002599550587
60862	0.003650504039
60863	8.036026091e-05
60864	0.0125589165
60865	0.009684109559
60866	0.0008779137385
60867	0.001015879797
60868	0.01318499325
60869	0.001938753726
60870	0.00515966118
60871	0.01699637726
60872	0.008606496292
60873	0.01349402433
60874	0.003939090573
60875	0.004303657613
60876	0.003524119849
60877	0.001041170451
60878	0.01615944507
60879	0.003008072202
60880	0.01677803218
60881	0.01706393808
60882	0.00623986868
60883	0.002586507936
60884	0.005726641319
60885	0.008560224627
60886	0.003537177856
60887	0.01507887417
60888	0.006143674562
60889	0.004858380425
60890	0.02761607789
60891	0.002190630644
60892	0.003424729184
60893	0.004614428352
60894	0.0007729332023
60895	0.004331312483
60896	0.001180157999
60897	0.003823164335
60898	0.006675785627
60899	0.008338822722
60900	0.002456946884
60901	0.007375775789
60902	0.008232690586
60903	0.007040895397
60904	0.008637092901
60905	0.003936483114
60906	0.007327112561
60907	0.0001633688244
60908	0.004361459447
60909	0.01770716744
60910	0.002001072985
60911	0.009425733212
60912	0.0009785149779
60913	0.0009209500532
60914	0.006068981003
60915	0.004616244215
60916	0.02053172208
60917	0.007625580243
60918	0.002113793612
60919	0.02060424092
60920	0.004110305849
60921	0.009930241569
60922	0.009121918172
60923	0.001439629086
60924	0.01079388739
60925	0.00138773278
60926	0.0001212517313
60927	0.004907287931
60928	0.005068148676
60929	0.003694599814
60930	0.0103319292
60931	0.001679316811
60932	0.003495098152
60933	0.01314657829
60934	0.02347994123
60935	0.008392274895
60936	0.0178083004
60937	0.001116330615
60938	0.0005559829987
60939	0.004690593374
60940	0.00218649991
60941	0.007313027257
60942	0.006042093393
60943	0.0005715694438
60944	0.00102900799
60945	0.00825012869
60946	0.02023318037
60947	0.01401260603
60948	0.00810120378
60949	0.001472277295
60950	0.008445377991
60951	0.005628118697
60952	0.0004315088641
60953	0.006283287296
60954	0.0003391942218
60955	0.004390908035
60956	0.005143472172
60957	0.005668286555
60958	0.001429950984
60959	0.001672231242
60960	0.00779913006
60961	0.003127564188
60962	0.001627358118
60963	0.0007628003488
60964	0.006560423291
60965	0.001524506858
60966	0.005743119351
60967	0.0005789271738
60968	0.000567411215
60969	0.005006118936
60970	0.0003687195702
60971	0.01029890293
60972	0.009018999291
60973	0.00931900447
60974	0.005311645441
60975	0.001910572471
60976	0.004883829286
60977	0.005836662364
60978	0.001578958639
60979	0.0004448528918
60980	0.00342991868
60981	0.002262548662
60982	0.00360147304
60983	0.004977338822
60984	0.0001698296651
60985	0.0007426192497
60986	0.004325074904
60987	0.004988132645
60988	0.007763647224
60989	0.01513560577
60990	0.001689728405
60991	0.008340077895
60992	0.008071771296
60993	0.003162663986
60994	0.009978000631
60995	0.00733001696
60996	0.007635963755
60997	0.00228702906
60998	0.005400954102
60999	0.002789891227
61000	0.007335369458
61001	9.657155171e-06
61002	0.004596067107
61003	0.008968238782
61004	0.008699623084
61005	0.005738185428
61006	0.001883354083
61007	0.02165395703
61008	0.003167708698
61009	0.01508273811
61010	0.004481163541
61011	0.01052958933
61012	0.004061406522
61013	0.003623701987
61014	0.004045069713
61015	0.01447101487
61016	0.009566594047
61017	0.008587304998
61018	0.004080020666
61019	0.01384284204
61020	0.0151357689
61021	0.004017536248
61022	0.003940065814
61023	0.00673363591
61024	0.008462031997
61025	0.001311131081
61026	0.007618534542
61027	0.0004329222849
61028	0.007315992318
61029	0.00485617637
61030	0.00133781661
61031	0.0007861128606
61032	0.002001028423
61033	0.0004298566388
61034	0.007800144721
61035	0.002574591849
61036	0.03411675188
61037	0.005087848897
61038	0.000339206771
61039	0.0113308438
61040	0.0004698669324
61041	0.00519270835
61042	0.0007981720848
61043	0.001256155599
61044	0.005868290657
61045	0.003384124318
61046	0.005127602809
61047	0.01211566543
61048	0.004901274664
61049	0.01199135252
61050	0.00193456393
61051	0.005111793426
61052	0.009832802147
61053	0.009615729297
61054	0.007664410976
61055	0.004486599887
61056	0.005670272035
61057	0.00839450035
61058	0.0004258880915
61059	0.01350483282
61060	0.004607442007
61061	0.006027785017
61062	0.01274769765
61063	0.004095673738
61064	0.008201082164
61065	0.007338975804
61066	0.0007076925775
61067	0.0002870157552
61068	0.005366048534
61069	0.006827839379
61070	0.01785829055
61071	0.006974138109
61072	0.002862873171
61073	0.002807900041
61074	0.0006263067422
61075	0.01401095876
61076	0.001021699841
61077	0.0003083538266
61078	0.01187271482
61079	0.006886001471
61080	0.01145529882
61081	0.008833435964
61082	0.00686489518
61083	0.01821526046
61084	0.004189413962
61085	0.02415394909
61086	0.005364974928
61087	0.01918492373
61088	0.00304120831
61089	0.002271356338
61090	0.004948046315
61091	0.003924240661
61092	0.002228766046
61093	0.004841160933
61094	0.00468815918
61095	0.01246098362
61096	0.0009259091485
61097	0.003466760939
61098	0.002866317272
61099	0.008586943569
61100	0.006338823442
61101	0.004977774145
61102	0.001242907153
61103	0.0001827016105
61104	0.004873930049
61105	0.0006021617133
61106	0.01249894181
61107	0.005732982356
61108	0.005059427997
61109	0.001758032852
61110	0.002702356159
61111	0.01173990634
61112	0.01111748973
61113	0.0009289186824
61114	0.0335047869
61115	9.65795251e-06
61116	0.02145622962
61117	0.004862457941
61118	0.002737121576
61119	0.001831510644
61120	0.004879265025
61121	0.005462307361
61122	0.003928618435
61123	0.001427532074
61124	0.005032380479
61125	0.005345828998
61126	0.003656762548
61127	0.00521208195
61128	0.003302332766
61129	0.005863590251
61130	0.005621274887
61131	0.004873178919
61132	0.03531285055
61133	0.004402695059
61134	0.00313387326
61135	0.00227654313
61136	0.008937988019
61137	9.624776213e-05
61138	0.005592322623
61139	0.0001926567401
61140	0.007417520487
61141	0.01738497301
61142	0.005771497972
61143	0.006467236674
61144	0.005456502468
61145	0.003089759053
61146	0.008953338603
61147	0.003945545166
61148	0.004156858082
61149	0.001820792259
61150	0.005524549653
61151	0.01636573455
61152	0.00558782746
61153	0.0009785212074
61154	0.003564345575
61155	0.001325178877
61156	0.002133939496
61157	0.006556712279
61158	0.02076758708
61159	0.00135612719
61160	0.004236916092
61161	0.008116173051
61162	0.01076299506
61163	0.003329702988
61164	0.01145312113
61165	0.006338538714
61166	0.007376892031
61167	0.02025840132
61168	4.810182392e-05
61169	0.009281691609
61170	0.002678609257
61171	0.0008566227171
61172	0.0001762084233
61173	6.21384996e-05
61174	0.00196227801
61175	0.01286941592
61176	0.01131132194
61177	0.01461878704
61178	0.02375510313
61179	0.007204819665
61180	0.01470402409
61181	0.00165928793
61182	0.00228840708
61183	0.009877878511
61184	0.0001421688834
61185	0.00446964373
61186	0.007217588129
61187	0.003973739869
61188	0.0004676287129
61189	0.01082350253
61190	0.003818109606
61191	0.000998105681
61192	0.003695918901
61193	0.003187988331
61194	0.004237654392
61195	0.01000806348
61196	0.002657523806
61197	0.006009037694
61198	0.006525361276
61199	0.02111020752
61200	0.001827577162
61201	0.006696395599
61202	0.02053917377
61203	0.007426183467
61204	0.007814920758
61205	0.001132259449
61206	0.001043854694
61207	0.01129708422
61208	0.001841410473
61209	0.01303325793
61210	0.01345927188
61211	0.002248981516
61212	0.00838053191
61213	0.004422510487
61214	0.01024971111
61215	0.002688479816
61216	0.002022512057
61217	0.007138281181
61218	0.003252903188
61219	0.002703455567
61220	0.006072919838
61221	0.006068191707
61222	0.0008708174594
61223	0.004521758091
61224	0.001048278583
61225	0.008539179068
61226	0.003559895941
61227	0.0003540628865
61228	0.007851739073
61229	0.001922368358
61230	0.003451015939
61231	0.0133220656
61232	0.01274093615
61233	0.004583596042
61234	0.001426125016
61235	0.002660247972
61236	0.02037100717
61237	0.006944060827
61238	0.004384660478
61239	0.001337401478
61240	0.007490347304
61241	0.00601001231
61242	0.005511080989
61243	0.005269972896
61244	0.01383415178
61245	0.009075135352
61246	0.0004723363446
61247	0.003350946149
61248	0.003589230951
61249	0.00163457884
61250	0.001236387358
61251	0.01356535031
61252	0.01208442505
61253	0.02895346264
61254	0.006651191484
61255	0.002704156939
61256	0.005351014716
61257	0.001033362067
61258	0.005165949768
61259	0.001229771784
61260	0.0008657675546
61261	0.001209838612
61262	0.005883588152
61263	0.001618317477
61264	0.01576759438
61265	0.01348833522
61266	0.01022601844
61267	0.004800721706
61268	0.005385525117
61269	0.01041998048
61270	0.0003323155026
61271	0.008615255743
61272	0.001297665712
61273	0.008115419817
61274	0.01145155063
61275	0.000747074744
61276	0.009731479587
61277	0.001770301006
61278	0.009583627355
61279	0.003741631525
61280	0.004852557327
61281	0.006082725627
61282	0.004806471186
61283	0.003985421423
61284	0.0004751207914
61285	0.003131226521
61286	0.005622957986
61287	0.002573929513
61288	0.01157407073
61289	0.004400540467
61290	0.001148826871
61291	0.003458809446
61292	0.005528671921
61293	0.004887135812
61294	0.005655702419
61295	0.007722073472
61296	0.003861380765
61297	0.003976303563
61298	0.003842413266
61299	0.002001656984
61300	0.0001171702647
61301	0.003934974279
61302	0.007941906144
61303	0.00291840498
61304	0.002451426391
61305	0.01991301098
61306	0.02174681307
61307	0.02169934611
61308	0.02482252883
61309	0.00713267767
61310	0.003027182589
61311	0.002078050258
61312	0.001740165291
61313	0.0003105798941
61314	0.0002634237127
61315	0.01269485888
61316	0.01102796799
61317	0.008626481488
61318	0.0162166527
61319	0.003666964649
61320	0.006997114161
61321	0.003549474876
61322	0.001934327603
61323	0.006316310419
61324	0.0002545890221
61325	0.01851054161
61326	0.0001408439948
61327	0.007738030627
61328	0.003145379408
61329	0.006292259872
61330	0.001557179737
61331	0.01055236549
61332	0.000349216678
61333	0.01408436095
61334	0.01896664623
61335	0.002610650522
61336	0.01057430863
61337	0.01762054651
61338	0.001125121178
61339	0.01862840809
61340	0.002771432184
61341	0.01922536501
61342	0.01218317262
61343	0.009905506399
61344	0.001244302206
61345	0.00784499231
61346	0.001473737435
61347	0.0158459943
61348	0.006649596601
61349	0.0004338653142
61350	0.001046206674
61351	0.002069789734
61352	0.00465381777
61353	0.003178705258
61354	0.002253479
61355	0.006334470195
61356	0.001846729158
61357	0.003972733262
61358	0.009810339572
61359	0.0007298664945
61360	0.00291662946
61361	0.004696284242
61362	0.001246504609
61363	0.003780374227
61364	0.0002313078973
61365	0.0005720766248
61366	0.001143940583
61367	0.01336395403
61368	0.008766854069
61369	0.0004995940376
61370	0.008184682605
61371	0.002183088981
61372	0.01118691638
61373	0.005781210543
61374	0.01097719891
61375	0.003187874422
61376	0.002398699059
61377	0.001590394659
61378	0.0002952927188
61379	0.009908359711
61380	0.0001212615545
61381	0.001089428377
61382	0.007239548642
61383	0.003272298003
61384	0.009111685832
61385	0.003371890191
61386	0.004885692783
61387	0.0002924760559
61388	0.007405673838
61389	0.0007534758889
61390	0.0139559681
61391	0.001752740393
61392	0.009835688806
61393	0.0001769336363
61394	0.008027516752
61395	0.01704955141
61396	0.0043590064
61397	0.000979270949
61398	0.003306409346
61399	0.0009982533925
61400	0.0007933716616
61401	0.0142077697
61402	0.001894944609
61403	0.005327430415
61404	0.0007949635732
61405	0.007289448897
61406	0.01007435306
61407	0.001572790669
61408	0.0004770850581
61409	0.001390318506
61410	0.002102428501
61411	0.0002997246234
61412	3.753410424e-05
61413	0.003070538945
61414	0.005069679391
61415	0.003853967974
61416	0.01534731719
61417	0.006503257289
61418	0.006923580257
61419	0.009017542361
61420	0.007024265774
61421	0.0007310187171
61422	0.01432711286
61423	0.003439152613
61424	0.0007926686556
61425	0.005810775111
61426	0.004488397755
61427	0.009706781804
61428	0.003133038806
61429	0.005694222646
61430	0.003972581674
61431	0.001772045838
61432	0.002929719265
61433	0.002003211384
61434	0.001693940313
61435	0.002993779433
61436	0.01553771571
61437	0.009108482982
61438	0.00344626663
61439	0.0005692485309
61440	0.001057030624
61441	0.003691733627
61442	0.004941517471
61443	0.00526091542
61444	0.007608134029
61445	0.009265897439
61446	0.004084416423
61447	0.01023601263
61448	0.006221503494
61449	0.005165591507
61450	0.004231663852
61451	0.001769435993
61452	0.02192761599
61453	0.009040972165
61454	0.01836849333
61455	0.009521120822
61456	0.01302120081
61457	0.009719142426
61458	0.0008256385546
61459	0.005103776467
61460	0.002257410608
61461	0.006927712907
61462	0.00239711116
61463	0.002735357269
61464	0.00663230187
61465	0.005737079518
61466	0.001142630124
61467	0.005095210549
61468	0.0009455123313
61469	0.003809646412
61470	0.01750622065
61471	0.01173423596
61472	0.008574402914
61473	0.001385841195
61474	0.0142732096
61475	0.008955617569
61476	0.004130764775
61477	0.0001424008506
61478	0.0004668680901
61479	0.0002792381269
61480	0.002191258894
61481	0.0125969353
61482	0.00289244867
61483	0.005244858297
61484	0.0034222235
61485	0.004408877701
61486	0.006924563162
61487	0.0007550264705
61488	0.0003183989307
61489	0.004609768176
61490	0.01603291045
61491	0.00625647648
61492	0.003019187715
61493	0.009424549772
61494	0.001962624227
61495	0.002107066602
61496	0.01643834161
61497	0.002403492367
61498	0.001172768101
61499	0.000106538093
61500	0.008178908838
61501	0.01811159856
61502	0.009007669443
61503	0.0007151977039
61504	0.001313884079
61505	0.002441798388
61506	0.005676667808
61507	0.01079146991
61508	0.003940388842
61509	0.01039440557
61510	0.003872063828
61511	0.001069008662
61512	0.005444862613
61513	0.006380963736
61514	0.0007665716378
61515	0.008927091479
61516	0.01494519156
61517	0.01638253563
61518	0.00038144878
61519	0.003081832522
61520	0.0003141729564
61521	0.001237044707
61522	0.002214442014
61523	0.01262826384
61524	0.00544458792
61525	0.002745239839
61526	0.01367109155
61527	0.009249560835
61528	0.0005979920919
61529	0.004093736785
61530	0.003991102876
61531	0.01747959549
61532	0.000809865685
61533	0.01207258682
61534	0.002989580651
61535	0.006197440082
61536	0.00253459516
61537	0.0008573019303
61538	0.004967972795
61539	0.007509655149
61540	0.001936048387
61541	0.004212354435
61542	0.000301187773
61543	0.01345817256
61544	0.002433223291
61545	0.0005474342521
61546	0.004767746675
61547	0.006025481549
61548	0.001351502473
61549	0.01212404205
61550	0.0009003958053
61551	0.00326907569
61552	0.008391227641
61553	0.0001288251913
61554	0.0009602761842
61555	0.002086903369
61556	0.002405262717
61557	0.003503661382
61558	0.003272419684
61559	0.001733010094
61560	0.0007518160251
61561	0.005679161145
61562	0.0004134619605
61563	0.007750521909
61564	0.006265180491
61565	0.001362296222
61566	0.006227132372
61567	0.003427995353
61568	0.01529919629
61569	0.0001919406335
61570	0.009454616875
61571	0.003664722575
61572	0.003702774066
61573	0.00614180367
61574	0.01028575679
61575	0.006555694553
61576	0.007867360296
61577	0.007411006993
61578	0.00845700751
61579	0.006363844112
61580	0.006085993057
61581	0.003374311912
61582	0.002941342806
61583	0.01289304835
61584	0.01700836322
61585	0.01410443296
61586	0.004508448103
61587	0.005244588634
61588	0.004958601672
61589	0.003434375534
61590	0.003549426331
61591	0.0002359176292
61592	0.006989657108
61593	0.002557965382
61594	0.01158340636
61595	0.01774140537
61596	0.0009223974226
61597	0.005490657169
61598	0.001138205431
61599	0.009284929316
61600	0.003946084504
61601	0.003566663541
61602	0.00530899954
61603	0.001844739644
61604	0.007943963303
61605	0.0006452872462
61606	0.02038666173
61607	0.008034711447
61608	0.001696411083
61609	0.01579135769
61610	0.01008302796
61611	0.001206337887
61612	0.001330494742
61613	0.0009076044392
61614	0.001197877125
61615	0.0009769969441
61616	0.004432230568
61617	0.01210934655
61618	0.003318322249
61619	0.007653562748
61620	0.005999188831
61621	0.0004837161435
61622	0.01125659455
61623	0.004474420083
61624	0.0002827863992
61625	0.01008024639
61626	0.002788228289
61627	0.003181259975
61628	0.0175675729
61629	0.002036773899
61630	0.007029911678
61631	0.0005530099802
61632	0.02268004269
61633	0.003012501469
61634	0.01197548767
61635	0.0006487775267
61636	0.00287280487
61637	0.004499957791
61638	0.01283490252
61639	0.006752090531
61640	0.008335980369
61641	0.002911489124
61642	0.01523150691
61643	0.001281152637
61644	0.004822820461
61645	0.0009898979004
61646	0.01998817431
61647	0.0002250094008
61648	8.341123902e-05
61649	0.001567234306
61650	0.01217861187
61651	0.01275338192
61652	0.005184868475
61653	0.003682925697
61654	0.000129295774
61655	0.007932387737
61656	0.003966259923
61657	0.009780351864
61658	0.005544294178
61659	0.004901752917
61660	0.005996953121
61661	0.01478498131
61662	0.003902264485
61663	0.004187009906
61664	0.007431074084
61665	0.004611033053
61666	0.005275736291
61667	0.007399746952
61668	0.01301955193
61669	0.01340380605
61670	0.01411112503
61671	0.008984131605
61672	0.004730448394
61673	0.008841800119
61674	0.006384534955
61675	0.002894742202
61676	0.004692364508
61677	0.001888644175
61678	0.005934360312
61679	0.0006665352035
61680	0.002769850553
61681	0.006392610254
61682	0.008751557336
61683	0.01017373008
61684	0.003752242248
61685	0.01685108292
61686	0.0003885408563
61687	0.004706538934
61688	0.0162949413
61689	0.01149587648
61690	0.01158988849
61691	0.006561133223
61692	0.0002567656769
61693	0.02184306526
61694	0.0006138202263
61695	0.004262192596
61696	0.002185245599
61697	0.0006194739013
61698	0.001290400366
61699	0.01834710712
61700	0.002979107679
61701	0.002519828542
61702	0.007620743179
61703	0.0142958849
61704	0.01660427386
61705	0.0103645225
61706	0.01161209937
61707	0.00329842233
61708	0.002075670524
61709	0.001009263664
61710	0.0002881332058
61711	0.001173239551
61712	0.001512371005
61713	0.001504535041
61714	0.001283383247
61715	0.001641322273
61716	0.006812982056
61717	0.003074220522
61718	0.0002277405207
61719	0.002164343471
61720	0.003182853965
61721	0.0003613260235
61722	0.007273404837
61723	0.003573093165
61724	0.01182219123
61725	0.002957111818
61726	0.009229786347
61727	0.01104713719
61728	0.003614853134
61729	0.005279488722
61730	0.001342663242
61731	0.001014408272
61732	0.01429653697
61733	0.00975711175
61734	0.003226946942
61735	0.00410604972
61736	0.005557682303
61737	0.004874311968
61738	0.008326067161
61739	0.002604033172
61740	0.004243347174
61741	0.0006839715168
61742	0.0145912826
61743	0.002086334436
61744	0.000568783866
61745	0.01112809014
61746	0.01712683633
61747	0.008989706528
61748	0.0119219127
61749	0.01332151967
61750	0.01256693787
61751	0.0096145718
61752	0.002231536947
61753	0.003874049071
61754	0.01164066712
61755	0.02072342627
61756	0.003640871764
61757	0.001092382754
61758	0.0002052229648
61759	0.00902551848
61760	0.008528904789
61761	0.006383682156
61762	0.000882989745
61763	0.00499485661
61764	0.02441594314
61765	0.002223391789
61766	0.005200338943
61767	0.005305950782
61768	0.001111718386
61769	0.002363859279
61770	0.01050567376
61771	0.01023802369
61772	0.004299577268
61773	0.008203579251
61774	0.004711764105
61775	0.01406848528
61776	0.001138996543
61777	0.0003403781422
61778	0.003451105293
61779	0.0006637149167
61780	0.001329094705
61781	0.006430391078
61782	0.004299947843
61783	0.002833995255
61784	0.0198923614
61785	0.002446956527
61786	0.002973560561
61787	0.009209360054
61788	0.00361773883
61789	0.003607451945
61790	0.004395486265
61791	0.002743821307
61792	0.001211700796
61793	0.0003698962701
61794	0.007008312289
61795	0.0009634276578
61796	0.002843256073
61797	0.008368219349
61798	0.003098796181
61799	0.009691413053
61800	0.0005194424895
61801	0.002429242551
61802	0.004138561102
61803	0.003262075357
61804	0.002649325872
61805	0.01391749084
61806	0.006962160791
61807	0.002364324537
61808	0.005427300694
61809	0.0003433540783
61810	0.0004469330521
61811	0.01103496782
61812	0.0005125964808
61813	0.005694586176
61814	0.001771599358
61815	0.0001563187368
61816	0.003610882182
61817	0.003837645635
61818	0.004058776907
61819	0.01796559211
61820	0.0008578656509
61821	0.01137789383
61822	0.009493634396
61823	0.0144030891
61824	0.007298339851
61825	0.003425315053
61826	0.009956721593
61827	0.01052818471
61828	0.000952142132
61829	0.0005475764916
61830	0.004192617879
61831	0.002622349924
61832	0.0009993583862
61833	0.005416376457
61834	0.0004791560288
61835	0.01839795547
61836	0.002005813587
61837	0.01127701132
61838	0.0004990876123
61839	0.0008448888203
61840	0.01213001301
61841	0.0223022056
61842	0.008155908493
61843	0.00405032179
61844	0.0003991296441
61845	0.0006358977465
61846	0.005409384762
61847	0.008139880289
61848	0.01125975885
61849	0.002612002139
61850	0.0004305149256
61851	0.002452340211
61852	0.01442588684
61853	0.01656542203
61854	0.009061429325
61855	0.003285656378
61856	0.001767363734
61857	0.005237438666
61858	0.002045594734
61859	0.002401956428
61860	0.003196201743
61861	0.01758236567
61862	0.001259669835
61863	0.002399708365
61864	0.001783576854
61865	0.01562660962
61866	0.003574466378
61867	0.0009159568263
61868	0.0008924434969
61869	0.002516914735
61870	0.00888647732
61871	0.017558305
61872	0.005221025796
61873	0.01869545917
61874	0.001343306382
61875	0.01171074476
61876	0.01156289707
61877	0.003836548401
61878	0.01030115156
61879	0.006770382075
61880	0.00174092373
61881	0.0169742224
61882	0.006522020905
61883	0.003175149069
61884	0.002528859492
61885	0.005525439999
61886	0.004172814374
61887	0.003184757987
61888	0.01133660295
61889	0.008542309154
61890	0.005350818796
61891	0.003406591184
61892	0.001655124755
61893	0.002774546506
61894	0.008606797095
61895	0.004747559122
61896	0.01191502484
61897	0.003677481297
61898	0.007816188924
61899	0.009845036162
61900	0.008484206116
61901	0.004650702409
61902	0.01045531899
61903	0.009164775191
61904	0.006961768281
61905	0.009699536739
61906	0.003389913875
61907	0.001467216335
61908	0.00666211647
61909	0.01516520076
61910	0.01326403163
61911	0.001892986459
61912	0.01065587751
61913	0.003076860476
61914	0.004664500799
61915	0.004771612453
61916	0.01117725885
61917	0.0005559483343
61918	0.00197625199
61919	0.004086481073
61920	0.01379381526
61921	0.0001343049613
61922	0.006831394851
61923	0.008033895518
61924	0.006046253234
61925	0.0004938445898
61926	0.007531164111
61927	0.009296058058
61928	0.01060369583
61929	0.01154189013
61930	0.007296121607
61931	0.0008737923264
61932	0.001485202615
61933	0.001227171627
61934	0.002968620904
61935	0.006253068428
61936	0.01537506333
61937	0.004099585106
61938	0.005127475998
61939	0.01533028674
61940	0.0009268326492
61941	0.006191145701
61942	0.00941381624
61943	0.001175052701
61944	0.003961303608
61945	0
61946	0.009091550091
61947	0.001302276367
61948	0.002773907287
61949	0.0212252142
61950	0.002590668634
61951	0.007502693044
61952	0.004913602175
61953	0.009185057134
61954	0.003928129487
61955	0.001762957144
61956	0.01283802876
61957	0.007425027537
61958	0.01398807761
61959	0.005931546753
61960	0.006674242555
61961	0.00399750017
61962	0.00309215334
61963	0.009280771937
61964	0.004695758189
61965	0.001054694975
61966	0.006582589007
61967	0.001022126404
61968	0.008369012182
61969	0.003518404713
61970	0.004724995093
61971	0.01577520327
61972	0.006542060888
61973	0.005204897448
61974	0.01586843914
61975	0.0009104555772
61976	0.004340397666
61977	0.00668167162
61978	0.005657571197
61979	0.001338108686
61980	0.002995416084
61981	0.0002629713457
61982	0.001823107194
61983	0.02215204058
61984	0.005842924665
61985	0.007576066371
61986	0.002516340457
61987	0.005847704089
61988	0.00214308822
61989	0.005078424454
61990	0.003708534335
61991	0.00926903729
61992	0.006820125465
61993	0.003480591322
61994	0.01345276075
61995	0.002706837551
61996	0.009036178389
61997	0.006762449499
61998	0.01280207797
61999	0.0008013695484
62000	0.004458520452
62001	0.003398699016
62002	0.009136822916
62003	0.0009652578822
62004	0.003227103425
62005	0.001096606328
62006	0.005044045842
62007	0.004971452147
62008	0.01002935287
62009	0.007726432773
62010	0.004212830865
62011	0.001415155121
62012	0.001104454716
62013	0.003874444833
62014	0.001620097215
62015	0.02488837024
62016	0.001377248099
62017	0.01224547093
62018	0.006271475227
62019	0.001038110023
62020	0.008806442643
62021	0.0007069212348
62022	0.007486009888
62023	0.01777288503
62024	0.007644980948
62025	0.0003232945679
62026	0.001745572765
62027	0.005718922488
62028	0.006858153288
62029	0.001720636509
62030	0.01569453493
62031	0.01978486317
62032	0.0004036421066
62033	0.0007151964562
62034	0.003816589989
62035	0.009238380328
62036	0.02648780771
62037	0.004353151837
62038	0.02191237446
62039	0.01157800437
62040	0.005420367689
62041	0.007609639929
62042	0.002606412556
62043	0.02021753159
62044	0.01148724146
62045	0.00403981094
62046	0.001239168054
62047	0.01933958361
62048	0.002639763661
62049	0.004762221918
62050	0.01046664798
62051	0.0003971663978
62052	0.001706244215
62053	0.001661242722
62054	0.009712271532
62055	0.003778554121
62056	0.003244355361
62057	0.002200226063
62058	0.003202160737
62059	0.005918229919
62060	0.008800858757
62061	0.0009285669227
62062	0.004465654593
62063	0.004100905314
62064	0.001311010541
62065	0.0005849834404
62066	0.004214078093
62067	0.002420321081
62068	2.414169422e-05
62069	0.004513108778
62070	0.005484820837
62071	0.0005743252082
62072	0.006415037589
62073	0.003638542911
62074	0.0004885535665
62075	0.005737894592
62076	0.01944274942
62077	0.009888716293
62078	0.005835912863
62079	0.003188560653
62080	0.01087622993
62081	0.008150508644
62082	0.003243919852
62083	0.0132504721
62084	0.009449280185
62085	0.0002661219074
62086	0.0004205101546
62087	0.01079732806
62088	0.001184509512
62089	0.007206988353
62090	0.003526103999
62091	0.003683680982
62092	0.005436553027
62093	0.003406984623
62094	0.0008188318905
62095	0.000933738076
62096	0.007935109062
62097	0.007570331637
62098	0.0005315440812
62099	0.002091830864
62100	0.008584600968
62101	0.01026194142
62102	0.007825009898
62103	0.02062738503
62104	0.003337984622
62105	0.003487486474
62106	0.0002448719181
62107	0.000365201813
62108	0.006719770867
62109	0.009432217915
62110	0.00901670886
62111	0.0001084741025
62112	0.0005787435273
62113	0.009942731486
62114	0.001254263004
62115	0.01111095084
62116	0.02643973164
62117	0.008161150389
62118	0.005816288705
62119	0.00569981472
62120	0.0001764996802
62121	0.01130123649
62122	0.0005003223721
62123	0.000241532609
62124	0.01240121228
62125	0.003711322483
62126	2.79625868e-05
62127	0.005929579514
62128	0.0129684215
62129	0.01550960138
62130	0.01586436378
62131	0.0007670367329
62132	0.01045360856
62133	0.01030868725
62134	0.001404417226
62135	0.005398029738
62136	0.03043080256
62137	0.004246635406
62138	0.01047906412
62139	0.0009944059921
62140	0.007175560294
62141	0.0165528791
62142	0.01202480939
62143	0.004821336204
62144	0.004320062383
62145	0.005925927175
62146	0.009953410272
62147	0.006518469071
62148	0.01577758982
62149	0.0006730015294
62150	0.001584622017
62151	0.001629256636
62152	0.0112302841
62153	0.03446808299
62154	0.004934265963
62155	0.006553678372
62156	0.006287704696
62157	0.01180439537
62158	0.005056845163
62159	0.002110795768
62160	5.021272002e-05
62161	0.006195384285
62162	0.007818686314
62163	0.001061895465
62164	0.0007279296804
62165	0.00676915105
62166	0.004302505769
62167	0.01526920759
62168	0.008669922364
62169	0.007498290081
62170	0.004014468035
62171	0.00345466505
62172	0.004398651916
62173	0.00315417492
62174	0.0002472276554
62175	0.008699623365
62176	0.00130446118
62177	0.01222889389
62178	0.002317756433
62179	0.01497386905
62180	0.003601812872
62181	0.001731806976
62182	0.001348141147
62183	0.003233767431
62184	0.01630328423
62185	0.00344403058
62186	0.002388298358
62187	0.009279587147
62188	0.01330294841
62189	0.01106794467
62190	0.002374185917
62191	0.008811973412
62192	0.01660927819
62193	0.01139339009
62194	0.0005166413963
62195	0.003110613993
62196	0.00593688114
62197	0.002137199629
62198	0.01356299607
62199	0.01258216703
62200	0.0004041312971
62201	0.01003745902
62202	0.002448287749
62203	0.002001400339
62204	0.004042695946
62205	0.007072411687
62206	0.01826299856
62207	0.002192372806
62208	0.00845356882
62209	0.001873877581
62210	0.008327325824
62211	0.009396008477
62212	0.002847117473
62213	0.0003969111053
62214	0.0095386511
62215	0.002200604307
62216	0.0131248601
62217	0.007090917112
62218	0.01272680057
62219	0.001028057005
62220	0.007439000007
62221	0.003802143276
62222	0.006688514317
62223	0.002082256599
62224	0.006794095307
62225	0.0004977320073
62226	0.00186643019
62227	0.01837146126
62228	0.01003788839
62229	0.0008567978266
62230	0.003081137825
62231	0.0007145992331
62232	0.003114639498
62233	0.008653220536
62234	0.0004625962475
62235	0.01041124185
62236	0.009492051535
62237	0.005223056137
62238	0.006431964577
62239	0.01060136125
62240	0.008696695993
62241	0.01021210261
62242	0.0003785117689
62243	0.001789575902
62244	0.003822310611
62245	0.0006764742061
62246	0.005450912412
62247	0.01237049962
62248	0.002187595313
62249	0.004461604695
62250	0.001706471573
62251	0.00911480148
62252	0.01335200947
62253	0.01637687844
62254	0.003490061717
62255	0.0001955268806
62256	0.0008067759126
62257	0.007150867423
62258	0.001050930036
62259	3.692709376e-05
62260	0.003002997023
62261	0.002999054902
62262	0.002729316314
62263	0.02630715236
62264	0.002708487495
62265	0.007916535998
62266	0.001269716447
62267	0.005264045566
62268	0.007365419943
62269	0.003526879455
62270	0.02066229016
62271	0.001040664903
62272	0.006455585643
62273	0.003644879926
62274	0.002074308569
62275	0.00497279822
62276	0.0001022082725
62277	0.009619750249
62278	0.005409379204
62279	0.004500545
62280	0.009276637346
62281	0.0182321522
62282	0.01169424103
62283	0.007303251057
62284	0.001059649521
62285	0.004467478198
62286	0.001209226543
62287	0.002194115588
62288	0.005435873545
62289	0.01312230809
62290	0.01584293534
62291	0.007366128515
62292	0.01699670415
62293	0.007668796829
62294	0.0003044802842
62295	0.001059747382
62296	0.002848280739
62297	0.003574682698
62298	0.000119010604
62299	0.02071761801
62300	0.00505363676
62301	0.01038879008
62302	0.002957745678
62303	0.003044291122
62304	0.0003066210078
62305	4.498406987e-06
62306	0.004819923495
62307	0.0001602590881
62308	0.00495884421
62309	0.001599751242
62310	0.00271910679
62311	0.001695700626
62312	0.01007299914
62313	0.008490486117
62314	3.822064717e-05
62315	0.0137896884
62316	0.00754046804
62317	0.006289178869
62318	0.01133363533
62319	0.0006024142247
62320	0.0013697541
62321	0.002268542595
62322	0.002010940178
62323	0.002277817935
62324	0.003507948486
62325	0.008507721826
62326	0.02170896804
62327	0.004311107795
62328	0.004109606558
62329	0.001258440536
62330	9.226568004e-05
62331	0.008260251767
62332	0.01176229691
62333	0.0098690626
62334	0.001879295411
62335	0.01222966743
62336	0.008094257967
62337	0.000122527193
62338	0.002954666541
62339	0.01393335418
62340	0.0113342759
62341	0.001833834626
62342	0.00302896345
62343	0.0007518398076
62344	0.0004411152228
62345	0.001111297509
62346	0.004309482225
62347	0.01146246544
62348	0.0008785506643
62349	0.01103556589
62350	0.007099244121
62351	0.0001460595713
62352	0.009114207852
62353	0.00320000413
62354	0.01343031582
62355	0.00371462704
62356	0.001484492687
62357	0.0005873396703
62358	0.006819360842
62359	0.007884790643
62360	0.0005204263844
62361	0.007821278329
62362	0.01167216871
62363	0.0006211884243
62364	0.01160378239
62365	0.001897819758
62366	0.001170602789
62367	0.005129558959
62368	0.01116254502
62369	0.004083289359
62370	0.009342251554
62371	0.001176861306
62372	0.002655146256
62373	0.007429158604
62374	0.01140611682
62375	0.00409501856
62376	0.01123580055
62377	0.0008204279166
62378	0.001538038969
62379	0.003156983058
62380	0.008294971112
62381	0.005754651533
62382	0.01168453133
62383	0.003793490016
62384	0.008833387568
62385	0.01159791286
62386	0.001565363259
62387	0.008189117351
62388	0.006529525693
62389	0.01135248488
62390	0.003109965932
62391	0.009849441162
62392	0.01397703134
62393	0.0199118031
62394	0.004644566001
62395	0.006669794086
62396	0.001977737027
62397	0.0004501550999
62398	0.005503605374
62399	0.01239944564
62400	0.0002196357185
62401	0.0003785481823
62402	0.005516491368
62403	0.002728103167
62404	0.007753677485
62405	0.00860292424
62406	0.01275192913
62407	0.002731901636
62408	0.01318099109
62409	0.001842841484
62410	0.002178440519
62411	0.0004147038174
62412	0.001520155156
62413	0.001609786072
62414	0.0008654213038
62415	0.004038662057
62416	0.01426084449
62417	0.001003150102
62418	0.002488623298
62419	0.00069736424
62420	0.005255979605
62421	0.002831117868
62422	0.008167939885
62423	0.003812275178
62424	0.001615476951
62425	0.001655322407
62426	0.00835737261
62427	0.004122485719
62428	0.0001851554143
62429	0.01477564692
62430	0.001049344054
62431	0.01322781788
62432	0.007302797547
62433	0.006124984392
62434	0.005660956044
62435	0.01154960296
62436	0.009271307588
62437	0.002372862642
62438	0.01885975274
62439	0.006763301164
62440	0.01251710257
62441	0.0003028869589
62442	0.001658507547
62443	0.00797800125
62444	0.005491105154
62445	0.009625741658
62446	0.002804210829
62447	0.002219494498
62448	0.003658961345
62449	0.00357476994
62450	0.0100653751
62451	0.004138212673
62452	0.01433227869
62453	0.01977568043
62454	0.02182186891
62455	0.00356267824
62456	0.0008226706568
62457	0.007024093403
62458	0.01444664897
62459	0.0005959792213
62460	0.0003937668244
62461	0.003815505108
62462	0.01512855415
62463	0.008585210339
62464	0.001638624123
62465	0.007361821634
62466	0.001732406441
62467	0.006182904863
62468	0.0003867483013
62469	0.001599126984
62470	0.008739264713
62471	0.003713830191
62472	0.007031365021
62473	0.007344868845
62474	0.0122862067
62475	0.01337851025
62476	0.003891555546
62477	0.002840800355
62478	0.002146704642
62479	0.009106660078
62480	0.001475761443
62481	0.001659736271
62482	0.009772722735
62483	0.009327160992
62484	0.005516474078
62485	0.01233622065
62486	0.01007007878
62487	0.001530787649
62488	8.337521665e-06
62489	0.004078878508
62490	0.01307442335
62491	0.004381155539
62492	0.005455050205
62493	0.005220258403
62494	0.002366889693
62495	0.02344000783
62496	0.01112603503
62497	0.002192437954
62498	0.003258860656
62499	0.001922811471
62500	0.001612940481
62501	0.003956606101
62502	0.004763846596
62503	0.006610526505
62504	0.008965111198
62505	0.003732131795
62506	0.001285519058
62507	0.005407624007
62508	0.0001231814921
62509	0.003098521036
62510	0.004328056544
62511	0.009004562353
62512	0.000853646834
62513	0.005955434183
62514	0.00239249716
62515	0.01449721448
62516	0.01115412376
62517	0.008445964286
62518	0.001390413877
62519	0.0002274959969
62520	0.003191639638
62521	0.001490503396
62522	0.008227174572
62523	0.02881228106
62524	0.005050016257
62525	0.003440776543
62526	0.001309257423
62527	2.715369765e-05
62528	0.0009345368416
62529	0.001022977021
62530	0.001191013025
62531	0.0005239067036
62532	0.003590146574
62533	0.001376182593
62534	0.01487051377
62535	0.01426378915
62536	0.008633358569
62537	6.997781445e-05
62538	0.00294909595
62539	0.001814828174
62540	0.01221715627
62541	0.008821938174
62542	0.003357115269
62543	0.01569783281
62544	0.0130477522
62545	0.0005722867407
62546	0.0001679578745
62547	0.0025133021
62548	0.01783691681
62549	0.003398990958
62550	0.01548382769
62551	0.0199343098
62552	0.003671034793
62553	0.008549009276
62554	0.03305220952
62555	0.01092871475
62556	0.001320919119
62557	0.005923474923
62558	0.01363927939
62559	0.005545259007
62560	0.005955884451
62561	0.001335251026
62562	0.0003153829916
62563	0.0004507836226
62564	0.00046148475
62565	0.01023090937
62566	0.008400133078
62567	0.003273215363
62568	0.01593131705
62569	0.005899911993
62570	0.00751587554
62571	0.005347795377
62572	0.007179347928
62573	0.0028757367
62574	0.004192375402
62575	0.005343637958
62576	0.008135957389
62577	0.00556441179
62578	0.007981427545
62579	0.008756116978
62580	0.002433649658
62581	0.002801448171
62582	0.002273011918
62583	0.002008829669
62584	0.004365384325
62585	0.00794644972
62586	0.001346897682
62587	0.009424231152
62588	0.001905383446
62589	0.007812715224
62590	0.0009901981141
62591	0.005956605825
62592	0.003805247099
62593	0.001247993799
62594	0.0004992933491
62595	0.02055214303
62596	0.0007242271557
62597	0.002897718831
62598	0.003125961792
62599	0.01500560775
62600	0.003142191974
62601	0.0117531443
62602	0.0009810358126
62603	0.004054613037
62604	0.01821907016
62605	0.004697859083
62606	0.0035076596
62607	0.01378949461
62608	0.00114017394
62609	0.0009348564032
62610	0.002943239602
62611	0.006796309795
62612	0.00776348188
62613	0.001856046577
62614	0.00515011091
62615	0.01365584267
62616	0.003810524574
62617	0.01517107875
62618	0.004091201929
62619	0.001892915849
62620	0.0003163754852
62621	0.01541977954
62622	0.006370271116
62623	0.001890703189
62624	0.01972262154
62625	0.006704615938
62626	0.006808369221
62627	0.000931676046
62628	0.004159219361
62629	0.009097698402
62630	0.002449908437
62631	0.01059430219
62632	0.001388523483
62633	0.002675676624
62634	0.002850943029
62635	0.002094628409
62636	0.001640835238
62637	0.0100277899
62638	0.005837247654
62639	0.001378754915
62640	0.01908325627
62641	0.004094780416
62642	0.0008739487193
62643	0.01233241521
62644	0.00637233607
62645	0.01211287524
62646	0.002656214074
62647	0.00431705957
62648	0.006594262238
62649	0.001746635863
62650	0.004431457632
62651	0.002871231801
62652	0.005296076205
62653	5.354947854e-07
62654	0.0003337735735
62655	0.003012529843
62656	0.007358900976
62657	0.007586011371
62658	0.005544054098
62659	0.002039941954
62660	0.006915754731
62661	0.01233268413
62662	0.01243022036
62663	0.007762332119
62664	0.02140432175
62665	0.003865739378
62666	0.001888838563
62667	0.005456862194
62668	0.01347265875
62669	0.0007428942632
62670	0.01403729354
62671	0.001664883782
62672	0.0003185737797
62673	0.006433516031
62674	0.006704089951
62675	0.0103194671
62676	0.01436257795
62677	0.001851852641
62678	0.007036363357
62679	0.003777416238
62680	0.01114910278
62681	0.001481266821
62682	0.00961855885
62683	0.01253696099
62684	0.005995361979
62685	0.007935832308
62686	0.01426999444
62687	0.01652227234
62688	0.0005305428612
62689	0.002319161347
62690	0.007097278654
62691	0.0005750464278
62692	0.000606515011
62693	0.009171996895
62694	0.004703055811
62695	0.004731839583
62696	0.01289565489
62697	0.001009217123
62698	0.0008118398293
62699	0.005980531146
62700	0.00202011741
62701	0.008489659576
62702	0.003540495182
62703	0.01378636228
62704	0.009848114376
62705	0.006833318998
62706	0.000968878817
62707	0.00582726943
62708	0.0007832752817
62709	0.0006175208434
62710	0.008402417426
62711	0.00619868178
62712	0.005109166079
62713	0.004827494426
62714	0.0009307470664
62715	0.01969691242
62716	0.001237667079
62717	0.002193971526
62718	0.002943286901
62719	0.009991601697
62720	0.007444345032
62721	0.002215955555
62722	0.01316125549
62723	0.001100438372
62724	0.007459766915
62725	0.001240113055
62726	0.005961048508
62727	6.838397711e-05
62728	0.01445043653
62729	0.004187573823
62730	0.001218671401
62731	0.000201733521
62732	0.01411754196
62733	0.00937478168
62734	0.002305069176
62735	0.0136876771
62736	0.002098246077
62737	0.002805027266
62738	0.01174143711
62739	0.009356721707
62740	0.01941119364
62741	0.007450555073
62742	0.00424257754
62743	0.01084910169
62744	0.0001695887317
62745	0.0006762151764
62746	0.006704192748
62747	0.006199654803
62748	0.002642549849
62749	0.001108517307
62750	0.008583546223
62751	0.002731078371
62752	0.0005990369422
62753	0.005495455975
62754	0.0002561320934
62755	0.004422765027
62756	0.002797080717
62757	0.004719593861
62758	0.01284766298
62759	0.02114531152
62760	0.002369428552
62761	0.01030769469
62762	0.006723240657
62763	0.009119339658
62764	0.00457225757
62765	0.002654235572
62766	0.0006248191722
62767	0.003520114114
62768	0.004534083578
62769	0.005284025026
62770	0.006742475028
62771	0.01637256379
62772	0.002469645597
62773	0.005899323842
62774	0.01374299039
62775	0.01261296443
62776	0.001012673221
62777	0.00353775682
62778	0.0006450468059
62779	0.01238178492
62780	0.01713752667
62781	0.0005917959308
62782	0.01600008951
62783	0.0001747953381
62784	0.005054691311
62785	0.004960943672
62786	0.004054128314
62787	0.01056202657
62788	0.0006206880704
62789	0.003587682234
62790	0.009687497509
62791	0.006321183537
62792	0.0005586116629
62793	0.00399431947
62794	0.0160976733
62795	0.002219542817
62796	0.005568538949
62797	0.004093002099
62798	0.004192732304
62799	0.0009259842848
62800	0.007722990147
62801	0.01490330806
62802	0.0007791673266
62803	0.005998598308
62804	0.006780475532
62805	0.007803255849
62806	0.004349704458
62807	0.01290130176
62808	0.01817300409
62809	0.005143144793
62810	0.009764689115
62811	0.007461359363
62812	0.002379592235
62813	0.0001682992425
62814	0.004790695987
62815	0.008260481134
62816	0.002190573184
62817	0.005701405807
62818	0.008818866222
62819	0.0006983056205
62820	0.001725490767
62821	0.01098707101
62822	0.01000828014
62823	0.000113083646
62824	0.01115561152
62825	0.005934483183
62826	0.01935858887
62827	0.004558005499
62828	0.003406540811
62829	4.807562704e-05
62830	0.007055890677
62831	0.01095524442
62832	0.004928230431
62833	0.001586335111
62834	0.005151868366
62835	0.002604027111
62836	0.01238941071
62837	0.001226992137
62838	0.0002556151644
62839	0.007796456023
62840	0.004191564559
62841	0.0005202289216
62842	0.006915031546
62843	0.00375650603
62844	0.0005267898024
62845	0.002313661264
62846	0.005992007254
62847	0.004596753393
62848	0.0008387753454
62849	0.01299268045
62850	0.01041109872
62851	0.009194088609
62852	0.003186431834
62853	0.002550348271
62854	0.005871948842
62855	0.002843222214
62856	0.003326675265
62857	0.008622545311
62858	0.004624185979
62859	0.0008915765662
62860	0.002162255042
62861	0.02113518879
62862	0.005195790254
62863	0.01699670683
62864	0.005397611068
62865	0.006717782358
62866	0.002025506364
62867	0.00326808587
62868	0.008117658366
62869	0.002811506839
62870	0.005772515901
62871	0.008228093182
62872	0.008348110953
62873	0.005422400894
62874	0.002192045071
62875	0.0006423072335
62876	0.002282157744
62877	0.001578741824
62878	0.002207788568
62879	0.01426163921
62880	0.008193910579
62881	0.003014570324
62882	0.004221512721
62883	7.943409679e-06
62884	0.004156834364
62885	0.001537170802
62886	0.001409231169
62887	0.003535582301
62888	0.002881039583
62889	0.01112662389
62890	0.008878824624
62891	0.002210810275
62892	0.005481212669
62893	0.009122769522
62894	0.004570178855
62895	0.01237676483
62896	0.001495887879
62897	0.001117085391
62898	0.003295283003
62899	0.01085031968
62900	0.01271158455
62901	0.003739145669
62902	0.005493786756
62903	0.01138921549
62904	0.0195669282
62905	0.001970114703
62906	0.005521035694
62907	0.003187362671
62908	0.00881770522
62909	0.001336765371
62910	0.01404247866
62911	0.01051741466
62912	0.01438702153
62913	0.02168999701
62914	0.01009867491
62915	0.014828658
62916	0.0005053494631
62917	0.02215448187
62918	0.005796367424
62919	0.007508013926
62920	0.0152032361
62921	0.0003057827978
62922	0.0001503733629
62923	2.01347421e-05
62924	0.008786105863
62925	0.02175406053
62926	0.01521868371
62927	0.0002542891141
62928	0.002956303346
62929	0.01051107278
62930	0.007737528214
62931	0.001982857045
62932	0.01380859063
62933	0.006240384026
62934	0.002251574722
62935	0.006823828095
62936	0.005114266518
62937	0.003409268589
62938	0.01611400634
62939	0.01373506681
62940	0.004515401493
62941	0.008855738381
62942	0.005772414936
62943	0.001658505702
62944	5.69466895e-05
62945	0.006905410559
62946	0.001888235623
62947	0.003283444264
62948	0.006883242893
62949	0.01840596809
62950	0.003734797209
62951	0.005164942459
62952	0.001305330479
62953	0.001875365948
62954	0.006951361397
62955	0.013644045
62956	8.351381578e-06
62957	0.007486899799
62958	0.0003142103017
62959	0.003794864236
62960	0.0006739184014
62961	0.001449840472
62962	0.0052949911
62963	0.00837462726
62964	0.0110531651
62965	0.00147280257
62966	6.987664975e-05
62967	0.002322541839
62968	0.00291634372
62969	0.004340790736
62970	0.00938908148
62971	0.001179366156
62972	0.003509340588
62973	0.01486354579
62974	0.005118432391
62975	0.00499488951
62976	0.005870119832
62977	0.004708841658
62978	0.001809991445
62979	0.001968350181
62980	0.02101138367
62981	0.003109836259
62982	0.002536177959
62983	0.0006953764864
62984	0.002248116428
62985	0.009684728571
62986	0.007180258259
62987	0.01231944961
62988	0.0009782804763
62989	0.005535475419
62990	0.001490559714
62991	0.01953378422
62992	0.00863463388
62993	0.01346840565
62994	0.01089008209
62995	0.004787807296
62996	0.000777049796
62997	0.002088629853
62998	0.00879919277
62999	0.003328351378
63000	0.005743385026
63001	0.01024683479
63002	0.003734818354
63003	0.006695882451
63004	0.01010060351
63005	0.004180554254
63006	0.006082284231
63007	0.006847432707
63008	0.02424074924
63009	0.0001683385427
63010	0.005995596713
63011	0.001494374252
63012	0.005568319511
63013	0.01263124358
63014	0.0021422191
63015	0.001766457506
63016	0.01598391074
63017	0.002625506795
63018	0.001247674513
63019	0.00997806736
63020	0.001347076787
63021	0.007735934254
63022	0.003896146438
63023	0.002701829923
63024	0.004108368286
63025	0.007669712727
63026	0.002728324292
63027	0.01735260647
63028	0.001412676056
63029	0.01882502924
63030	0.003529254314
63031	0.005573776805
63032	0.004363274841
63033	0.01301851873
63034	0.01670526354
63035	0.006442686046
63036	0.00188169382
63037	0.007336156774
63038	0.004422439351
63039	0.004190588401
63040	0.0003584826413
63041	0.00591596311
63042	0.02338186207
63043	0.002442280738
63044	0.01233945539
63045	0.002799978759
63046	0.01383816978
63047	0.006086918136
63048	0.00480621762
63049	0.01204462147
63050	0.005567986834
63051	0.002564932464
63052	0.01568429366
63053	0.004596525196
63054	0.00247004879
63055	0.0003473697993
63056	0.01766337417
63057	0.001013927108
63058	0.002886445698
63059	0.002611065603
63060	0.007922725404
63061	0.007046875832
63062	0.01136866013
63063	0.001336133423
63064	0.004384000579
63065	0.02655158924
63066	0.009652334607
63067	0.003735432521
63068	0.008543130438
63069	0.0003785192022
63070	0.01018123865
63071	0.005174048235
63072	0.006423247787
63073	0.006016007454
63074	0.006347659179
63075	0.003854874494
63076	0.002134253838
63077	0.02342558661
63078	0.006913555811
63079	0.001529733969
63080	0.002211140412
63081	0.004594213725
63082	0.0003739835888
63083	0.004930013021
63084	0.002036675332
63085	0.005385107997
63086	0.01040061228
63087	0.009560624989
63088	0.000616633549
63089	0.009482526987
63090	0.001549349167
63091	0.00818122154
63092	0.005974656032
63093	0.0002930557704
63094	0.003875690299
63095	0.004386035075
63096	0.005045484346
63097	0.0006215287564
63098	0.005158248174
63099	0.008235822577
63100	0.002544836819
63101	0.001967478033
63102	0.009636119445
63103	0.01387130405
63104	0.006045846516
63105	0.006420262824
63106	0.009076976289
63107	0.001963847017
63108	0.01265746944
63109	0.002175041429
63110	0.008905378417
63111	0.003995574445
63112	0.004449828071
63113	0.006213335145
63114	0.004013056157
63115	0.009797094688
63116	0.0003237695912
63117	0.0003893622479
63118	0.00103502512
63119	0.006608626588
63120	0.0002178479772
63121	0.002790806172
63122	0.0002771850276
63123	0.007047391898
63124	0.007390960495
63125	0.002021126463
63126	0.01384927215
63127	0.001997703863
63128	0.01651451207
63129	0.002379466655
63130	0.0004159074672
63131	0.01609703416
63132	3.43467902e-05
63133	0.0126241141
63134	0.007338369924
63135	0.001002348067
63136	0.01052063587
63137	0.01142739001
63138	0.004577337368
63139	0.005173097288
63140	0.005863344127
63141	0.003905313859
63142	0.006259003507
63143	0.001273692985
63144	0.00812019828
63145	0.0008663503264
63146	0.003405991619
63147	0.01863869451
63148	0.005714895382
63149	0.008177383513
63150	0.006566292497
63151	0.01355802572
63152	0.004385390655
63153	0.0155813626
63154	0.0008073721644
63155	0.009341238299
63156	0.002680207432
63157	0.002397836969
63158	0.003525777912
63159	0.006069695074
63160	0.00391773187
63161	0.01137794033
63162	0.01052937588
63163	0.008910765452
63164	0.02511773118
63165	0.001737622771
63166	0.003036596824
63167	0.001494071639
63168	0.01089970692
63169	0.0004906080675
63170	0.002501766134
63171	0.0002954044676
63172	0.01546358605
63173	0.002937389642
63174	0.001504534448
63175	0.003816699424
63176	0.006081581507
63177	0.00263847857
63178	0.004477501118
63179	0.005147884478
63180	0.007274665338
63181	0.01729133179
63182	0.0005018218896
63183	0.00279085028
63184	0.01241946866
63185	0.008369475625
63186	0.001902438469
63187	0.004418435586
63188	0.00160060631
63189	0.01547195716
63190	0.02677975614
63191	0.0002805970205
63192	0.005542820083
63193	0.005224941027
63194	0.0007042061626
63195	0.007543602297
63196	0.005122076351
63197	0.001604184923
63198	0.00705385701
63199	0.008505802642
63200	0.004327192913
63201	0.00375076647
63202	0.01808685293
63203	0.004422965142
63204	0.006782057237
63205	0.009842693092
63206	0.01753898052
63207	0.008456369337
63208	0.005901265262
63209	0.01099080685
63210	0.0002041348874
63211	0.0008926334467
63212	0.00109192334
63213	0.002156942808
63214	0.0001372828738
63215	0.003845391364
63216	0.01128055082
63217	0.0006091289765
63218	0.000659214388
63219	0.01040466758
63220	0.0009781538289
63221	0.004773930121
63222	0.007359525981
63223	0.001070523578
63224	0.007796814386
63225	0.004497640386
63226	0.005398339085
63227	0.01167968689
63228	0.001764677442
63229	0.001442250518
63230	0.0008271699511
63231	0.001695123582
63232	0.001949437606
63233	0.002019458429
63234	0.007345257428
63235	0.001538251686
63236	0.007508249632
63237	0.0009823812262
63238	0.0005249580737
63239	0.001940087729
63240	0.009853250454
63241	0.01625688449
63242	0.001019843401
63243	0.002756039674
63244	0.004833874251
63245	0.002553408742
63246	0.01024385638
63247	0.005280518603
63248	0.01264341009
63249	0.000888024583
63250	0.001025108409
63251	0.00375236639
63252	0.001719745351
63253	0.01006815703
63254	0.003959042642
63255	0.006951371497
63256	0.003128430184
63257	2.655549392e-05
63258	0.009057195699
63259	0.0006648124275
63260	0.003668737335
63261	0.001867871205
63262	0.006354176277
63263	0.004217271043
63264	0.00184440032
63265	0.01096547452
63266	0.001147078199
63267	0.0004112369026
63268	0.006046612524
63269	0.0008784122639
63270	0.002962046733
63271	0.009733534695
63272	0.002398857716
63273	0.002776133218
63274	0.002459170907
63275	0.001940877624
63276	0.001913184559
63277	0.002029210078
63278	0.01607610828
63279	0.0079911287
63280	0.004887673893
63281	0.005326038928
63282	0.01425578366
63283	0.003091022293
63284	0.00441027966
63285	0.0004018366462
63286	0.004517728735
63287	0.002525640698
63288	0.004113045556
63289	0.006028322055
63290	0.00718148205
63291	0.003289878132
63292	0.003050390944
63293	0.002583861286
63294	0.001241779464
63295	0.001885862143
63296	0.008083638508
63297	0.01102507114
63298	0.01327937721
63299	0.01168865122
63300	0.007348616982
63301	0.002642376957
63302	0.01702825459
63303	0.009852369967
63304	0.007257922912
63305	0.003955694703
63306	0.004109572794
63307	0.00233909122
63308	0.0002431761044
63309	0.02157276518
63310	0.002194056837
63311	0.001248704295
63312	0.005632684875
63313	0.0005824583464
63314	0.01200157801
63315	0.001005682789
63316	0.00740086006
63317	0.008218806834
63318	0.0001521825017
63319	0.001864749828
63320	0.01891479627
63321	0.003191709452
63322	0.01902989119
63323	0.003236901032
63324	0.01508637674
63325	0.01476839057
63326	0.01648444957
63327	0.006018239581
63328	0.01315650964
63329	0.01712874087
63330	0.002612384593
63331	0.006057532857
63332	0.01400676915
63333	0.001694629142
63334	0.001464849974
63335	0.009849716788
63336	0.01199210117
63337	0.002458205519
63338	0.006121137469
63339	0.01202372739
63340	0.002453602912
63341	0.002247833527
63342	0.01435832848
63343	0.001896465562
63344	0.002956283251
63345	0.001835692018
63346	3.320312522e-05
63347	0.003252901091
63348	0.001322039755
63349	0.005584868061
63350	0.005722671147
63351	0.0123503598
63352	0.01513773286
63353	0.005927774226
63354	0.004032764197
63355	0.003606870791
63356	0.009710811287
63357	0.0004000968433
63358	0.0170150155
63359	0.0001574596059
63360	0.0001536414269
63361	0.009117773142
63362	0.003318108122
63363	0.0004703575545
63364	0.0010685308
63365	0.01474134313
63366	0.004164609834
63367	0.0002891808208
63368	0.009501496373
63369	0.0007809725797
63370	0.005814107647
63371	0.002900195366
63372	0.006811233524
63373	0.003589145871
63374	0.01263145062
63375	0.009443824806
63376	0.007925885579
63377	5.416632115e-05
63378	0.0005282212923
63379	0.007685939107
63380	0.0005889990106
63381	0.0009553279696
63382	0.003369818795
63383	0.005049425659
63384	0.01765497348
63385	0.008943413523
63386	0.009222097638
63387	0.01065794286
63388	0.002070836746
63389	0.001515947441
63390	0.002115214585
63391	0.01148571739
63392	0.01200793361
63393	0.002216294577
63394	0.01803469399
63395	0.001664837142
63396	0.00394713133
63397	0.001364543497
63398	0.00551556817
63399	0.003817508219
63400	0.004934146392
63401	0.01253035721
63402	0.0259363903
63403	0.0005150774955
63404	0.0006112272211
63405	0.001290108027
63406	0.001778188553
63407	0.001125700885
63408	0.0002539196799
63409	0.002413195663
63410	0.0001607070519
63411	0.007613094522
63412	0.00473423368
63413	0.01120004064
63414	0.002253348611
63415	0.003825976302
63416	0.009525827398
63417	0.01166077527
63418	0.005275425694
63419	0.01562562891
63420	0.001678736093
63421	0.005024100972
63422	0.002840442844
63423	0.00698356613
63424	0.01042882573
63425	0.001062323452
63426	0.009124894747
63427	0.01023810047
63428	0.001060956313
63429	0.007421826411
63430	0.01273479335
63431	0.001915421887
63432	0.01687404127
63433	0.02396287912
63434	0.002686247889
63435	0.0145440408
63436	0.007638178621
63437	0.0003249611922
63438	0.0004518339181
63439	0.003523294641
63440	0.00383687709
63441	0.004826565157
63442	0.004338241671
63443	0.007921338659
63444	0.006580597685
63445	0.004936343985
63446	0.0008740482298
63447	0.005141822026
63448	0.01482295894
63449	0.01108455113
63450	0.001381726938
63451	0.0001543655319
63452	0.01769853787
63453	0.004490658103
63454	0.005329837098
63455	0.0102208636
63456	0.002455833064
63457	0.00669541377
63458	0.00220833512
63459	0.01152553134
63460	0.000925060126
63461	0.00696345079
63462	0.02576049511
63463	0.01335393382
63464	0.005774624553
63465	0.0007690383577
63466	0.003340384736
63467	0.009688154387
63468	0.0009859380802
63469	0.00487480025
63470	0.0002687211715
63471	0.002009450495
63472	0.001945021296
63473	0.003842741056
63474	0.0006908828226
63475	0.00466094492
63476	0.001833416823
63477	0.001926460695
63478	0.002927592022
63479	0.01122632534
63480	0.001785190761
63481	0.002495058188
63482	0.001079297097
63483	0.004247997942
63484	0.005837677831
63485	0.005716144974
63486	0.008692595613
63487	0.004219951937
63488	0.003586786315
63489	9.230133572e-05
63490	0.003055785102
63491	0.002034703808
63492	0.006461153889
63493	0.008651813625
63494	0.001901632003
63495	0.005747670729
63496	0.008698917248
63497	0.001229002462
63498	0.01176624921
63499	0.006194792667
63500	0.004253669997
63501	0.003221045581
63502	0.004523929126
63503	0.005924261311
63504	0.002273834938
63505	0.001591456979
63506	0.005459155063
63507	0.0107433973
63508	0.0158459472
63509	0.009246500179
63510	0.0165305041
63511	0.0101330269
63512	0.004303369364
63513	0.007485370078
63514	0.002536157296
63515	0.007248202403
63516	0.009173801517
63517	0.01515141463
63518	0.003401692423
63519	0.00208882402
63520	0.01111979189
63521	0.001373813214
63522	0.00134081258
63523	0.002668881475
63524	0.02302565232
63525	0.008036814206
63526	0.005969579316
63527	0.0109949197
63528	2.456358746e-05
63529	0.00761269876
63530	0.0114795844
63531	0.00132714933
63532	0.006010306401
63533	0.01489464232
63534	0.0002287825401
63535	0.003704471236
63536	0.0009941954672
63537	0.004644588908
63538	0.002363736015
63539	0.00222564981
63540	0.005415483032
63541	0.003149505153
63542	0.01034638178
63543	0.01680702766
63544	0.005853133099
63545	0.0009673998107
63546	0.0117846046
63547	0.002837368668
63548	0.003877940609
63549	0.01021643869
63550	0.01280217895
63551	0.006400915167
63552	0.006465694104
63553	0.01906390285
63554	0.003526062563
63555	0.0032863524
63556	0.001183217625
63557	0.00829042449
63558	3.831574727e-05
63559	0.005046824547
63560	0.001376121711
63561	0.01426329322
63562	0.000911739612
63563	0.01133925499
63564	0.008375138725
63565	0.006685296466
63566	0.01015893285
63567	0.009970529157
63568	0.008856108966
63569	0.002403657763
63570	0.01193336416
63571	0.01867578951
63572	0.01108394697
63573	0.006899522183
63574	0.004089736866
63575	0.007116181531
63576	0.00563313687
63577	0.009454468656
63578	0.002266721526
63579	0.003468524939
63580	0.0009419829517
63581	0.007018540806
63582	0.01745715153
63583	0.0008541230931
63584	0.001250616302
63585	0.006375038939
63586	0.007083128259
63587	0.003791383969
63588	0.007846145282
63589	0.009697916665
63590	0.006003580925
63591	0.001004773732
63592	0.0009307402811
63593	0.00168186853
63594	0.0001422069715
63595	0.004613083077
63596	0.007608194798
63597	0.00143883541
63598	0.003461186935
63599	0.01795233168
63600	0.00747154333
63601	0.005161822473
63602	0.001954002857
63603	0.007039106506
63604	0.01748221607
63605	0.0009933466203
63606	0.00350151927
63607	0.0194853016
63608	0.007412290614
63609	0.002084239252
63610	0.00877054328
63611	0.009990109059
63612	0.004711895167
63613	0.002174550342
63614	0.006297203092
63615	0.0009298392757
63616	0.008355583822
63617	0.01150905576
63618	0.001643735917
63619	0.01953015773
63620	0.00596590801
63621	0.003536826311
63622	0.002670767024
63623	0.008340932949
63624	0.003214943959
63625	0.003109967363
63626	0.001189823827
63627	0.003361891499
63628	0.00998365881
63629	0.007760983357
63630	0.01040342571
63631	0.006495724905
63632	0.0002017083183
63633	0.002041899703
63634	0.009178505991
63635	0.0026425755
63636	0.003457929698
63637	0.02256705909
63638	0.01602702388
63639	0.001444774892
63640	0.01113810413
63641	0.001812882015
63642	0.005008611699
63643	0.01925155541
63644	0.01509253564
63645	0.01557494345
63646	0.0004405060435
63647	0.0002809832679
63648	0.0005484289748
63649	0.008126007637
63650	9.870213094e-05
63651	0.001691180648
63652	0.0081011625
63653	0.0002301217366
63654	0.01352015688
63655	0.000442673937
63656	0.002601780274
63657	0.002868868194
63658	0.009717981059
63659	0.01162680042
63660	0.01202862512
63661	0.003628154758
63662	0.01391384354
63663	0.008723638526
63664	0.0004660266186
63665	0.0009097181957
63666	0.003081049443
63667	0.009465839527
63668	0.008183493822
63669	0.008919631893
63670	0.005168044976
63671	0.01692186037
63672	0.006567076807
63673	0.00564989957
63674	0.004144393571
63675	0.0006391242416
63676	0.01338812167
63677	0.003113502227
63678	0.003695294651
63679	0.003571022495
63680	0.01398052921
63681	0.0005854794445
63682	0.004198064462
63683	0.01368569093
63684	0.01429390262
63685	0.003099925871
63686	0.005285532496
63687	0.01099829344
63688	0.01260603849
63689	0.01674762345
63690	0.001211954765
63691	0.0009538869113
63692	0.008401749188
63693	0.00565164678
63694	0.009269367517
63695	0.0003794612302
63696	0.003122720347
63697	0.005356100129
63698	7.179756982e-05
63699	0.003973370574
63700	0.0005664741133
63701	0.005117024882
63702	0.01778119668
63703	0.002387998901
63704	0.001377001528
63705	0.001640038913
63706	0.002339065906
63707	3.433054483e-06
63708	0.0002867800986
63709	0.01377754762
63710	0.003143427642
63711	0.007742684346
63712	0.0003112661011
63713	0.009403095155
63714	0.002789396665
63715	0.0006436118485
63716	0.006513378894
63717	0.006222665644
63718	0.009767670172
63719	0.005972452847
63720	0.02383704906
63721	0.001926428588
63722	0.01004753434
63723	0.01729303169
63724	0.004304351187
63725	0.002718313701
63726	0.0005140231892
63727	0.005718385747
63728	0.0005036450738
63729	0.002119770661
63730	0.002717470406
63731	0.002326927682
63732	0.01051441812
63733	0.02758049385
63734	0.004183914496
63735	0.0007814818394
63736	8.036944101e-05
63737	0.006214638722
63738	0.002554414319
63739	0.00409907999
63740	0.00033658492
63741	0.00210815465
63742	0.01607817594
63743	0.002433095944
63744	0.005511567588
63745	0.005475775508
63746	0.01274041195
63747	0.008767965239
63748	0.0007618542356
63749	0.00297785028
63750	0.008050350936
63751	7.302201649e-08
63752	0.0004220401422
63753	0.01299120177
63754	0.009721820217
63755	0.01782785907
63756	0.007202519015
63757	0.003838141095
63758	0.002036507619
63759	0.0006829492588
63760	0.003614849813
63761	0.002870184334
63762	0.001387338788
63763	0.009690092648
63764	0.005900221049
63765	0.008955172551
63766	0.001687992379
63767	0.01421040973
63768	0.002897419957
63769	0.006835406917
63770	0.006648231844
63771	0.006196412927
63772	0.006148040447
63773	0.001969336064
63774	0.005153897007
63775	0.006402265955
63776	0.0127555697
63777	0.004564542351
63778	0.006693257996
63779	1.399890749e-05
63780	0.006823329406
63781	0.005413838503
63782	0.00431847474
63783	0.004771732424
63784	0.01405066922
63785	0.007719818456
63786	0.006975046193
63787	0.0003668956551
63788	0.006680973246
63789	0.0002986389875
63790	0.0090538181
63791	0.004504315264
63792	0.004790456335
63793	0.003705009741
63794	0.004953670149
63795	0.005885132347
63796	0.008253387508
63797	0.001502809767
63798	0.01109982086
63799	0.002498174941
63800	0.0006991484542
63801	0.002317544416
63802	0.005131262847
63803	0.003948788809
63804	0.003517600329
63805	0.003384701176
63806	0.0002765755743
63807	0.004795320062
63808	0.0007808821409
63809	0.01571712767
63810	0.002129665454
63811	0.009289036421
63812	0.01415966862
63813	0.007152534525
63814	0.007300778922
63815	0.007022608277
63816	0.005260245568
63817	0.006692595065
63818	0.005595543122
63819	0.01384841596
63820	0.0004974668886
63821	0.004750904424
63822	0.002358715935
63823	0.01120534719
63824	0.0008924151602
63825	0.0008030199907
63826	0.004912168636
63827	0.00590294234
63828	0.01038562259
63829	0.004352744472
63830	0.01176895327
63831	3.723229861e-05
63832	0.009240829743
63833	0.008430205051
63834	0.00456690711
63835	0.004682456372
63836	9.149012431e-05
63837	0.0114939751
63838	0.0008196119791
63839	0.0006517274003
63840	4.613747015e-05
63841	0.002788159112
63842	0.001197350741
63843	0.009659664175
63844	0.001630885054
63845	0.008109260617
63846	0.003189038435
63847	0.01154990271
63848	0.001071293137
63849	0.003850543748
63850	0.001311829151
63851	0.001860242547
63852	0.003914568103
63853	0.006678718013
63854	0.008400542122
63855	0.002820054343
63856	0.004293419425
63857	0.0007002932505
63858	0.00104429483
63859	0.003804852893
63860	0.003549406736
63861	0.001108152722
63862	0.0003792059121
63863	0.01407273858
63864	0.007411663777
63865	0.006249339411
63866	0.000521505754
63867	0.0006294410525
63868	0.001341548024
63869	0.004559060956
63870	0.01222296778
63871	0.01477778845
63872	0.01923370607
63873	0.002532724317
63874	0.0001565069989
63875	0.007525652555
63876	0.002847649675
63877	0.01531063752
63878	0.002843398419
63879	0.006010857317
63880	0.006925452435
63881	0.005363730534
63882	0.002578435509
63883	0.00638703972
63884	0.01319054832
63885	0.005240691137
63886	0.0002105367309
63887	0.006445994145
63888	0.001039520241
63889	0.004493330079
63890	0.001751810035
63891	0.0005708454596
63892	0.007386113034
63893	0.001321026637
63894	0.004419238953
63895	0.0001612814336
63896	0.009043553212
63897	0.002838379611
63898	0.01012080115
63899	0.008894692773
63900	0.01150127907
63901	0.001412199165
63902	0.02760208562
63903	0.0241479452
63904	0.003193283141
63905	0.009580695577
63906	0.004295807211
63907	0.00553925445
63908	0.00430354381
63909	0.01122871469
63910	0.01393821886
63911	0.01133372133
63912	0.0009969811016
63913	0.001227902771
63914	0.002621056286
63915	0.001646717454
63916	0.007367725116
63917	0.003365725658
63918	0.024847558
63919	0.0004713965401
63920	0.008493410439
63921	0.009752053417
63922	0.008336474718
63923	0.01908577531
63924	0.0149179333
63925	0.0004586602211
63926	0.003278225652
63927	0.0002078598795
63928	0.003334665912
63929	0.0007037719469
63930	0.007708853118
63931	0.005852851747
63932	0.001062638745
63933	0.01258710993
63934	0.006498981736
63935	0.01050067275
63936	0.01415956943
63937	0.01667961405
63938	0.01770693862
63939	0.001984733378
63940	0.006001643474
63941	0.004304108293
63942	0.01670097724
63943	0.001177142481
63944	0.009916688198
63945	0.006203543327
63946	0.004411038638
63947	0.01366615218
63948	0.003747049786
63949	0.002622895591
63950	0.01506129241
63951	0.004561464732
63952	0.004651803393
63953	0.008356870869
63954	0.01782278419
63955	0.01000303256
63956	0.0007536285317
63957	0.00542330556
63958	0.005919894264
63959	0.009032008137
63960	0.006845486389
63961	0.01480979275
63962	0.00796337563
63963	0.004366074786
63964	0.000538930626
63965	0.0007255481506
63966	0.004437447385
63967	0.02041351913
63968	0.01115096101
63969	0.002453292849
63970	0.006680317128
63971	0.01037448441
63972	0.01063706005
63973	0.006688072901
63974	0.0008520143767
63975	0.002232712659
63976	0.01163071955
63977	0.00365489044
63978	0.005175487112
63979	0.007316757928
63980	0.002797274552
63981	0.01418946417
63982	0.02026155142
63983	0.01184817428
63984	0.003724382667
63985	0.004952742626
63986	0.0008994582774
63987	0.001425176943
63988	0.0005548991946
63989	0.004638792301
63990	0.002931180161
63991	0.0005471311978
63992	0.00320781212
63993	0.01935732109
63994	0.001673495508
63995	0.001166218124
63996	0.0008260060333
63997	0.006615022969
63998	0.01091036161
63999	0.001302319412
64000	0.001207871142
64001	0.002386379874
64002	0.008037606224
64003	0.003491731342
64004	0.002509430207
64005	0.008702714077
64006	0.001523987862
64007	0.001478074127
64008	0.001358380451
64009	0.00607609325
64010	0.0133350762
64011	1.824910603e-05
64012	0.001188391742
64013	0.02320789556
64014	0.01328454695
64015	0.007925314862
64016	0
64017	0.005367820374
64018	0.0005778252822
64019	0.003844020548
64020	0.002291388943
64021	0.001380867384
64022	0.01312387835
64023	0.001538911041
64024	0.0002876247997
64025	0.01331321539
64026	0.0004062934663
64027	0.004690835155
64028	0.001036877897
64029	0.001019843128
64030	0.01114884858
64031	0.006268353041
64032	0.004835169958
64033	0.001161793006
64034	0.003553228757
64035	0.0120523333
64036	0.009378113233
64037	0.0005689292127
64038	0.00669916515
64039	0.0004645507865
64040	0.004765963198
64041	0.0144418095
64042	0.01320561735
64043	0.01468578751
64044	0.0115932179
64045	0.004205591982
64046	0.001868457269
64047	0.0006860894741
64048	0.001504487069
64049	0.001497689339
64050	0.004771481098
64051	0.02187448949
64052	0.009130948743
64053	0.008963321185
64054	0.002479980493
64055	0.01766052183
64056	0.007798445447
64057	0.01472640821
64058	9.231748898e-05
64059	0.009467947796
64060	0.007766654106
64061	0.003261549112
64062	0.001676086227
64063	0.0160068634
64064	0.01348708081
64065	0.02550063372
64066	0.00174535306
64067	0.01500372365
64068	0.01074760436
64069	0.006552648145
64070	0.001615429463
64071	0.009742174547
64072	0.005100901791
64073	0.009467856664
64074	0.009568736336
64075	0.0005486876814
64076	0.001432300776
64077	0.0001939423066
64078	0.004970874197
64079	0.01613810202
64080	0.001915304679
64081	0.0005807807861
64082	0.002050705469
64083	0.008491884735
64084	0.01737449794
64085	0.0009275811738
64086	6.78611664e-05
64087	0.007756134157
64088	0.001486536973
64089	0.007158602425
64090	0.007784722626
64091	0.008747340142
64092	0.003068076025
64093	0.01095297426
64094	0.003675928916
64095	0.005554252172
64096	0.005121157099
64097	0.005234157451
64098	0.001247861247
64099	0.006985012933
64100	0.0004127349506
64101	0.01658949224
64102	0.005068546382
64103	0.01337896036
64104	0.001766425381
64105	0.01038870845
64106	7.265165854e-05
64107	0.0005542183013
64108	0.001375675287
64109	0.0003088644126
64110	0.001292626458
64111	0.0007409694201
64112	0.002502180118
64113	0.006405011944
64114	0.005302228593
64115	0.01542535514
64116	0.002073187071
64117	0.0007683194988
64118	0.003962496944
64119	0.004476433249
64120	0.004279036884
64121	0.008562388275
64122	6.789794362e-06
64123	0.02268218505
64124	0.0003842267644
64125	0.0166232543
64126	0.01834968721
64127	0.001348081725
64128	0.001886397991
64129	0.0001068447751
64130	0.002776732977
64131	0.0002344011878
64132	0.0002827056247
64133	0.02341378919
64134	0.003963708021
64135	0.006366361199
64136	0.002149788295
64137	0.000308255821
64138	9.915992596e-05
64139	0.01808643711
64140	0.001094629601
64141	0.001023453431
64142	0.01214128457
64143	0.005758037018
64144	0.001393714269
64145	0.00910846695
64146	0.003621836203
64147	0.00298616172
64148	0.001046674569
64149	0.001821602825
64150	0.005505262804
64151	0.00587889539
64152	0.00622109751
64153	0.005466012395
64154	0.002037834549
64155	0.0002898439725
64156	0.001649278809
64157	0.01441960938
64158	0.007667176496
64159	0.001629154485
64160	0.00748341978
64161	0.003232155953
64162	0.003002250524
64163	0.0140533788
64164	0.001961744624
64165	0.001026463402
64166	0.002518268601
64167	0.003279777637
64168	0.01461234272
64169	0.003448317366
64170	0.01050545127
64171	0.006489616519
64172	0.01863311951
64173	0.006526342192
64174	0.007223304671
64175	0.004186630313
64176	0.0006062553242
64177	0.003095609297
64178	0.00431946403
64179	0.006376836081
64180	0.01801981135
64181	0.01290200624
64182	0.004426015134
64183	0.003969996545
64184	0.001897646006
64185	0.0001602284385
64186	0.0003521312955
64187	0.003952695835
64188	0.00644304911
64189	0.01193849261
64190	0.02163057687
64191	0.005188384105
64192	0.001636405686
64193	0.00451284944
64194	0.001923220205
64195	0.006887062024
64196	0.003096466531
64197	0.002287756349
64198	0.00862796536
64199	0.01830313827
64200	0.001642216236
64201	0.002214532283
64202	0.001569142511
64203	0.0001305574379
64204	0.0007281525173
64205	0.004199974902
64206	0.003191250789
64207	0.003758633572
64208	0.01306106522
64209	0.005094912568
64210	0.006179672668
64211	0.005784204647
64212	0.0005796009598
64213	0.001143252214
64214	0.01654245584
64215	0.01036052669
64216	0.006276145955
64217	0.0208823897
64218	0.01780583769
64219	0.01210941054
64220	0.005663280681
64221	0.01124282376
64222	0.0005032638783
64223	0.001206704906
64224	0.0009785159986
64225	0.005539656176
64226	0.008200838767
64227	0.001693889678
64228	0.004804467939
64229	0.01034777481
64230	0.003861752522
64231	0.002884256525
64232	0.001798411979
64233	0.01513145284
64234	0.007740035551
64235	0.0019644375
64236	0.008847282283
64237	0.007994918037
64238	0.009282832669
64239	0.002456347458
64240	0.001027092486
64241	0.0001956524952
64242	0.0003294588454
64243	0.009360931994
64244	0.01292335408
64245	0.01008145739
64246	0.009357652263
64247	0.01133985085
64248	0.001266470248
64249	0.001864224213
64250	0.003567382625
64251	0.005347968451
64252	0.01161625684
64253	0.0113108974
64254	0.0009755546575
64255	0.01447368135
64256	0.005470961713
64257	0.004463049018
64258	0.009573254077
64259	0.008363966434
64260	0.002057045566
64261	0.002574093783
64262	0.003551623458
64263	8.31028923e-05
64264	0.001055877769
64265	0.01061789147
64266	0.0003262281367
64267	0.01482219415
64268	0.006283879943
64269	0.01091885405
64270	0.003143025278
64271	0.004224572942
64272	0.001470075089
64273	0.0001674076199
64274	0.02260374683
64275	0.003648904654
64276	0.004285503484
64277	0.003851892383
64278	0.01301938623
64279	0.002924824991
64280	0.0001463028272
64281	0.007514151214
64282	0.01103121143
64283	0.004197969254
64284	0.007655972304
64285	0.006073996833
64286	0.001211264477
64287	0.0008212838523
64288	0.005472508292
64289	0.009749868309
64290	0.001924908724
64291	0.003210265082
64292	0.003286049995
64293	0.002026940857
64294	0.01048242257
64295	0.01046329716
64296	0.00718350291
64297	0.004256581688
64298	0.01477502086
64299	0.0004335237456
64300	0.001434131954
64301	0.007261119818
64302	0.004560775447
64303	0.003339180189
64304	0.002619216218
64305	0.0008750954585
64306	0.01724733888
64307	0.00235193163
64308	0.001514798731
64309	0.0007748328504
64310	0.008776629313
64311	0.006843426765
64312	0.00987039947
64313	0.00364895279
64314	0.007049371409
64315	0.01058982883
64316	0.001021400562
64317	0.007114854264
64318	0.01186532105
64319	0.0008874710583
64320	0.00263688965
64321	0.001727459136
64322	0.004529310901
64323	0.001757759813
64324	0.0004469969981
64325	0.001984010959
64326	0.004896475689
64327	0.002953997356
64328	0.01059492009
64329	0.0006207393814
64330	0.004765234895
64331	0.0003022526301
64332	0.0061624285
64333	0.002226998228
64334	0.002830169852
64335	0.009536538173
64336	0.003391015668
64337	0.0008336964035
64338	0.0178122852
64339	0.006720072909
64340	0.004064079579
64341	0.02185485526
64342	0.007130882104
64343	0.004161092632
64344	0.0116019197
64345	0.006256306923
64346	0.008824514597
64347	0.01093025943
64348	0.005267226255
64349	0.0105567155
64350	0.00624101153
64351	0.01457936558
64352	0.009248041828
64353	0.002853572352
64354	0.002100682195
64355	0.004517391436
64356	0.0007458662732
64357	0.000777912785
64358	0.008861130973
64359	0.00385547598
64360	0.004833072093
64361	0.008990656517
64362	0.0001458788664
64363	0.01885669421
64364	0.0173116662
64365	0.01336336325
64366	0.03500332451
64367	0.00130344301
64368	0.01328471216
64369	0.00176992789
64370	0.008644290412
64371	0.00364589872
64372	0.01028824608
64373	0.009438907587
64374	0.002557836454
64375	0.008030645362
64376	0.0003924152591
64377	0.01554340166
64378	0.01082223888
64379	0.0143923893
64380	0.001201604026
64381	0.001140715092
64382	0.003157479844
64383	0.001670020184
64384	0.003175771449
64385	0.00669874803
64386	0.02040764653
64387	0.004579506837
64388	0.006514110413
64389	0.0008392654301
64390	0.01466712043
64391	0.0005187487961
64392	0.02160817784
64393	0.0004650865154
64394	0.009359353214
64395	0.01519859665
64396	0.005849344699
64397	0.01760708915
64398	0.0003835753304
64399	0.006522809909
64400	0.0005979460225
64401	0.008580741211
64402	0.009563544717
64403	0.004432103086
64404	0.02160192845
64405	0.008133342976
64406	0.0004921164244
64407	0.008346795457
64408	0.001778468808
64409	0.002691963084
64410	0.0226972831
64411	0.005028698536
64412	0.0003158395147
64413	0.003949581305
64414	0.0002223239279
64415	0.001673811433
64416	0.002512181632
64417	0.00691426017
64418	0.00789455853
64419	0.01324877305
64420	0.005379785746
64421	0.0003431605242
64422	0.0004591305274
64423	0.006199035908
64424	0.001306469992
64425	0.003204185458
64426	0.0007733674743
64427	0.001306002521
64428	0.01040284221
64429	0.01175006133
64430	0.009301681796
64431	0.002978873296
64432	0.007198611263
64433	0.007537644665
64434	0.008241102403
64435	0.02132124836
64436	0.002845626477
64437	0.01112164248
64438	0.01536903281
64439	0.009561925433
64440	0.02129434218
64441	0.004425562216
64442	0.009483083198
64443	0.007875171929
64444	0.007705345573
64445	0.01713247499
64446	0.001259782397
64447	0.0004401019668
64448	0.01407980033
64449	0.001637111938
64450	7.26719088e-05
64451	0.004766870477
64452	0.001286905218
64453	0.002997893533
64454	0.004446444728
64455	0.001163826975
64456	0.003571659604
64457	0.001611076071
64458	0.0003684711375
64459	0.005526474781
64460	0.01207977651
64461	0.002005332638
64462	0.02391324112
64463	0.0004172625162
64464	0.00626959658
64465	0.009079352256
64466	0.003108645373
64467	0.01707000567
64468	0.002009527539
64469	0.005934275267
64470	0.01368942916
64471	0.001422673068
64472	0.01055370479
64473	0.005720288777
64474	0.003383623456
64475	0.001282040056
64476	0.003019733634
64477	0.003700864791
64478	0.0003259319847
64479	0.001683113264
64480	0.00765899165
64481	0.006578518622
64482	0.0007433855478
64483	0.00146394138
64484	0.0002459766245
64485	0.004370261803
64486	0.02482011048
64487	0.01006645141
64488	0.004185216387
64489	0.00249337307
64490	0.01469414023
64491	0.001485234871
64492	0.009783745225
64493	0.01868032971
64494	0.009346200475
64495	8.198905898e-05
64496	0.003935759159
64497	0.002125737407
64498	0.006922847586
64499	0.002721229014
64500	0.002870414627
64501	0.004829566038
64502	0
64503	0.0102398596
64504	0.0008416018144
64505	0.006778228082
64506	0.01612177544
64507	0.01148654454
64508	0.004460843945
64509	5.491640863e-05
64510	0.005058295997
64511	0.003246257032
64512	0.006251566279
64513	0.01105598925
64514	0.007008458484
64515	0.004534378367
64516	2.780835069e-05
64517	0.01199505628
64518	0.01506409432
64519	0.001106816295
64520	0.007424261368
64521	0.007764349392
64522	0.008911667954
64523	0.006285108805
64524	0.00446797675
64525	0.001999953472
64526	0.002582358892
64527	0.005167554526
64528	0.00253977756
64529	0.001557321358
64530	0.01638607748
64531	0.007408268822
64532	0.01074917219
64533	0.0009913206824
64534	0.01027167642
64535	0.0003452741661
64536	0.004687638994
64537	0.01220859293
64538	0.01732719047
64539	0.003909619232
64540	0.009596783126
64541	0.005789080068
64542	0.0008754366782
64543	0.009000781455
64544	0.001817020638
64545	0.0001239810012
64546	0.01229130708
64547	0.0006114586376
64548	0.0005031134128
64549	0.02481257205
64550	0.001341722285
64551	0.00189016033
64552	0.004909569414
64553	0.01111889334
64554	0.002655343268
64555	0.003656184495
64556	0.002258511979
64557	0.00205821429
64558	0.004519930587
64559	0.01119965308
64560	0.01477070645
64561	0.003344111912
64562	0.00503786773
64563	0.01052845329
64564	0.007468272352
64565	0.01179761772
64566	0.01063112681
64567	0.0007882679494
64568	0.01881752135
64569	0.01869641824
64570	0.004244574474
64571	0.0005903045163
64572	0.03057319565
64573	0.001437629771
64574	0.006740070617
64575	5.827769409e-05
64576	0.001068840197
64577	0.004229597568
64578	0.00299462429
64579	0.005571417041
64580	0.01284085314
64581	0.007788835942
64582	0.01559676514
64583	0.004582407479
64584	0.001037721244
64585	0.002003067428
64586	0.004226395382
64587	0.002576691458
64588	0.008976844323
64589	0.001378644017
64590	0.000251739569
64591	0.01662802373
64592	0.01126630432
64593	0.003391639062
64594	0.004141623401
64595	0.0009625402835
64596	0.01703971969
64597	0.005361795488
64598	0.01815613436
64599	5.012541179e-05
64600	0.002968866213
64601	0.003446853536
64602	0.000644630638
64603	0.006559440927
64604	0.008546982969
64605	7.092931602e-05
64606	0.0002757381929
64607	0.008025469727
64608	0.009256205956
64609	0.006732348677
64610	0.002173071479
64611	0.006200187803
64612	0.0007859298978
64613	0.003078835474
64614	0.002596747235
64615	0.001421176661
64616	0.001640305594
64617	0.002538834434
64618	0.004355558213
64619	0.01255856789
64620	0.007395610523
64621	0.02083306341
64622	0.002588718704
64623	0.0014588198
64624	0.0001335850056
64625	0.004403411002
64626	0.01266887854
64627	0.01209769409
64628	0.001887546461
64629	0.002781676307
64630	0.003832623503
64631	0.001968112355
64632	0.003311002317
64633	0.002928564216
64634	0.00650845817
64635	0.0002088354855
64636	0.005882241465
64637	0.002932981557
64638	0.01273032515
64639	0.003350839311
64640	0.01251997672
64641	0.0008571276644
64642	0.004815899274
64643	0.009057245505
64644	0.0003367793613
64645	0.01568832059
64646	0.006822241521
64647	0.0008361264755
64648	0.005562201909
64649	0.002056599694
64650	0.001547812967
64651	0.001013783262
64652	0.01177501918
64653	0.003934613243
64654	0.01158096796
64655	0.01654402842
64656	0.009383809529
64657	0.008134727365
64658	0.004354293245
64659	0.002695056771
64660	0.004525189003
64661	0.001611787828
64662	0.008456413683
64663	0.0018646935
64664	0.007984890847
64665	0.006361659834
64666	0.006122756939
64667	8.080147238e-05
64668	0.009985874202
64669	0.01137291711
64670	0.008320970591
64671	0.002376841474
64672	0.0005636304949
64673	0.001108005204
64674	0.0008162487347
64675	0.001481065667
64676	0.0001016012294
64677	0.01127946024
64678	0.006559925078
64679	0.002450567937
64680	0.001050220923
64681	0.008718976785
64682	0.007196150676
64683	0.003588536863
64684	0.0007052390786
64685	0.00165008111
64686	0.009983694726
64687	0.00560689704
64688	0.008026408245
64689	0.004343705404
64690	0.009125779607
64691	0.004976739454
64692	0.00012086475
64693	0.001448980119
64694	0.005808518116
64695	0.001502332685
64696	0.02399244099
64697	0.005588591149
64698	0.006231162771
64699	0.006098060163
64700	0.01009598202
64701	0.03012318415
64702	0.001858365801
64703	0.006578553349
64704	0.0002631295426
64705	0.001221785023
64706	0.003607176118
64707	0.001614755892
64708	0.007777090148
64709	0.01032935424
64710	0.002659773751
64711	0.0002612540617
64712	0.0005294246803
64713	0.01848322658
64714	0.0002633395995
64715	0.006029740815
64716	0.01975183738
64717	0.01261288134
64718	0.0133195354
64719	0.001723356762
64720	0.001509285743
64721	0.00260732973
64722	0.0006362334056
64723	0.01155181
64724	0.009800323818
64725	0.001670935117
64726	0.004138332548
64727	9.512813624e-05
64728	0.001589315297
64729	0.008367619867
64730	0.006023330596
64731	0.0008152020388
64732	0.01032670035
64733	0.002058799999
64734	0.008085498499
64735	0.008889341579
64736	0.005741539737
64737	0.0001958205012
64738	0.009804660511
64739	0.0004680866417
64740	0.006247546974
64741	0.009949344884
64742	0.01132133403
64743	0.01227884707
64744	0.007185776827
64745	0.007657456109
64746	0.007854275462
64747	0.001638534384
64748	0.001448375602
64749	0.01867552054
64750	0.008326986091
64751	0.01491104933
64752	0.01118549156
64753	0.004811894523
64754	0.005118869417
64755	0.003794584946
64756	0.003917950754
64757	0.01042260758
64758	0.002972235208
64759	0.0007160030788
64760	0.00174977751
64761	0.006472279618
64762	0.01013928001
64763	0.008403507449
64764	0.006242401338
64765	0.007460357128
64766	0.003422380227
64767	0.008462802336
64768	0.005907345599
64769	0.0004301643294
64770	0.008781893944
64771	0.0004412555519
64772	0.01429723303
64773	0.0065495226
64774	0.008016930047
64775	0.01349220938
64776	0.007828915032
64777	0.006592707864
64778	0.005749556703
64779	0.004396898711
64780	0.0004837429158
64781	0.003408306954
64782	0.006301770976
64783	0.009789797331
64784	0.008556114012
64785	0.002525228597
64786	0.003386935128
64787	0.009274644067
64788	0.005357536084
64789	0.01480864174
64790	0.002764041802
64791	0.01665738038
64792	0.007784410761
64793	0.001410740051
64794	0.01392755936
64795	0.004033705999
64796	0.007182531058
64797	0.01440900416
64798	0.01603587454
64799	0.001849647284
64800	0.01430828819
64801	0.01988553059
64802	0.00157571542
64803	0.003769925697
64804	0.0004588014438
64805	0.01313897762
64806	0.0009702318511
64807	0.00340782851
64808	0.01138803149
64809	0.01181912346
64810	0.002161671725
64811	0.0003424865771
64812	0.01504060312
64813	0.001995631299
64814	0.01725701427
64815	0.003730480444
64816	0.004041345299
64817	0.001403915251
64818	0.003410073236
64819	0.002766023276
64820	0.01007915068
64821	0.01012697142
64822	0.0180174534
64823	0.0005926936947
64824	0.003993622089
64825	8.834638274e-05
64826	0.005102015895
64827	0.01196907828
64828	0.0004156935407
64829	0.004460739037
64830	0.001425539454
64831	0.009484648209
64832	0.006817474824
64833	0.006871191691
64834	0.004724706579
64835	0.01685909787
64836	0.005216333404
64837	0.00855337451
64838	0.009093045223
64839	0.005478434981
64840	0.003795321142
64841	0.0005749403722
64842	0.00210198268
64843	0.005379303582
64844	0.009310543539
64845	0.01018073032
64846	0.01341922068
64847	0.0003176522247
64848	0.005413597985
64849	0.008618103584
64850	0.004573525907
64851	0.002272584589
64852	0.005350969953
64853	0.01022179959
64854	0.002299521279
64855	0.004235301773
64856	0.01489356364
64857	0.002010972777
64858	0
64859	0.0001405869684
64860	0.007486065273
64861	0.002277109523
64862	0.004243305037
64863	0.006097115113
64864	0.002391832516
64865	0.01096156575
64866	0.001216529011
64867	0.003821130193
64868	0.004363661651
64869	0.0005995361046
64870	0.01647395426
64871	0.005706552239
64872	0.007747634842
64873	0.004993457463
64874	0.0006663467505
64875	0.00482598773
64876	0.03114599663
64877	0.003777504337
64878	0.001407882117
64879	0.001196492216
64880	0.002666664264
64881	0.0007184036829
64882	0.00762938045
64883	0.002162717116
64884	0.003148005094
64885	0.007804327469
64886	0.0103906345
64887	0.0005012193562
64888	3.290443448e-05
64889	0.006685879812
64890	0.004247706344
64891	0.002178915208
64892	0.003012294487
64893	0.004614764078
64894	0.001729300114
64895	0.01045811633
64896	0.01637635443
64897	0.005096323299
64898	0.008815215876
64899	0.00875658927
64900	0.009314830883
64901	0.0006491639296
64902	0.001221705681
64903	0.0002370972496
64904	0.004900107298
64905	0.005564125636
64906	0.00634748708
64907	0.003646787822
64908	0.005385333604
64909	0.009570417949
64910	0.001719629448
64911	0.01365073229
64912	0.001332854261
64913	0.01113969438
64914	0.01158974013
64915	0.001292968165
64916	0.0006038673417
64917	0.0007501741979
64918	0.007135188184
64919	0.00505568471
64920	0.01674971603
64921	0.00359362027
64922	0.001697125148
64923	0.0064461989
64924	0.001301783661
64925	0.0154443924
64926	0.0013626029
64927	0.004969147577
64928	0.007052274994
64929	0.006504340938
64930	0.0007848523059
64931	0.000598451711
64932	0.0005167260771
64933	0.001070098737
64934	0.009292450782
64935	0.004936900354
64936	0.001173146338
64937	0.0004458417893
64938	0.02542220847
64939	0.0001511376912
64940	0.005739413664
64941	0.005482305054
64942	0.004950095162
64943	0.0009602155694
64944	0.0007217795795
64945	0.005307105794
64946	0.008612824864
64947	0.01004133748
64948	0.001670517133
64949	0.00875529402
64950	0.002265180132
64951	0.008568650196
64952	0.003771528821
64953	0.0003277662259
64954	0.005187167795
64955	0.004072708584
64956	0.01212329546
64957	0.003014499958
64958	0.008686564632
64959	0.002960465562
64960	0.0008729515168
64961	0.002905265504
64962	0.01546873378
64963	0.0005784333043
64964	0.009474702424
64965	0.003450098338
64966	0.002767676858
64967	0.001182879388
64968	0.003382498925
64969	0.01708727737
64970	0.004816342226
64971	0.00150242959
64972	0.006528122081
64973	0.01987088292
64974	0.004477810147
64975	0.003483960945
64976	0.002990613376
64977	0.00276457765
64978	0.001022441719
64979	0.001545601953
64980	0.01909141347
64981	0.00116285145
64982	0.015138309
64983	0.001025534223
64984	0.004643467286
64985	0.01318850813
64986	0.01376991552
64987	0.004456918723
64988	0.001513820629
64989	0.0004804581637
64990	0.003525183767
64991	0.002092435949
64992	0.005850739428
64993	0.006827792715
64994	0.0003386310878
64995	0.0105656996
64996	0.0005860548529
64997	0.002780679248
64998	0.01453430925
64999	0.002188767365
65000	0.002964580261
65001	0.004079512543
65002	0.001277148327
65003	0.000956061509
65004	0.0102502344
65005	0.004279459067
65006	0.01193767788
65007	0.007786326916
65008	0.01068227502
65009	0.005412611963
65010	0.00166032291
65011	0.0005586409982
65012	0.0120494705
65013	0.003768533665
65014	0.001549549974
65015	0.001481307343
65016	0.01211050625
65017	0.00634074328
65018	0.01151261862
65019	0.004232275626
65020	0.000467400333
65021	0.006959468835
65022	0.006017441843
65023	0.003490819142
65024	0.003902939323
65025	0.008980231058
65026	0.0008387045089
65027	0.002093988375
65028	0.006674513635
65029	0.007614851966
65030	0.009005587861
65031	0.001879169696
65032	0.0007866801103
65033	0.004524174539
65034	0.003809194
65035	0.002076707502
65036	0.00188009077
65037	0.01128332837
65038	0.003677453098
65039	0.01790720488
65040	0.0006723210305
65041	0.002279645978
65042	0.01107130033
65043	0.008699321319
65044	0.0052518536
65045	0.002801971659
65046	0.003147684485
65047	0.002405927842
65048	0.004209607923
65049	0.01249222365
65050	0.003506001577
65051	0.0005383607643
65052	0.004392361672
65053	0.001719052177
65054	0.003183308108
65055	0.005449630077
65056	0.00932713408
65057	0.001307028714
65058	0.00812290754
65059	0.01225748873
65060	0.004655173282
65061	0.006386329321
65062	0.006928543983
65063	0.003196056764
65064	0.001690702857
65065	0.0007175244988
65066	0.003010162278
65067	0.01441651006
65068	0.00132458059
65069	0.007657526296
65070	0.005997483199
65071	0.00452615838
65072	0.002973071277
65073	0.004125356637
65074	0.006781487101
65075	2.846242575e-05
65076	0.007821654682
65077	0.01033457418
65078	0.002199079944
65079	0.007823904648
65080	0.005200653598
65081	0.008864222271
65082	0.000806840385
65083	0.001193328903
65084	0.0009058440617
65085	0.001766905233
65086	0.004051022363
65087	0.007835697576
65088	0.001253442357
65089	0.0005815217972
65090	0.001147377367
65091	0.00268735371
65092	0.0008012559282
65093	0.01792863214
65094	0.005039345565
65095	0.007507998664
65096	0.0007277233725
65097	0.02520390311
65098	0.003623308488
65099	0.007388113983
65100	0.007047900207
65101	0.004177177277
65102	0.001640947456
65103	0.004686215437
65104	0.0028037134
65105	0.002718479508
65106	0.02114104116
65107	0.0005290032557
65108	0.006448557739
65109	0.01419145032
65110	0.001079126699
65111	0.0002411400997
65112	0.01478158709
65113	0.006065062735
65114	0.002737468714
65115	0.0005817706699
65116	0.006761902102
65117	0.003282791681
65118	0.001527521259
65119	0.005416829678
65120	0.01380703712
65121	0.001777925531
65122	0.003157938656
65123	0.0007147395661
65124	0.002031975298
65125	0.009207971266
65126	0.003926999222
65127	0.0008429978578
65128	0.01392300647
65129	0.00419023749
65130	0.001539560159
65131	0.001524160605
65132	0.01369472155
65133	0.008685417897
65134	0.007209329339
65135	0.008623592753
65136	0.00589351621
65137	0.00204365788
65138	0.008645026585
65139	0.001108563767
65140	0.007042348973
65141	0.001028133879
65142	0.0004708458821
65143	5.747828987e-05
65144	0.009131647293
65145	0.002745682691
65146	0.0009948311595
65147	0.006047800934
65148	0.004093840964
65149	0.009587793595
65150	0.00336117073
65151	0.001364388149
65152	0.006148312957
65153	0.004130589487
65154	0.004317861973
65155	0.002234148007
65156	0.007535310155
65157	0.002017733394
65158	0.003681426724
65159	0.002611568458
65160	0.0203764172
65161	0.005373152749
65162	0.001141411426
65163	0.001186687238
65164	0.003473281029
65165	0.006472501787
65166	7.625996516e-05
65167	0.000667720885
65168	0.01045452592
65169	0.004547918809
65170	0.008985380725
65171	0.004005797394
65172	0.00437504829
65173	0.006933192279
65174	0.008427642583
65175	0.004322588578
65176	0.02696951496
65177	0.01089944738
65178	0.0007919311599
65179	0.008989444248
65180	0.009897030074
65181	0.01228720351
65182	0.007975524444
65183	0.0004277118541
65184	0.01420586139
65185	0.009829730102
65186	0.004906977177
65187	0.01778544271
65188	0.004248748572
65189	0.01039451564
65190	0.00216780265
65191	0.00544498803
65192	0.001162255902
65193	0.009983911911
65194	0.001251135558
65195	0.002835597112
65196	0.002501335214
65197	0.003965956746
65198	0.006633161006
65199	0.002070665221
65200	0.002078510641
65201	0.003493861066
65202	0.01294993171
65203	0.0001124998612
65204	0.008910087709
65205	0.0009533936228
65206	0.001452997415
65207	0.002243253166
65208	0.01366445312
65209	0.006137337497
65210	0.0006226104059
65211	0.007277852971
65212	0.008552219929
65213	0.00669407714
65214	0.001624243857
65215	0.001545351819
65216	0.004739390061
65217	0.01221005616
65218	0.007390423303
65219	0.006389654084
65220	0.0142567227
65221	0.003729112859
65222	0.001505530702
65223	0.001030105826
65224	0.009227774903
65225	0.006609866537
65226	0.005244416449
65227	0.005346599835
65228	0.006259289719
65229	0.01273997357
65230	0.002627166412
65231	0.01238558773
65232	0.006483154687
65233	0.004817335656
65234	0.008821684672
65235	0.005481741129
65236	0.003327441869
65237	2.42306753e-05
65238	0.01318893132
65239	0.005037701263
65240	0.002830420068
65241	0.01278343386
65242	0.003221643656
65243	0.01287354961
65244	0.0006347592804
65245	0.0021879719
65246	0.005978607794
65247	0.001350522638
65248	0.01127709201
65249	0.001109762174
65250	0.0173125662
65251	0.01236795442
65252	0.002273775104
65253	0.004626463311
65254	0.0007407253346
65255	0.007462003528
65256	0.002979497574
65257	0.0004055231908
65258	0.009908220818
65259	0.01481835039
65260	0.004712133039
65261	0.009262496493
65262	0.0003064697014
65263	0.004461592217
65264	0.001358659349
65265	0.008204843988
65266	0.004239256652
65267	0.002670050448
65268	0.003444108561
65269	0.01635234459
65270	0.01283836433
65271	0.004280233931
65272	0.007225745695
65273	0.0009595408739
65274	0.01425120757
65275	0.008393899502
65276	0.0102413261
65277	0.008109922025
65278	0.0005698449035
65279	0.006014118701
65280	0.0003248852769
65281	0.001932352638
65282	0.005276965784
65283	6.211612413e-05
65284	0.00363969378
65285	0.00716495933
65286	0.00300492546
65287	0.01248972914
65288	0.0007867798617
65289	0.003311959953
65290	0.00691506478
65291	0.003643218096
65292	0.002577044469
65293	0.0008805329754
65294	0.002160019782
65295	4.551086328e-05
65296	0.01213695486
65297	0.01501543189
65298	0.005107873998
65299	0.0129919472
65300	0.003623853127
65301	0.003222307797
65302	0.002055576909
65303	0.003772985653
65304	4.890872017e-05
65305	0.01490039623
65306	0.001705234755
65307	0.008023480744
65308	0.006774860862
65309	0.02054740678
65310	0.006423966478
65311	0.0003086201803
65312	0.0009271662195
65313	0.001743723982
65314	0.01351947804
65315	0.00814346249
65316	0.004667210514
65317	0.0189714858
65318	0.003461777816
65319	4.563180045e-05
65320	0.008891232156
65321	0.002675140108
65322	0.004205709905
65323	0.003311853179
65324	0.002001032573
65325	0.001076424517
65326	0.009443031369
65327	0.002785951543
65328	0.003387200554
65329	0.01509281794
65330	0.005370312232
65331	0.003223452995
65332	0.007636062594
65333	0.004761585976
65334	0.0006869876731
65335	0.001520018061
65336	0.001480585827
65337	0.005212872937
65338	0.003016185623
65339	0.001911212103
65340	0.001885940117
65341	0.001349475404
65342	0.004817458109
65343	0.007266436708
65344	0.005998030251
65345	0.006367394032
65346	0.00497142951
65347	0.003944560926
65348	0.0003928480374
65349	0.001974451125
65350	0.007599990734
65351	0.009693161022
65352	0.01079625585
65353	0.0005341565448
65354	0.002466782385
65355	0.0003727658412
65356	0.005141987313
65357	0.000659102158
65358	0.0005066985658
65359	0.02728032465
65360	0.005093162104
65361	0.003542845226
65362	0.009451524262
65363	0.002983671308
65364	0.0004716317209
65365	0.01294415229
65366	0.004839575923
65367	0.00122993221
65368	0.004498180223
65369	0.01322049843
65370	0.006739853665
65371	0.007144196349
65372	0.006628830713
65373	0.002642417448
65374	0.004494711705
65375	0.0002006889977
65376	0.0003949397043
65377	0.01403842569
65378	0.002910442159
65379	0.02109562933
65380	0.0003410284116
65381	0.001302333554
65382	0.00395074479
65383	0.01234691108
65384	1.652258609e-05
65385	0.001456173817
65386	0.01448769947
65387	0.0006157105144
65388	0.004511284429
65389	0.01548428487
65390	0.006331273711
65391	0.007076653393
65392	0.003903822358
65393	0.01064730915
65394	0.004980958512
65395	0.001017741249
65396	0.01763612668
65397	0.008870534292
65398	0.01416151692
65399	0.01132059391
65400	0.00646220792
65401	0.0149030835
65402	0.004565327345
65403	0.001818829013
65404	0.007306161701
65405	0.0009637424886
65406	0.0001583923881
65407	0.004454763925
65408	0.000971537526
65409	0.0123843557
65410	0.0006265260964
65411	0.003470740815
65412	0.008101064886
65413	0.01016931531
65414	0.006961013937
65415	0.003142354663
65416	0.01649061108
65417	0.01323968556
65418	0.002403799633
65419	0.008336493333
65420	3.967067774e-05
65421	0.02244234801
65422	0.003626059573
65423	0.001896095291
65424	0.008968941471
65425	0.0006236588614
65426	0.007929174036
65427	0.003321711988
65428	0.001889596636
65429	0.01280131183
65430	0.009629805073
65431	0.001107861798
65432	0.001258748487
65433	0.01693631947
65434	0.01413970961
65435	0.001347815262
65436	0.003525886568
65437	0.0001989034152
65438	0.007245041453
65439	0.01700608119
65440	0.005216887337
65441	0.004435477053
65442	0.00438652346
65443	0.01061684162
65444	0.003589055212
65445	0.002303905524
65446	0.0007428971491
65447	0.008004222994
65448	0.01596912458
65449	0.0005458703363
65450	0.006105035957
65451	0.009419238674
65452	0.0009487194831
65453	0.0002628024254
65454	0.001853649067
65455	0.0004032022035
65456	0.0008963359885
65457	0.007937054791
65458	0.01713537013
65459	0.005853526476
65460	0.002035814173
65461	0.001778400685
65462	0.004702393548
65463	0.0002390244252
65464	1.998440162e-05
65465	0.004383519621
65466	0.001350475344
65467	0.01026521494
65468	0.002915296495
65469	0.006099713684
65470	0.002220850417
65471	0.005198983412
65472	0.01442452651
65473	0.01068839347
65474	0.00886672981
65475	0.004143698137
65476	0.004764892283
65477	0.00570118685
65478	0.003732427246
65479	0.006333876827
65480	0.008182868642
65481	0.000477502372
65482	0.002247940553
65483	0.005596494305
65484	0.002078816581
65485	0.02041033404
65486	0.002013521469
65487	0.006854989859
65488	0.001957782311
65489	0.001571171047
65490	0.01591284051
65491	0.003622494816
65492	0.0008512703706
65493	0.001423404367
65494	0.004345810355
65495	0.008762146036
65496	4.374923039e-05
65497	0.0004446628305
65498	0.002170727827
65499	0.01957141043
65500	0.003763939903
65501	0.01584706655
65502	0.006179565969
65503	0.0002630468595
65504	0.0178753195
65505	0.004108027907
65506	0.001551889843
65507	0.007379677589
65508	0.001072182491
65509	0.00144924676
65510	0.001047578093
65511	0.009246504803
65512	0.001217820397
65513	0.002558492619
65514	0.0003321421594
65515	0.0009803896634
65516	0.001091855492
65517	0.004320237135
65518	0.001660173716
65519	0.001353872055
65520	0.0006168462098
65521	0
65522	0.003509385043
65523	0.00069508342
65524	0.001005872911
65525	0
65526	0.01330194237
65527	0.00182277659
65528	0.006171329153
65529	0.003901076926
65530	0.003436855872
65531	0.008771846174
65532	0.005236333894
65533	0.0001950228989
65534	0.0009066935362
65535	0.01394898285
65536	0.003221985732
65537	0.0003214238887
65538	0.006310010652
65539	0.00527416129
65540	0.007885408883
65541	0.002375357213
65542	0.005343630841
65543	0.004345475153
65544	0.005437143576
65545	0.004226474518
65546	0.01087367495
65547	0.008341418306
65548	0.005617934321
65549	0.0002102128396
65550	0.01423589723
65551	0.001583143057
65552	0.0009210030246
65553	0.0008938681686
65554	0.002442956397
65555	0.003135559795
65556	0.0007593591854
65557	0.003400759113
65558	0.005083577994
65559	0.0003076885078
65560	0.005368986268
65561	0.008403220146
65562	0.007188473565
65563	0.001358074262
65564	0.0003939939699
65565	0.0004204822851
65566	0.004996975915
65567	0.002069631006
65568	0.003300010842
65569	0.008859241808
65570	0.0005975797094
65571	0.007406805771
65572	0.002684304535
65573	0.00225075613
65574	0.0005560055312
65575	0.002970414979
65576	0.001404169694
65577	0.01101696251
65578	0.007308669321
65579	0.0122719623
65580	0.005318864909
65581	0.002300572736
65582	0.01333544947
65583	0.003060133718
65584	0.01075741325
65585	0.006848980848
65586	0.0002647141668
65587	0.002122802052
65588	0.005574325175
65589	0.01099957993
65590	0.001631857539
65591	0.004296969582
65592	0.01466432017
65593	0.003785768595
65594	0.005531950941
65595	0.001507150797
65596	0.005439511495
65597	0.01142249991
65598	0.0009121341759
65599	0.001206960948
65600	0.002755292019
65601	0.01447430782
65602	0.003614416256
65603	0.005809901116
65604	0.00419285765
65605	0.006415474586
65606	0.0002913477767
65607	0.003360799322
65608	0.002898722617
65609	0.003825369268
65610	0.005344375097
65611	0.002055933535
65612	0.002390712726
65613	0.007340900691
65614	0.005592666139
65615	0.002135163949
65616	0.001326365381
65617	4.48018676e-05
65618	0.01717268905
65619	0.0009331416237
65620	0.007849581584
65621	0.002536685288
65622	0.004847918537
65623	0.01835904118
65624	0.01038048839
65625	0.002589185728
65626	0.008561350868
65627	0.005705895984
65628	0.002373001785
65629	0.004844095557
65630	0.0003253203963
65631	0.01005048484
65632	0.001328845815
65633	0.005893558486
65634	0.01422756387
65635	0.00653881993
65636	0.008756705143
65637	0.005819860905
65638	0.005985188823
65639	0.005931360358
65640	0.001459615238
65641	0.005651887862
65642	0.007773374254
65643	0.009816897195
65644	0.003979070906
65645	0.003645820035
65646	0.008153763041
65647	0.00733606137
65648	0.005796604069
65649	0.0005311893031
65650	0.002845249594
65651	0.005963252849
65652	0.01161923072
65653	0.01419573813
65654	0.0007457135437
65655	0.004822600352
65656	0.01775884651
65657	0.005780654493
65658	0.00295315588
65659	0.007513373045
65660	0.003861108662
65661	0.001910494039
65662	0.004323690025
65663	0.01206849758
65664	0.01359456404
65665	0.008052216675
65666	0.01244347913
65667	0.01858422035
65668	0.005395458267
65669	0.01077029651
65670	0.0007567262688
65671	0.003469650986
65672	0.01942668904
65673	0.01456248444
65674	0.006214487206
65675	0.002708901476
65676	0.003022928852
65677	0.004997403663
65678	0.01040840227
65679	0.008378224781
65680	0.01089544986
65681	0.01405378176
65682	0.003934444203
65683	0.009352611116
65684	0.006636275292
65685	0.008223820503
65686	0.007414932026
65687	0.009814915388
65688	0.007937751851
65689	0.005684145234
65690	0.02085859683
65691	0.004737481477
65692	0.0002600626551
65693	0.01663862935
65694	0.001686942079
65695	7.231372567e-05
65696	0.005046297868
65697	0.001443797723
65698	0.003302228141
65699	0.0003253783342
65700	9.137598491e-05
65701	0.01993189296
65702	0.002042225563
65703	0.001664070491
65704	0.0012280345
65705	0.0001290916528
65706	0.006506774301
65707	0.01196180304
65708	0.001504622431
65709	0.004527802922
65710	0.0009212670648
65711	0.003100894699
65712	0.002155095908
65713	0.002384716197
65714	0.01051484813
65715	0.005677920417
65716	0.004961562746
65717	0.003829121758
65718	0.00727980706
65719	0.002635916831
65720	0.007179314929
65721	0.0006679924862
65722	0.005224450994
65723	0.003168683505
65724	0.01157175324
65725	0.004890284846
65726	0
65727	0.0001241650376
65728	0.0008041085331
65729	0.003465998784
65730	0.007723011984
65731	0.0008854871872
65732	0.0009525426687
65733	0.008542612185
65734	0.002109613062
65735	0.0006023093756
65736	0.009376082232
65737	0.01124066512
65738	0.002640339476
65739	0.02080118601
65740	0.003181128736
65741	0.008041782747
65742	0.004266987793
65743	0.001866560813
65744	0.004266690791
65745	0.002120675145
65746	0.004128104282
65747	0.00864880336
65748	0.001405227006
65749	0.006403612643
65750	0.002654291687
65751	0.005382267709
65752	0.003920177266
65753	0.01215281836
65754	0.0008672545943
65755	0.00755545547
65756	3.268309702e-05
65757	0.001205216428
65758	0.0008686113287
65759	0.003075157215
65760	0.007010151654
65761	0.02401024064
65762	0.001516484645
65763	0.003949216011
65764	0.0172481276
65765	0.00672362167
65766	0.002473035055
65767	0.01349864358
65768	0.001061584382
65769	0.007120241069
65770	0.007844490415
65771	0.005428960607
65772	0.008207355936
65773	0.004478642351
65774	0.003109214899
65775	0.007316897607
65776	0.006657404549
65777	0.01082531606
65778	0.01871769614
65779	0.01053366769
65780	0.002382816945
65781	0.002236168003
65782	0.01491974006
65783	0.002356560431
65784	0.01018605768
65785	0.01124798696
65786	0.005673415711
65787	0.005395109286
65788	0.001881692896
65789	0.008185100179
65790	0.01367385515
65791	0.004860995879
65792	0.01417332095
65793	0.01344639228
65794	0.004682060454
65795	0.003527729083
65796	0.002994576078
65797	0.007900250915
65798	0.008349980861
65799	0.003718806771
65800	0.006013766963
65801	0.0008118850571
65802	0.00401109259
65803	0.01395416259
65804	0.01700565497
65805	0.005072903273
65806	0.009179423599
65807	0.009809222775
65808	0.00900621043
65809	0.008584384954
65810	0.002995279214
65811	0.01036043494
65812	0.02302147242
65813	0.005183208229
65814	0.005536731594
65815	0.01217639763
65816	0.007694264293
65817	0.001949168049
65818	0.002447919846
65819	0.01150480102
65820	0.01026593967
65821	0.008607887884
65822	0.00221130226
65823	0.002263245975
65824	0.0003748093623
65825	0.005481584546
65826	0.001863497121
65827	0.0007999901934
65828	2.5885616e-05
65829	0.004364888791
65830	0.007626355864
65831	9.571287721e-05
65832	0.002617643071
65833	0.009422154119
65834	0.004820315377
65835	0.01569736918
65836	0.008112303577
65837	0.002826810935
65838	0.005179951338
65839	0.002968093483
65840	0.01074300902
65841	0.000335329362
65842	0.008190130324
65843	0.0006286043067
65844	0.005520331457
65845	0.00026182843
65846	0.01783987728
65847	0.004100409322
65848	0.006173177154
65849	0.0002773966246
65850	0.007621978119
65851	0.002945833341
65852	0.0002796193132
65853	0.0008442523571
65854	0.001978683587
65855	0.003176901307
65856	0.01302075871
65857	0.001260974551
65858	0.003166716942
65859	0.008143693429
65860	0.005644702421
65861	0.0002929899144
65862	0.002429014069
65863	0.009102323722
65864	0.003911441663
65865	0.005039513876
65866	0.006796002403
65867	0.004289504007
65868	0.00105163691
65869	0.01140932611
65870	0.007238065153
65871	0.01124961006
65872	0.001232478584
65873	0.006503819485
65874	0
65875	0.01544947239
65876	0.00458003258
65877	0.0001644891411
65878	4.113137888e-06
65879	0.01056630143
65880	0.005317448778
65881	1.74404681e-05
65882	0.006552704461
65883	0.01196636205
65884	0.01006531503
65885	0.001237485294
65886	0.01246498302
65887	0.003744176895
65888	0.008305459622
65889	0.004191889551
65890	3.491847169e-05
65891	0.01102095577
65892	0.01627437931
65893	0.005754023767
65894	0.00277512397
65895	0.009038242034
65896	0.01992021578
65897	0.002934764322
65898	0.004077952246
65899	0.009273529075
65900	0.01198055898
65901	0.0003016301814
65902	0.009939649229
65903	0.0008621372129
65904	0.004813977276
65905	0.0001759648245
65906	0.004159970614
65907	0.001857142719
65908	0.0001790378868
65909	0.008034983073
65910	0.001693163613
65911	0.01095968502
65912	0.009575188018
65913	0.0004110579712
65914	0.005867128801
65915	0.0006483713363
65916	0.01982616779
65917	0.008206264238
65918	0.01053370255
65919	0.001014251727
65920	0.006754586712
65921	0.002476235612
65922	0.001878370869
65923	0.002119221026
65924	0.01616736649
65925	0.003885568236
65926	0.0008713418141
65927	0.003043827723
65928	0.001104368547
65929	0.004302705666
65930	0.005933574501
65931	0.01381106428
65932	0.00216723459
65933	0.002644303464
65934	0.000974749782
65935	0.001567370441
65936	0.004544225531
65937	0.006473409903
65938	0.01403793768
65939	0.006301258134
65940	0.005131676609
65941	0.00538385522
65942	0.0003309350872
65943	8.820321284e-05
65944	0.007346703129
65945	0.007574011082
65946	0.001752823167
65947	0.003928691445
65948	0.002328310366
65949	0.000338624405
65950	0.007998231905
65951	0.002475235643
65952	0.01536801112
65953	0.004705114877
65954	0.01139167179
65955	0.01268526579
65956	0.001582739454
65957	0.004711680184
65958	0.002092872019
65959	0.001340859373
65960	0.0009441388173
65961	0.01652584672
65962	0.007347421632
65963	0.001944777424
65964	0.009262021762
65965	1.574704746e-05
65966	0.0009957911392
65967	0.00962527832
65968	0.001090434669
65969	0.002482511559
65970	0.001007266314
65971	0.003849681645
65972	0.02800071565
65973	9.332968864e-05
65974	0.01035393961
65975	0.006228907086
65976	0.008449835373
65977	0.0004444558534
65978	0.004850086369
65979	0.0009545937692
65980	0.006203530388
65981	0.001066751099
65982	0.006991575974
65983	0.007681171619
65984	0.003024263325
65985	0.0002692896566
65986	0.005949027083
65987	0.003330643799
65988	0.004071605124
65989	0.01045663898
65990	0.003589853265
65991	0.001237898464
65992	0.0002872388937
65993	0.001941567741
65994	0.0233123415
65995	0.0003415028853
65996	0.002711764554
65997	0.0115508045
65998	0.0004631354985
65999	0.01540846654
66000	0.0007924594981
66001	0.01183438274
66002	0.009729768563
66003	0.0006057398771
66004	0.001410643263
66005	0.000904063884
66006	0.02302443824
66007	0.004967385751
66008	0.008269247184
66009	0.001720201287
66010	0.01083598568
66011	0.003647941518
66012	0.01409418869
66013	0.008748366484
66014	0.01170114053
66015	0.001297877803
66016	0.00616469946
66017	0.0003275248301
66018	0.003327783181
66019	0.005585940505
66020	0.005497802848
66021	0.006158447083
66022	0.003731087804
66023	0.001364547769
66024	0.005714161824
66025	9.727366399e-06
66026	0.01956626979
66027	0.002902314659
66028	0.0005768037662
66029	0.003523796684
66030	0.00940902309
66031	0.005006962394
66032	0.001535252005
66033	0.004764368297
66034	0.01731417222
66035	0.008950766433
66036	0.002386022956
66037	0.00102699509
66038	0.005246121348
66039	0.004834393619
66040	0.004463097275
66041	0.002205562129
66042	0.01001942815
66043	0.0001991606975
66044	0.006722105762
66045	0.01030879866
66046	0.00183228027
66047	0.01772187235
66048	0.00364635758
66049	0.006558530993
66050	0.00577405904
66051	0.0003558173469
66052	0.00928240284
66053	0.0007470546703
66054	0.01384344334
66055	0.001789689255
66056	0.00374071789
66057	8.687622049e-06
66058	0.004383059834
66059	0.006970006275
66060	0.008602236054
66061	0.003811945194
66062	0.01810476885
66063	0.009824018921
66064	0.005509434186
66065	0.01051953966
66066	0.02065075258
66067	0.006000197513
66068	0.009234007632
66069	0.0095625514
66070	0.003439374049
66071	0.002551676958
66072	0.01001755523
66073	0.002723353431
66074	0.001677836132
66075	0.01318660831
66076	0.002900732984
66077	0.008240281942
66078	0.008113403666
66079	0.002178996765
66080	0.01099523723
66081	0.01327842988
66082	0.004702626036
66083	0.001697911114
66084	0.01525106305
66085	0.002969453078
66086	0.008328448747
66087	0.00492758905
66088	0.01065329411
66089	0.001756517018
66090	0.019349968
66091	0.01525802642
66092	0.001497153696
66093	0.004966337103
66094	0.01229447217
66095	0.001609243884
66096	0.002933580194
66097	0.01293904512
66098	0.005384114674
66099	0.000451442375
66100	0.007668048345
66101	0.01545735239
66102	0.003214193537
66103	0.006389483926
66104	0.001026748361
66105	0.008295299036
66106	0.0001632710679
66107	0.00274826916
66108	0.00452559582
66109	0.002732067006
66110	0.01352707961
66111	0.008701040678
66112	0.01115688105
66113	0.01199555764
66114	0.002175287621
66115	0.0033442945
66116	0.01213611738
66117	0.01125512002
66118	0.006446066468
66119	0.005525596991
66120	0.000214857983
66121	0.00940532107
66122	0.0173050437
66123	0.004238871325
66124	0.00468871619
66125	0.004204948685
66126	0.003717722107
66127	0.001037272468
66128	0.0002672833559
66129	0.02176491792
66130	0.002271717223
66131	0.004894990938
66132	0.01003240412
66133	0.01984344467
66134	0.002597013677
66135	0.01084155758
66136	0.01251492529
66137	0.001178486617
66138	0.000261726275
66139	0.00604249905
66140	0.009396455117
66141	0.01137072326
66142	0.007969498944
66143	0.008571833105
66144	0.003631326793
66145	0.007678726896
66146	0.00180105891
66147	0.02060435559
66148	0.02116732858
66149	0.01433505811
66150	0.002249575664
66151	0.006000069018
66152	0.01252099126
66153	0.01029523853
66154	0.00260190116
66155	0.003737311669
66156	0.0006395883175
66157	0.0009072304648
66158	0.001464645432
66159	0.004521337472
66160	0.003270911014
66161	0.01709538711
66162	0.007401692144
66163	0.004158880244
66164	0.009764341748
66165	0.007546173977
66166	0.002455828034
66167	0.004274465978
66168	0.003322119293
66169	0.008390650083
66170	0.006870511497
66171	0.006113816089
66172	0.002103631291
66173	0.006487734273
66174	0.005517556615
66175	0.004565059204
66176	0.007945560762
66177	0.00345253235
66178	0.008759019377
66179	0.0003399856571
66180	0.008956122222
66181	0.006063304196
66182	0.001182093868
66183	0.002295919368
66184	0.009008497937
66185	0.001422363977
66186	0.01079893059
66187	0.00283934767
66188	0.009055278169
66189	0.002162798924
66190	0.009518732849
66191	0.006796843622
66192	0.00840454919
66193	0.003686826263
66194	0.01239657833
66195	0.0008515474538
66196	0.0008764426507
66197	0.008604965114
66198	0.004238755165
66199	0.00878084675
66200	0.002401380355
66201	0.00367181202
66202	0.006568305174
66203	0.01077400403
66204	0.003502577994
66205	0.006567389695
66206	8.710727523e-05
66207	0.0004459414509
66208	0.009105754505
66209	0.003686365689
66210	0.008044486999
66211	0.02982954585
66212	0.00533681779
66213	0.009354139682
66214	0.004525792829
66215	0.00944491684
66216	0.009059504565
66217	0.02097304224
66218	0.001188648191
66219	0.01425225346
66220	0.0009303694021
66221	0.003979581972
66222	0.01495106402
66223	0.003346818013
66224	0.002095736478
66225	0.001520038923
66226	0.008657299234
66227	0.0004366135634
66228	0.003967745144
66229	0.002180277561
66230	2.632759031e-05
66231	0.003492434781
66232	0.00628074066
66233	0.009523675401
66234	0.00429850657
66235	0.003359173237
66236	0.006291570636
66237	0.004066003236
66238	0.0221248827
66239	0.001190670611
66240	0.0001494146322
66241	0.009917446502
66242	0.01057612786
66243	0.005871222641
66244	0.006296776139
66245	0.0004007446942
66246	0.004340342369
66247	0.004445662982
66248	0.009184734748
66249	0.0004422833679
66250	0.01109231582
66251	0.003291374724
66252	0.0005976299506
66253	0.009784824551
66254	0.008462394009
66255	0.02163473918
66256	0.009160607503
66257	0.0002619845835
66258	0.005589452689
66259	0.005505066004
66260	0.004534225148
66261	0.001335754591
66262	0.01395114616
66263	0.01358743625
66264	0.01100419963
66265	0.005660027774
66266	0.009371803614
66267	0.008877733366
66268	0.001076542528
66269	0.001405530969
66270	0.002072475567
66271	0.009450469757
66272	0.003155404378
66273	0.004103486992
66274	0.004860868461
66275	0.0016393019
66276	0.007681324259
66277	0.01123646496
66278	0.008802841421
66279	0.01317069898
66280	0.002172611701
66281	0.00587200071
66282	0.00134267997
66283	0.0009203975392
66284	0.002688699469
66285	0.003546295034
66286	0.01099267085
66287	0.0006200346031
66288	0.00183279848
66289	0.002865571379
66290	0.0006002433165
66291	0.009256143212
66292	0.005253622939
66293	0.000744053484
66294	0.0003189290917
66295	0.0009933950692
66296	0.001673068701
66297	0.0004602823973
66298	0.01124615883
66299	0.001624564366
66300	0.008854002147
66301	0.0017216675
66302	0.01098025596
66303	0.008427168431
66304	0.001768171266
66305	0.001403420506
66306	0.009795667389
66307	0.006001450426
66308	0.003027430613
66309	0.003521257784
66310	0.01225114863
66311	0.004362943562
66312	0.007363061185
66313	0.01160652718
66314	0.01235216821
66315	0.00246474508
66316	0.01219825218
66317	0.003824388875
66318	0.00733515325
66319	0.004996333475
66320	0.0003206184459
66321	0.01282730471
66322	0.0003189513305
66323	0.01474494915
66324	0.002200000023
66325	0.002325182021
66326	0.003297961602
66327	0.00467632129
66328	0.01250499269
66329	0.01375181404
66330	0.002818842334
66331	0.00241839913
66332	0.001660453459
66333	0.002745444108
66334	0.002281390668
66335	0.006017864935
66336	0.003153069369
66337	0.002928101533
66338	0.004176771288
66339	0.003890468714
66340	0.001132780509
66341	0.008479893676
66342	0.002649034827
66343	0.003388602081
66344	0.01685225953
66345	0.01787072483
66346	0.004390429274
66347	0.001582662717
66348	0.003996605298
66349	0.01020028865
66350	0.005614763798
66351	1.111613262e-05
66352	0.0008285581951
66353	0.003687985733
66354	0.001849560265
66355	0.0002838791657
66356	0.002020490283
66357	0.01148138122
66358	0.004803787576
66359	0.0002842728975
66360	0.004898481844
66361	0.0003306899692
66362	0.008861792306
66363	0.006055215028
66364	0.00185026125
66365	0.01261940508
66366	0.007519305443
66367	0.003590550919
66368	0.01293542805
66369	0.009630890346
66370	0.006805600101
66371	0.001043127086
66372	0.0081500989
66373	0.01042897051
66374	0.001192660984
66375	0.01052759653
66376	0.0004746292825
66377	0.01160763389
66378	0.01418422447
66379	0.01027026707
66380	0.008401576001
66381	0.006809227427
66382	0.01339063589
66383	0.001303759405
66384	0.005985009578
66385	0.008235780359
66386	0.007485013298
66387	0.0005365895784
66388	0.002669886016
66389	0.005309928633
66390	0.02372143315
66391	0.00112254385
66392	0.001764887584
66393	0.001154774684
66394	0.00156352728
66395	0.002439906369
66396	0.00103747129
66397	0.005384022606
66398	0.01562592742
66399	0.001958881361
66400	0.001876898054
66401	0.0008851970515
66402	0.000699813326
66403	0.002291947985
66404	0.005197797793
66405	0.006487632926
66406	0.003732450672
66407	0.00389080366
66408	0.005124129439
66409	0.001397890051
66410	0.0005860496247
66411	0.009057430772
66412	0.006790629115
66413	0.0126726407
66414	0.002385417699
66415	0.01534223441
66416	0.001273265069
66417	0.002217449068
66418	0.003627600323
66419	0.01503501576
66420	0.006461370437
66421	0.003634127659
66422	0.008802510117
66423	0.0005048517681
66424	0.006156283973
66425	0.0008165230207
66426	0.002731805559
66427	0.01092809846
66428	0.005048868277
66429	0.004006376998
66430	0.01109111401
66431	0.001579035975
66432	0.004923521636
66433	0.004063530948
66434	0.00233812619
66435	0.001685662515
66436	0.01492735731
66437	0.008424635225
66438	0.007543869352
66439	0.0004375011939
66440	0.0006200042059
66441	0.01040910246
66442	0.00339560353
66443	0.005584403257
66444	0.0005903103812
66445	0.00891249641
66446	0.004390832392
66447	0.01170538253
66448	0.002793052656
66449	0.01211071451
66450	0.0042822095
66451	0.00674889506
66452	0.007287078529
66453	5.573387747e-05
66454	0.004008786509
66455	0.01072000999
66456	0.006249095577
66457	0.01461658707
66458	0.003786307011
66459	0.009378641475
66460	0.001714075819
66461	0.01038022482
66462	0.02337881295
66463	0.01102038874
66464	0.01321887263
66465	6.56916687e-05
66466	0.007089404887
66467	0.003390768667
66468	0.008950562717
66469	0.006845875897
66470	0.001052357114
66471	0.009829254618
66472	0.002247407686
66473	0.003948567057
66474	0.008651446877
66475	0.004194265328
66476	0.002520499121
66477	5.847524602e-05
66478	0.005490381204
66479	0.01516647178
66480	0.0008900486714
66481	0.01047058144
66482	0.005629626877
66483	0.01189224236
66484	0.0007312819559
66485	0.01772214126
66486	0.01084483764
66487	0.004825866063
66488	0.01012103368
66489	0.01270014097
66490	0.002365466167
66491	0.01086002836
66492	0.01047164816
66493	0.002472296102
66494	0.0005583135292
66495	0.002436543191
66496	0.001039928919
66497	0.00444045936
66498	0.002556687225
66499	0.0002348633745
66500	0.002645717365
66501	0.01114164262
66502	0.007315019286
66503	0.003828978458
66504	0.003872035545
66505	0.001050620485
66506	0.00694213819
66507	0.01246280913
66508	0.003816327903
66509	0.002233329737
66510	0.001297519779
66511	0.002098083476
66512	0.01036462875
66513	0.001528897497
66514	0.004853167954
66515	0.01036276949
66516	0.001540201023
66517	0.005550766785
66518	0.008705300138
66519	0.006115996106
66520	0.007196435546
66521	0.01842894962
66522	0.005594423475
66523	0.004004970058
66524	0.0005371827476
66525	0.001026055989
66526	0.004428658575
66527	0.003171303807
66528	0.0008380850731
66529	0.0003887598625
66530	0.004365256268
66531	0.0008060772754
66532	0.01152651037
66533	0.008157482749
66534	0.008594865493
66535	0.002481488009
66536	0.008106855685
66537	0.007765656583
66538	0.002295158888
66539	0.001128926682
66540	0.008433689707
66541	0.005317515337
66542	0.003166725283
66543	0.003410112215
66544	0.01270580857
66545	0.00991326979
66546	0.009006020282
66547	0.004863182381
66548	0.008052047204
66549	0.001856036499
66550	0.01562439923
66551	0.0004600700638
66552	0.02107090519
66553	0.006623557262
66554	0.002304580095
66555	0.01790972548
66556	0.002721791548
66557	0.0004770108119
66558	0.006397720628
66559	0.009432206268
66560	0.0002348124913
66561	0.003159192604
66562	0.008775345757
66563	0.002263497986
66564	0.002074537953
66565	0.007448230832
66566	0.003627696634
66567	0.006122616987
66568	0.003906188722
66569	0.009919647847
66570	0.002302260207
66571	0.004637226244
66572	0.0007774892715
66573	0.009009429874
66574	0.003523670708
66575	0.006937899584
66576	0.01062847809
66577	0.002641720451
66578	0.01057811536
66579	0.0005656412015
66580	7.000434316e-05
66581	0.002049652705
66582	0.004420489653
66583	0.002126937945
66584	0.01200315084
66585	0.003816932404
66586	0.01990490783
66587	0.001643956486
66588	0.001214286082
66589	0.01932521404
66590	0.01001176921
66591	0.00610883891
66592	0.02313560311
66593	0.008071061233
66594	0.005546757728
66595	0.001341926781
66596	0.01371104669
66597	0.006794189509
66598	0.01650010512
66599	0.0007572420219
66600	0.006859398686
66601	0.0009835036088
66602	0.01465341777
66603	0.007316477836
66604	0.004744546841
66605	0.005533993014
66606	0.00394984619
66607	0.003598911277
66608	0.001474947828
66609	0.00117186906
66610	0.005982456577
66611	0.01436066963
66612	0.02162524769
66613	1.802916502e-05
66614	0.008295457164
66615	0.003431106632
66616	0.007882341008
66617	0.0009565985196
66618	0.006918756764
66619	0.01583499282
66620	0.003084116994
66621	0.002880680694
66622	0.0001066215216
66623	0.01228746593
66624	0.001831411198
66625	0.0009941806401
66626	0.0003944677044
66627	0.0002955547534
66628	0.0003883280552
66629	0.002185646771
66630	0.002450110978
66631	0.009227238771
66632	0.002205157399
66633	0.002618213526
66634	0.004531149075
66635	0.0122536979
66636	0.004592412371
66637	0.001409669806
66638	0.0004350977926
66639	0.001160417444
66640	0.001574679724
66641	0.003285094848
66642	0.0001646215419
66643	0.00035490179
66644	0.001732773516
66645	0.002591306301
66646	0.001126844275
66647	0.0006951528237
66648	0.01465034651
66649	0.0005578123724
66650	0.004474591081
66651	0.0124651335
66652	0.002044887346
66653	0.0003312351119
66654	0.00101248047
66655	0.0008488304007
66656	0.001061772843
66657	0.001487060126
66658	0.002408844076
66659	0.001106603714
66660	0.0005403910013
66661	0.00309242016
66662	0.003263528748
66663	0.01480851718
66664	0.000558741396
66665	0.01444751421
66666	0.006391701953
66667	0.01014120765
66668	0.006054478043
66669	0.006949279526
66670	0.003580515787
66671	0.001855576479
66672	0.005191537225
66673	0.01942476273
66674	0.008575512977
66675	0.006047751622
66676	0.004776947945
66677	0.02430813305
66678	0.007866046501
66679	0.01725474558
66680	0.002637440146
66681	0.005503182588
66682	0.008338311602
66683	0.01603350192
66684	0.00793974062
66685	0.0004055648891
66686	0.007420210219
66687	0.007253510616
66688	0.008084116423
66689	0.0008195088844
66690	0.0005898792068
66691	0.005064990638
66692	0.01384612688
66693	0.007369690834
66694	0.006738036636
66695	0.01532084341
66696	0.006511376763
66697	0.006428947129
66698	0.004106809677
66699	0.01090212265
66700	0.004639253812
66701	0.005246736532
66702	0.00624214144
66703	0.00536363294
66704	0.007695133289
66705	0.01091130418
66706	0.003005768567
66707	0.003060836291
66708	0.0006437569428
66709	0.001232424801
66710	0.001091724087
66711	0.007999324225
66712	0.008759929574
66713	0.0005182847437
66714	0.002707232032
66715	0.00437468213
66716	0.007982472129
66717	0.0001403255664
66718	0.005174841118
66719	0.001284212317
66720	0.01428872395
66721	0.00413755752
66722	0.01675798501
66723	0.0009226557774
66724	0.004563091367
66725	0.0001273237151
66726	0.009149232934
66727	0.003463188455
66728	0.001882778809
66729	0.0001772301197
66730	0.004977336445
66731	0.003385875777
66732	0.004924660621
66733	0.00389755931
66734	0.005257627653
66735	0.01031195295
66736	0.001419123674
66737	0.0008558311869
66738	0.0008833591916
66739	0.01241899453
66740	0.002888365414
66741	0.00766096616
66742	0.001540394633
66743	0.007263264078
66744	0.01817143725
66745	0.003393550295
66746	0.0003736627719
66747	0.001313396934
66748	0.008611009728
66749	0.01229895271
66750	0.004393886228
66751	0.005793526894
66752	0.002011060927
66753	0.005464902584
66754	0.01621192448
66755	0.00249406771
66756	0.007217498385
66757	0.00459427296
66758	0.002782119197
66759	0.006957540572
66760	0.001581710919
66761	0.007450796927
66762	0.004518161947
66763	0.003738822034
66764	0.003777234646
66765	0.003958484431
66766	0.003889958474
66767	0.007928950598
66768	0.0049598234
66769	0.005210126305
66770	0.005755455706
66771	0.004949038624
66772	0.01093698244
66773	0.005833505534
66774	0.003088423407
66775	0.00495690696
66776	0.01116001958
66777	0.0005829400608
66778	0.006120177211
66779	0.002979284615
66780	0.02030671421
66781	0.01294787885
66782	0.001646225411
66783	0.006502639899
66784	0.007898219433
66785	0.008859729878
66786	0.006890848938
66787	0.002093941435
66788	0.001625020924
66789	0.01579788425
66790	0.002566496246
66791	0.002595569031
66792	0.0005198277575
66793	0.01093527409
66794	0.003298548028
66795	0.001608698751
66796	0.01067467382
66797	0.007282076632
66798	0.01449248678
66799	0.01121358113
66800	0.004820109741
66801	0.01382077667
66802	0.01333778119
66803	0.001026899192
66804	0.003023767586
66805	0.008065814145
66806	0.004623782813
66807	0.0007709733985
66808	0.01231076784
66809	0.01273832633
66810	0.001491410278
66811	0.002616928212
66812	0.0110802451
66813	0.01807767787
66814	0.0005780736434
66815	0.00343608646
66816	0.01735036761
66817	0.000496184626
66818	0.001684265417
66819	0.001674657627
66820	0.005232972715
66821	0.008632447541
66822	0.007008284686
66823	0.004952518331
66824	0.01300808196
66825	0.01640845658
66826	0.0002142210599
66827	0.02189989538
66828	0.004282715573
66829	0.009332381604
66830	0.01394384356
66831	0.008180570452
66832	0.00197134681
66833	0.01132782563
66834	0.008554774322
66835	0.003243723489
66836	0.005079963205
66837	0.004877089967
66838	0.001996788281
66839	0.002638551937
66840	0.007099745116
66841	0.009363071708
66842	0.001664525247
66843	0.003268565804
66844	0.003230612013
66845	0.01099385623
66846	0.01299874887
66847	0.0293831983
66848	0.003502893401
66849	0.00066785852
66850	0.01372959191
66851	0.007420140316
66852	0.003841630865
66853	0.002869922898
66854	0.01042988638
66855	0.006727255905
66856	0.001135005935
66857	0.001507625301
66858	0.002073646256
66859	0.01913988405
66860	0.01863199912
66861	0.003049411658
66862	0.002428399211
66863	0.01329104926
66864	0.0005659498144
66865	0.01078382175
66866	0.004716373564
66867	0.01946438597
66868	0.004593048686
66869	0.004777165309
66870	0.01185975836
66871	0.005868900834
66872	0.01189386912
66873	0.01247372537
66874	0.002626893148
66875	0.004906010153
66876	0.006557720237
66877	0.008320162582
66878	0.001951882518
66879	0.003728854009
66880	0.01218768732
66881	0.005479540536
66882	0.0007371233383
66883	0.0006010686329
66884	0.002621878189
66885	0.007336805514
66886	0.0075846096
66887	0.009857447039
66888	0.0112576486
66889	0.002320453748
66890	0.0001310718338
66891	0.005004162855
66892	0.009287326785
66893	0.01205243661
66894	0.005135078335
66895	0.001436661776
66896	0.004234445077
66897	0.001959572897
66898	0.007664669127
66899	0.007788450192
66900	0.0119041629
66901	0.001411536828
66902	0.002122671849
66903	0.003157534136
66904	0.01167785401
66905	0.008291718401
66906	0.004485271875
66907	0.001718485594
66908	0.009224348205
66909	0.001543647394
66910	0.0001742964119
66911	0.01145202053
66912	0.002734983332
66913	3.94819044e-05
66914	0.001635699165
66915	0.008565729082
66916	0.003964039986
66917	0.005877523711
66918	6.71745238e-05
66919	0.003048120925
66920	0.01029819325
66921	0.003360006385
66922	0.008499038219
66923	0.004902913583
66924	0.004220352918
66925	0.003205709129
66926	0.009565938945
66927	0.004143606403
66928	0.001075043408
66929	0.0006360375244
66930	0.0002968932898
66931	0.0003178721182
66932	0.01092840205
66933	0.007052892409
66934	0.001123952505
66935	0.009018100506
66936	0.00623644303
66937	0.007168222561
66938	0.01761714696
66939	0.0003816278849
66940	0.007144002896
66941	0.007609844153
66942	0.003764080621
66943	0.002829568899
66944	0.00332780184
66945	0.006238261723
66946	0.001983596995
66947	0.004186114969
66948	0.007296992526
66949	0.003290312606
66950	0.001694162692
66951	0.004540148923
66952	0.0007659088646
66953	0.01787652514
66954	0.003114181847
66955	0.00262306454
66956	0.004480789785
66957	0.002178862646
66958	0.000260349775
66959	0.002460696405
66960	0.003232819244
66961	0.009944117401
66962	0.009124011744
66963	0.01399278925
66964	0.01072214832
66965	0.001134430399
66966	8.032572194e-05
66967	0.007987005479
66968	0.0008540084547
66969	0.001774538564
66970	0.01614671658
66971	0.004600985965
66972	0.001388073639
66973	0.000443729724
66974	0.005581949316
66975	0.01187813573
66976	0.02775682194
66977	0.01385262794
66978	0.01090147031
66979	0.01210977956
66980	0.02228079318
66981	0.002135458862
66982	0.001750108873
66983	0.0003479653515
66984	0.005171701673
66985	0.001050170558
66986	0.000220549869
66987	0.01192601267
66988	0.0089364314
66989	0.0007506380076
66990	0.01044479248
66991	0.009108663999
66992	0.0007020960896
66993	0.0006497160576
66994	0.003910581327
66995	0.007315768475
66996	0.001698470172
66997	0.005162045677
66998	0.003662745318
66999	0.001390711517
67000	0.0006006719281
67001	0.008285109446
67002	0.0002102452647
67003	0.003503122991
67004	0.007415555089
67005	0.0007456469042
67006	0.0006138346485
67007	0.004549253612
67008	0.00642819154
67009	0.005379823641
67010	0.0008572335861
67011	0.002140401761
67012	0.004807683614
67013	0.002090172541
67014	0.006064156838
67015	0.004823481479
67016	0.001461357794
67017	0.01034228104
67018	0.0001685791813
67019	0.007665382204
67020	0.001473666898
67021	0.001252940938
67022	0.003294328084
67023	0.001779377361
67024	0.006248876908
67025	1.487830562e-05
67026	0.005659177557
67027	0.0008170964237
67028	0.0003663819343
67029	0.001711063288
67030	0.004668707979
67031	0.000478935185
67032	0.01154319293
67033	0.001351515424
67034	0.00992378137
67035	0.003061134943
67036	0.001653315419
67037	0.006046073858
67038	0.009381421479
67039	0.001892492587
67040	0.004177173614
67041	0.001778600921
67042	0.01561633144
67043	0.006645464594
67044	0.006675205302
67045	0.001666685582
67046	0.003088236764
67047	0.002837193229
67048	0.01064148613
67049	0.02104555724
67050	0.006489931678
67051	0.002712183036
67052	0.0007150838554
67053	0.01469712208
67054	0.009334306383
67055	0.008947385157
67056	0.007409521453
67057	0.01306477161
67058	0.005697510138
67059	0.0001602155612
67060	0.0007458923986
67061	0.0002628883788
67062	0.0005798356164
67063	0.001285859584
67064	0.005586113718
67065	0.005033602274
67066	0.004061481621
67067	0.0007966002354
67068	0.01162602614
67069	0.006775769923
67070	0.008280412559
67071	0.006619983385
67072	0.009977939715
67073	0.01677490774
67074	0.01103765565
67075	0.0008019338412
67076	0.003490689542
67077	0.001586645138
67078	0.001003860782
67079	0.0007933911014
67080	0.0005288989502
67081	0.01729037129
67082	0.004397307074
67083	0.00207689858
67084	0.008695543601
67085	0.007113842692
67086	0.0006084384499
67087	0.003714354239
67088	0.009239025462
67089	0.01360353898
67090	0.003274214419
67091	0.0005747275943
67092	0.002780166475
67093	0.01406598805
67094	0.001112598893
67095	0.004844796572
67096	0.00632548553
67097	0.01545202995
67098	0.000574823699
67099	0.0006458976927
67100	0.0007789471974
67101	0.003614739235
67102	0.01101522299
67103	0.00649577345
67104	0.0005609571513
67105	0.008038177502
67106	0.006522081984
67107	0.004472080958
67108	0.01323223916
67109	0.02419401718
67110	0.01181103088
67111	0.008084978799
67112	0.001741488402
67113	0.005769608737
67114	0.00294721366
67115	0.006562724445
67116	0.003420239297
67117	0.0006772157449
67118	0.001861407088
67119	0.02016114277
67120	0.01484867262
67121	0.001247714446
67122	0.01211758216
67123	0.02428277811
67124	0.004782441055
67125	0.002317248844
67126	0.003119608431
67127	0.006639795008
67128	0.001133272316
67129	0.007775591521
67130	0.01309880227
67131	0.004041620977
67132	0.01401244643
67133	0.003980754522
67134	0.00777413798
67135	0.001841370561
67136	0.004112267476
67137	0.003455001312
67138	0.001851525018
67139	0.004083709384
67140	0.01264090126
67141	0.006949684969
67142	0.005892686029
67143	0.000386370581
67144	0.004150071136
67145	0.0009244198611
67146	0.002209841158
67147	0.002045594407
67148	0.004323520136
67149	0.009453906415
67150	0.005161727768
67151	0.0002427965257
67152	0.000823937564
67153	0.01901593907
67154	0.004109876151
67155	0.001497601883
67156	0.0009656816194
67157	0.001987149811
67158	0.003987823975
67159	0.0002790387387
67160	0.002145747285
67161	0.00254441322
67162	0.00147520824
67163	0.002757145109
67164	0.003971432434
67165	0.008007406845
67166	0.000705807004
67167	0.008510951416
67168	0.01701447484
67169	0.003580638408
67170	0.01466293135
67171	0.002436709156
67172	0.005674386482
67173	0.001111560278
67174	0.0159779279
67175	0.006957396064
67176	0.006667708355
67177	0.002347834389
67178	0.0001807203134
67179	0.006077884807
67180	0.007536708301
67181	0.001851671101
67182	0.002497608312
67183	0.009007179215
67184	0.002193785402
67185	0.006538553413
67186	0.001700067053
67187	0.0006839162656
67188	0.003149193593
67189	0.003455590085
67190	0.008750622595
67191	0.001429925435
67192	0.006242361061
67193	0.007258087281
67194	0.002417242364
67195	0.000603950049
67196	0.01884142799
67197	0.0001987092957
67198	0.01314131283
67199	0.01501757013
67200	0.003838564652
67201	0.01904258976
67202	0.002263300161
67203	0.001043530096
67204	0.0003391226281
67205	0.002257893879
67206	0.0003721878632
67207	0.007921367115
67208	0.005917506123
67209	0.002039236625
67210	0.002498857164
67211	0.001949474565
67212	0.004350843631
67213	0.002941750747
67214	0.01194907721
67215	0.003938191025
67216	0.006085958542
67217	0.0004028051546
67218	0.006410812729
67219	0.0007474472848
67220	0.002431612679
67221	0.0008795929697
67222	0.001039603576
67223	0.0003102061759
67224	0.001739605488
67225	0.007373349117
67226	0.008085314848
67227	0.006703503276
67228	0.006619984601
67229	0.003226515808
67230	0.004855953879
67231	0.000806304941
67232	0.010748858
67233	0.0023537978
67234	0.004102003655
67235	0.001637157029
67236	0.006489424292
67237	0.01607570168
67238	0.00501316164
67239	0.003588820802
67240	0.001089300273
67241	0.0012351311
67242	0.005094600579
67243	0.004101690356
67244	0.004254034327
67245	0.009575280155
67246	0.003420878369
67247	0.005431303883
67248	0.002599675461
67249	0.003569984431
67250	0.001143111592
67251	0.003572760975
67252	0.008369497699
67253	0.0001293816704
67254	0.005551588466
67255	0.01106900421
67256	0.009046340316
67257	0.007277914669
67258	0.01040238654
67259	0.002029195766
67260	0.01511802543
67261	0.006302362673
67262	0.00533475519
67263	0.006689705489
67264	0.007144347593
67265	0.00111670549
67266	0.019262479
67267	0.02349302753
67268	0.001906433672
67269	0.0005975178693
67270	0.003119289013
67271	0.006577870458
67272	0.008169557679
67273	0.003054421313
67274	0.0008968170209
67275	0.006295261635
67276	0.01093481613
67277	0.01315554887
67278	0.004585686813
67279	6.134465249e-05
67280	0.004831064715
67281	0.002262929602
67282	0.004115842247
67283	0.01515433166
67284	0.008797598401
67285	0.002317350883
67286	0.0005254013245
67287	0.002351920158
67288	0.004392615854
67289	0.004064900276
67290	0.01196186531
67291	0.003451387113
67292	0.006853576795
67293	0.001028517078
67294	0.002711046069
67295	0.01359320332
67296	0.004604948467
67297	0.0001248240131
67298	0.0003225066722
67299	0.001931141426
67300	0.006215834105
67301	0.00114783798
67302	0.004807274505
67303	0.003831486576
67304	0.009389845656
67305	0.006084584682
67306	0.008047667423
67307	0.001659082529
67308	0.0006876988969
67309	0.001062271299
67310	0.01082634994
67311	0.005920354118
67312	0.004364097912
67313	0.003565958826
67314	0.005624471855
67315	0.004141887977
67316	0.005866681447
67317	0.00257265761
67318	0.003510879531
67319	0.004487117428
67320	0.01201072344
67321	0.0006797063203
67322	0.00455152707
67323	0.003503361573
67324	0.000271775767
67325	0.002168586487
67326	0.01293187628
67327	0.006101763944
67328	0.007823697583
67329	0.02014891321
67330	7.576472636e-05
67331	0.001489998822
67332	0.0003809813885
67333	0.02184598724
67334	0.002368682372
67335	0.006447140286
67336	0.001035683544
67337	0.002607340539
67338	0.005627207645
67339	0.002944254107
67340	0.007697744769
67341	0.001724307334
67342	0.001513055467
67343	0.006365354117
67344	0.004886283866
67345	0.002885750972
67346	0.001594363629
67347	0.003199372727
67348	0.003761637774
67349	0.006503367965
67350	0.00267043063
67351	0.01626770007
67352	0.002260834459
67353	0.00427773268
67354	0.02500655078
67355	0.003798926976
67356	0.004068167278
67357	0.001850128567
67358	0.01250666951
67359	0.009480292248
67360	0.00281123916
67361	0.009781883195
67362	0.01086201563
67363	0.004789847135
67364	0.01713111329
67365	0.0111177686
67366	0.00213087249
67367	0.02856625133
67368	0.006095572449
67369	0.002076815497
67370	0.001451972757
67371	0.00709177185
67372	0.0007845437088
67373	0.008045718625
67374	0.00265472412
67375	0.01203940835
67376	0.008429105962
67377	0.0001137584824
67378	0.01201438398
67379	0.009413838677
67380	0.0003258435464
67381	0.005694849557
67382	0.002485747588
67383	0.0004645976268
67384	0.001684313234
67385	0.004658017539
67386	0.004532280262
67387	0.002709056922
67388	0.008131217898
67389	0.006145905658
67390	0.002840359745
67391	0.02032196476
67392	0.008577821896
67393	0.002096563542
67394	0.005666276223
67395	0.002141411096
67396	0.001048659953
67397	0.008092796865
67398	0.008606916094
67399	0.001013675671
67400	0.008786691227
67401	0.0007240553099
67402	0.004598923118
67403	0.008496999742
67404	0.01690473308
67405	0.009963584739
67406	0.01424087361
67407	0.0157181706
67408	0.003826197665
67409	0.004010054732
67410	0.01033790966
67411	0.001803612006
67412	0.001010191891
67413	0.001053225117
67414	0.0007131386481
67415	0.004963978344
67416	0.001921612582
67417	0.002431588886
67418	0.001183368727
67419	0.01240980414
67420	0.004678768169
67421	0.001934444606
67422	0.00475801928
67423	0.004966187949
67424	0.01740023938
67425	0.00416538691
67426	0.00432824412
67427	0.001725172193
67428	0.007808228835
67429	0.0006211359528
67430	0.0115634134
67431	0.0007174586339
67432	0.002655440483
67433	0.003056953101
67434	0.001788929499
67435	0.005283112603
67436	0.007203019981
67437	0.0006014823002
67438	0.002633101288
67439	0.001314027556
67440	0.0002682984617
67441	0.004594576729
67442	0.01814683512
67443	0.01524699127
67444	0.006873771211
67445	0.004693156779
67446	0.00143827963
67447	0.00632968535
67448	0.000539342484
67449	0.01697820682
67450	0.008498044617
67451	0.01410511731
67452	0.0003209197995
67453	0.01248603169
67454	0.006402590853
67455	0.0008171505209
67456	0.010574205
67457	0.002247207844
67458	0.01603858293
67459	0.001743057139
67460	0.002814507319
67461	0.005088809682
67462	0.002674921125
67463	0.003052006189
67464	0.007534561745
67465	0.0004526588545
67466	0.002560234491
67467	0.0128618191
67468	0.0124964679
67469	0.005926133039
67470	0.004494324336
67471	0.0086866045
67472	0.001300359084
67473	0.01308606209
67474	0.001402381223
67475	0.001663188587
67476	0.006191780839
67477	0.01168515592
67478	0.0009281303424
67479	0.007603178673
67480	0.004282054254
67481	0.01671751715
67482	0.009079035502
67483	0.009239423996
67484	0.0002667013795
67485	0.002478731531
67486	0.004059212886
67487	0.008393373606
67488	0.0001440214144
67489	0.01733032024
67490	0.0008445044794
67491	0.00161371062
67492	0.01494141733
67493	0.004791185327
67494	0.003881564068
67495	0.006290024011
67496	0.004848503885
67497	0.002872993941
67498	0.001953783676
67499	0.002534070913
67500	0.0009710195719
67501	0.002981034774
67502	0.0007024904513
67503	0.000415259943
67504	0.006828311507
67505	0.006418823616
67506	0.007932714299
67507	0.003918712334
67508	0.01270775851
67509	0.01050605239
67510	0.002740317583
67511	0.002156072873
67512	0.0006540976641
67513	0.002331798328
67514	0.004461347173
67515	0.00819666999
67516	0.003954555244
67517	0.0005484685336
67518	0.01319766816
67519	0.001632360443
67520	0.0007255540329
67521	0.0005284272235
67522	0.01096156355
67523	0.0007138214283
67524	0.006415362445
67525	0.003311847406
67526	0.005789785347
67527	0.005326912978
67528	0.008441352913
67529	0.0009725965767
67530	0.006390556168
67531	0.008502888866
67532	0.005864161433
67533	0.001546863744
67534	0.00747435357
67535	0.0163081485
67536	0.004378488526
67537	0.02422479147
67538	0.0003469992353
67539	0.007620441449
67540	0.004789100295
67541	0.00785879255
67542	0.008934721141
67543	0.002587545002
67544	0.005169992819
67545	0.006428047656
67546	0.0041941961
67547	0.002926441549
67548	0.002906136648
67549	0.005441581328
67550	0.004593623828
67551	0.01827193675
67552	0.002196181877
67553	0.002233183991
67554	0.007508240188
67555	0.003392453632
67556	0.003198369398
67557	0.001389470378
67558	0.0009923888944
67559	0.003388544794
67560	0.005131548056
67561	0.005402967771
67562	0.01337288014
67563	0.008018947353
67564	0.0008401825658
67565	0.006860115003
67566	0.001425487575
67567	0.001036424961
67568	0.002973417951
67569	0.0009322480082
67570	0.001110298328
67571	0.0007866481658
67572	0.007974506685
67573	0.008604026329
67574	0.01481646283
67575	0.00147793154
67576	0.008449857526
67577	0.004672575666
67578	0.007133082434
67579	0.01089961029
67580	0.006045981755
67581	0.008506004026
67582	0.005619170008
67583	0.01201672532
67584	0.001317480296
67585	0.0002139109221
67586	0.004011371975
67587	0.003634713512
67588	0.001771031673
67589	0.0009804394199
67590	0.0045485895
67591	0.00543170242
67592	0.01773829603
67593	0.003673936124
67594	0.008930577025
67595	0.005834105819
67596	0.002508568313
67597	0.003773408469
67598	0.0006999373943
67599	0.006711388385
67600	0.004028856951
67601	0.01525588062
67602	0.02079272654
67603	0.007592905823
67604	0.008258106813
67605	0.006341579534
67606	0.005016221101
67607	0.00538718921
67608	0.0004602111123
67609	0.001373232552
67610	0.003040967598
67611	0.007341344969
67612	6.26437666e-05
67613	0.006751372792
67614	0.005901844898
67615	0.01067524549
67616	0.008185039067
67617	0.01011393896
67618	0.007240440612
67619	9.386622057e-05
67620	0.008177677951
67621	0.0007409979518
67622	0.007425565848
67623	0.002674126814
67624	0.007916653516
67625	0.002760767032
67626	0.001900564917
67627	0.0009356220409
67628	8.248864993e-05
67629	0.001452010308
67630	0.00134520627
67631	0.005916220688
67632	0.002074853183
67633	0.01684061509
67634	0.0008016440317
67635	0.01389712846
67636	0.01462403899
67637	0.005644211549
67638	0.007734230639
67639	0.007223510606
67640	6.620336622e-06
67641	0.0009741957273
67642	0.001465068143
67643	0.00101291987
67644	0.003642081688
67645	0.0007873002735
67646	0.004182295748
67647	0.002525268276
67648	0.001459004047
67649	0.009165998918
67650	0.001621115819
67651	0.001269956011
67652	0.006405880587
67653	0.01139608207
67654	0.004950133209
67655	0.003735736415
67656	0.00148038946
67657	0.01606025108
67658	0.002313470703
67659	0.007343863192
67660	0.00845366985
67661	0.001305092285
67662	0.002021169845
67663	0.002494280145
67664	0.01011746981
67665	0.006960426821
67666	0.01016668423
67667	0.002661561947
67668	0.0005303313557
67669	0.007478771767
67670	0.01031768721
67671	0.02352412973
67672	0.002780855947
67673	0.001792579065
67674	0.003788374033
67675	0.00407411108
67676	0.0008471812624
67677	0.0001326218048
67678	0.002910289587
67679	0.01424228092
67680	0.001901298143
67681	0.00386764943
67682	0.001838669398
67683	0.01751646533
67684	0.007447544209
67685	0.002391571059
67686	0.007034504105
67687	0.003952304379
67688	0.005805718131
67689	0.005539450816
67690	0.01631880505
67691	0.01112153471
67692	0.00876386836
67693	4.720344667e-05
67694	0.01033011978
67695	0.004991662851
67696	0.0147454115
67697	0.0051849752
67698	0.0007028077442
67699	0.004516752117
67700	0.001567876281
67701	0.009698063098
67702	0.002430470298
67703	0.005913359102
67704	0.002458086986
67705	0.001739714061
67706	0.006332152941
67707	0.005818695573
67708	0.002657585231
67709	0.01568445437
67710	0.00378007567
67711	0.01952500662
67712	0.0008955329642
67713	0.004818097971
67714	0.02133512022
67715	0.0004015000556
67716	0.006773057325
67717	0.002498249397
67718	0.009954553161
67719	0.008010671089
67720	0.0140133913
67721	0.00275384874
67722	0.0007568210436
67723	3.149641181e-05
67724	0.01290909731
67725	0.0002502744166
67726	0.004385396106
67727	0.001750057272
67728	0.00558720021
67729	0.005258823665
67730	0.002352357407
67731	0.001509067434
67732	0.0169585284
67733	0.002421287412
67734	0.0007080115395
67735	0.0004814996315
67736	0.01878617553
67737	0.005051543409
67738	0.00964882092
67739	0.001097697426
67740	0.0098304263
67741	0.00441180707
67742	0.005976183241
67743	0.003118004498
67744	0.001517190348
67745	0.006668609343
67746	0.004669249092
67747	0.0009854643576
67748	0.01255624797
67749	0.008026675901
67750	0.01046467609
67751	0.0005718093698
67752	0.006835482726
67753	0.009294902956
67754	0.001776318828
67755	0.008348500031
67756	0.001684290485
67757	0.007142231028
67758	0.01900956903
67759	0.003701729225
67760	0.0002092836433
67761	0.01276242937
67762	0.005359525433
67763	0.004865611956
67764	0.0008795262379
67765	0.0003337667679
67766	0.00621386116
67767	0.003526305603
67768	0.0126467212
67769	0.0144103215
67770	0.0008134095197
67771	0.003298330289
67772	0.004433825048
67773	0.003213709465
67774	0.0003914907494
67775	0.0001252036688
67776	0.005549040984
67777	0.01378098749
67778	0.003317249148
67779	0.007974198513
67780	0.009539169054
67781	0.01290655971
67782	0.004976003737
67783	0.001362970638
67784	0.0004018479095
67785	0.003731583362
67786	0.01116755067
67787	0.01318316121
67788	0.0054361568
67789	0.005568919883
67790	0.00252019841
67791	0.009057495858
67792	0.003655056
67793	0.002684647774
67794	0.009259833643
67795	0.002286971411
67796	0.002884942432
67797	0.001102226
67798	0.01157143236
67799	0.01845891504
67800	0.004138097385
67801	0.0004924593618
67802	0.003788536667
67803	0.00196569434
67804	0.01078584213
67805	0.007585246034
67806	0.002961730598
67807	0.001237327491
67808	0.01195142869
67809	0.001664449857
67810	0.00210401516
67811	0.009925146885
67812	0.003883885038
67813	0.003430528748
67814	0.008935294161
67815	0.00930224745
67816	0.006333817086
67817	0.0148270011
67818	0.001963606477
67819	0.004952946136
67820	0.005705980546
67821	0.01715813258
67822	0.003407713004
67823	0.0001054736127
67824	0.00591288155
67825	0.001566099161
67826	0.008761900748
67827	0.004790441601
67828	0.009230421399
67829	0.0005648099322
67830	0.004461137576
67831	0.006943970296
67832	0.0156519273
67833	0.0002715473161
67834	0.00449621999
67835	0.005995904296
67836	0.007443493
67837	0.004371369175
67838	0.009633661936
67839	0.0009150082183
67840	2.88937589e-05
67841	0.01444751311
67842	0.0169430618
67843	0.01187816641
67844	0.01259290578
67845	0.02719028374
67846	0.001634128699
67847	0.005672073072
67848	0.007534567981
67849	6.517711604e-05
67850	0.004708181766
67851	0.002647793899
67852	0.001486736418
67853	0.001713224791
67854	0.003691960289
67855	0.009621708373
67856	0.003485592182
67857	0.003893925427
67858	0.002167313972
67859	0.004781080238
67860	0.002848274741
67861	0.005143344288
67862	0.004340418662
67863	0.001255015035
67864	0.006145740937
67865	0.002168379122
67866	0.009263722886
67867	0.007502485851
67868	0.007841999397
67869	0.00912933396
67870	0.005881394591
67871	0.007374693174
67872	0.002415755099
67873	0.0002693291106
67874	0.00414493444
67875	0.0008724169709
67876	0.0008539821409
67877	0.001721282207
67878	0.001113534456
67879	0.008797605274
67880	8.7731765e-05
67881	0.002657886897
67882	0.009268797818
67883	0.005227295446
67884	0.001799686789
67885	0.001859402057
67886	0.0002708384727
67887	0.001691273411
67888	0.0005646397673
67889	0.0005393156403
67890	0.000613793394
67891	0.00221020431
67892	0.00232857175
67893	8.925911761e-05
67894	0.003047115828
67895	0.001834558419
67896	0.00142944276
67897	0.001403225446
67898	0.0006895943603
67899	0.001517145831
67900	0.004295928278
67901	0.0004691792059
67902	0.001685897634
67903	0.007557889903
67904	0.0002663152447
67905	0.0008359935097
67906	0.005018175338
67907	0.00248013702
67908	0.001563138086
67909	0.004456774811
67910	0.002066353409
67911	0.0009854026363
67912	0.0003685011842
67913	0.0003531281655
67914	0.000204652731
67915	0.008443821827
67916	0.003755447654
67917	0.0005713441636
67918	0.01413023024
67919	0.002126332982
67920	0.0004802594444
67921	0.004591071036
67922	0.002497601356
67923	0.01034187916
67924	0.0005633801802
67925	0.0005615347108
67926	0.01796265217
67927	0.00918861822
67928	0.002711311624
67929	0.01945973744
67930	0.0007906767089
67931	0.004806728224
67932	0.002497777981
67933	0.0011422341
67934	0.004964410556
67935	0.002979384418
67936	0.004884160577
67937	0.002450926208
67938	0.001201609749
67939	0.001893001611
67940	0.001696579036
67941	0.003865707509
67942	0.01762516384
67943	0.002084125248
67944	0.005805964717
67945	0.00010893537
67946	0.004084715784
67947	0.01252397491
67948	0.003812153332
67949	0.01586508149
67950	0.0002813828749
67951	0.0009146927091
67952	0.00377975129
67953	0.0009307587053
67954	0.003127728252
67955	0.01142291444
67956	0.003301832954
67957	0.009565721315
67958	0.007428946112
67959	0.005831483423
67960	0.009244590109
67961	0.006188479826
67962	0.003063212153
67963	0.002996398673
67964	0.00557428218
67965	0.001345293045
67966	0.009501658081
67967	0.003582316704
67968	0.005973596344
67969	0.000285787104
67970	0.007728697488
67971	0.00380422091
67972	0.006892532314
67973	0.0005079177606
67974	0.003154746296
67975	0.0005527494171
67976	0.009903165734
67977	0.0002295934686
67978	0.00819542377
67979	0.0005128800086
67980	0.01660034492
67981	0.007064315027
67982	0.003436888133
67983	0.001417454612
67984	0.002528868577
67985	0.005597369212
67986	0.001609530616
67987	0.0005243637802
67988	0.009208601599
67989	0.006774864131
67990	0.003487334561
67991	0.009382536781
67992	0.02300037534
67993	0.004910355404
67994	0.01297690844
67995	0.001364315643
67996	0.001589903114
67997	0.008870086421
67998	0.01263448086
67999	0.005353478232
68000	0.008774153681
68001	0.0006326379382
68002	0.007805209039
68003	0.00544146254
68004	0.005733778515
68005	0.002776578322
68006	0.00708395199
68007	0.01052122322
68008	0.00217697272
68009	0.0003204710573
68010	0.004589901189
68011	0.001300844906
68012	0.001273652565
68013	0.005987067599
68014	0.007790152548
68015	0.006510088337
68016	0.001759260702
68017	0.002898186561
68018	0.01141111895
68019	0.01500214889
68020	0.01482527441
68021	0.004423277834
68022	0.005859872448
68023	0.001002759886
68024	0.002590165157
68025	0.004260848103
68026	0.005158032363
68027	0.0003083402507
68028	0.00862670919
68029	0.001422185856
68030	0.005190204506
68031	0.0001314332207
68032	0.001787264184
68033	0.002247355041
68034	0.0003630779264
68035	0.000669381627
68036	0.008308518421
68037	0.005056725275
68038	0.004646739652
68039	0.002277242264
68040	0.003794706812
68041	0.003484701474
68042	0.00811901042
68043	0.002126168655
68044	0.003362186827
68045	0.01069177695
68046	0.0002947016499
68047	0.002788277022
68048	0.003336319085
68049	0.0005079466104
68050	0.0008009469573
68051	0.0002753407277
68052	0.003337865637
68053	4.794387458e-05
68054	0.01354216453
68055	0.0006994912723
68056	0.012547881
68057	0.00234411176
68058	0.001846477158
68059	0.002980992022
68060	0.008045019975
68061	0.008488453117
68062	0.0005890904991
68063	0.01269191802
68064	0.006492875773
68065	0.01518910972
68066	0.00111749041
68067	0.002665431699
68068	0.01351568633
68069	0.003003513902
68070	0.0006962815952
68071	0.004196236192
68072	0.005097889279
68073	0.006841646275
68074	0.005210229053
68075	0.01069439385
68076	0.005473862809
68077	0.006470964553
68078	0.002278789393
68079	0.00140794947
68080	0.009464774535
68081	0.00408547863
68082	0.00722225601
68083	0.005513481088
68084	0.007011873332
68085	0.004399966319
68086	0.01198172517
68087	0.001358121858
68088	0.0007379704116
68089	0.006579369255
68090	0.005621858402
68091	0.0002749735263
68092	0.0206384104
68093	0.004512277751
68094	0.006568921277
68095	0.005815086847
68096	0.01057471738
68097	0.000856830153
68098	0.003055448543
68099	0.004933859452
68100	0.003474598881
68101	0.005795365261
68102	0.0125072784
68103	0.01146705582
68104	0.01434010389
68105	0.01378159436
68106	0.0334947257
68107	0.0001440534615
68108	0.007595281845
68109	0.01738413153
68110	0.008814927299
68111	0.01017363125
68112	0.01528765154
68113	0.001023524836
68114	0.002227200411
68115	0.00529408926
68116	0.001224705057
68117	0.003038479132
68118	0.001066506519
68119	0.004404749228
68120	0.01115332262
68121	0.001201343967
68122	0.007572087588
68123	0.01723314137
68124	0.001894142353
68125	0.001250157087
68126	0.00939584436
68127	0.005695564557
68128	0.005665917741
68129	0.0056204203
68130	0.00099518025
68131	0.007549565421
68132	0.006917795541
68133	0.008145696159
68134	0.005725719906
68135	0.000392807844
68136	0.0054103845
68137	0.01002808989
68138	0.001699668254
68139	0.006259586498
68140	0.01303672871
68141	0.00110350766
68142	0.005058848252
68143	0.00606711103
68144	0.009223345007
68145	0.005070094328
68146	0.002730453462
68147	0.02951549379
68148	0.00727696122
68149	0.005436343634
68150	0.01312869825
68151	0.00292988784
68152	0.006834787318
68153	0.003498646973
68154	0.003263334511
68155	0.005006550183
68156	0.01200305526
68157	0.003688149856
68158	0.007287136438
68159	0.0004680396869
68160	0.007819015051
68161	0.01694129353
68162	0.01648225641
68163	0.01238826797
68164	0.002375272994
68165	0.001192701545
68166	0.01040957152
68167	0.00248943609
68168	0.0009509812167
68169	0.006188209688
68170	0.006987896821
68171	0.008128645089
68172	0.01383244695
68173	0.0005340314836
68174	0.0054273687
68175	0.0002177548015
68176	0.007951850429
68177	0.002506076759
68178	0.0007564421554
68179	0.003611613583
68180	0.001407062844
68181	0.0007948498582
68182	0.009248345621
68183	0.001583498293
68184	0.001854809192
68185	0.004551863735
68186	0.006734224541
68187	0.006354622118
68188	0.008117950067
68189	0.003072905562
68190	0.01445961908
68191	0.0167018817
68192	0.001944455082
68193	0.003902824927
68194	0.003681468699
68195	0.007970723424
68196	0.0005135001879
68197	0.001842252488
68198	0.006242903701
68199	0.01172696746
68200	0.01572429052
68201	0.009769184166
68202	0.003678014321
68203	0.001214331135
68204	0.003253393643
68205	0.001976013264
68206	0.001997799861
68207	0.005381934944
68208	0.002889718355
68209	0.02417913482
68210	0.000401708489
68211	0.0008959607925
68212	0.01896051085
68213	0.0148620638
68214	0.002787664601
68215	0.005612616369
68216	0.001558760148
68217	0.01300169901
68218	0.002483910404
68219	0.01020335755
68220	0.002563229345
68221	0.003729592148
68222	0.009347166268
68223	0.01871012598
68224	0.0003371735617
68225	0.004037608606
68226	0.004017279907
68227	0.01161265341
68228	0.0164816266
68229	0.008476323884
68230	0.007328416124
68231	0.01891895418
68232	0.006595379957
68233	0.008658386619
68234	2.022392209e-05
68235	0.001645523293
68236	0.009076917601
68237	0.01387797158
68238	0.006179718223
68239	0.003659586264
68240	0.005814303794
68241	0.001788820347
68242	0.005740358736
68243	0.003917835424
68244	0.003527417124
68245	4.570767257e-05
68246	0.004438854707
68247	0.007906724416
68248	0.006916131833
68249	0.002259955209
68250	0.004417111281
68251	0.0005367260546
68252	0.0001067358309
68253	0.01213276023
68254	0.003044797626
68255	0.002246936456
68256	0.002778077571
68257	0.003890433758
68258	0.005214731592
68259	0.003189639887
68260	0.005633774964
68261	0.004097401387
68262	0.01024321354
68263	0.008380737715
68264	0.01437443701
68265	0.003473044277
68266	0.0154523011
68267	0.003731397185
68268	0.01172853803
68269	0.01627236263
68270	0.01469414599
68271	0.0002233009085
68272	0.011293982
68273	0.007377659432
68274	0.003743880453
68275	0.01202580041
68276	0.003589276736
68277	0.004251901745
68278	0.008185007146
68279	0.004197567577
68280	0.003125736313
68281	0.006929676805
68282	0.001845066847
68283	0.002274401137
68284	0.0007056422989
68285	0.001171870961
68286	0.01058312473
68287	0.004345339492
68288	0.002932671812
68289	0.01366892861
68290	0.003715747173
68291	0.007238344922
68292	0.006454210681
68293	0.007475306861
68294	0.01717508864
68295	0.001413650159
68296	0.001837553829
68297	0.005780394826
68298	0.00631817933
68299	0.007410290148
68300	0.00136337147
68301	0.006490525432
68302	0.004988923635
68303	0.002695842091
68304	0.002043766079
68305	0.01143082142
68306	0.002451807753
68307	0.006633475587
68308	0.01891869852
68309	0.01683046979
68310	0.003935542632
68311	0.01031522114
68312	0.001470719076
68313	0.007476058722
68314	0.008017209092
68315	0.0005164255241
68316	0.01462078092
68317	0.0006558385301
68318	0.01272492108
68319	0.01021004538
68320	0.01066807581
68321	0.01573346675
68322	0.001207243693
68323	0.01372676036
68324	0.0002450195432
68325	0.005389351877
68326	0.01303457497
68327	0.002289896763
68328	0.003674718455
68329	0.0009309890141
68330	0.002872865472
68331	0.001125436873
68332	0.001849354976
68333	0.002370788747
68334	0.007433198781
68335	0.01130820048
68336	0.001526844288
68337	0.006398643321
68338	0.009498192599
68339	0.008834270125
68340	0.01103457294
68341	0.0115264511
68342	0.006438053366
68343	0.005827770589
68344	0.01040196919
68345	0.01624279215
68346	0.006539642262
68347	0.01382287667
68348	0.005574843699
68349	0.001636274281
68350	0.009522316764
68351	0.00393347105
68352	0.005609034089
68353	0.008796893226
68354	0.0104016239
68355	0.0008298572037
68356	0.004632225938
68357	0.001889055213
68358	0.001705175694
68359	0.01170955568
68360	0.008379848538
68361	0.008082082949
68362	0.01022990323
68363	0.004048811608
68364	0.0007325851466
68365	0.02058214733
68366	0.004516069262
68367	0.01065388712
68368	0.01694124297
68369	0.00727507533
68370	0.007857573706
68371	0.02188362251
68372	0.005714200116
68373	0.01026935457
68374	0.0005171150988
68375	0.001896856046
68376	0.002611834443
68377	0.002015049335
68378	0.003501401646
68379	0.006283575226
68380	0.01047565922
68381	0.004837069564
68382	0.01321331512
68383	0.008839328994
68384	0.008043559837
68385	0.002016637656
68386	0.02258778763
68387	0.004626817763
68388	0.003217610724
68389	0.007908237393
68390	0.001261395481
68391	0.0004697894584
68392	0.005954684679
68393	0.003453779352
68394	0.00287108937
68395	0.002033812604
68396	0.02031060686
68397	0.009440157654
68398	0.006850320037
68399	0.003539708947
68400	0.001851453176
68401	0.01244313347
68402	0.02511822805
68403	0.001318413231
68404	0.0003324108419
68405	0.007410055778
68406	0.006795228628
68407	0.008643636331
68408	0.01167652192
68409	0.008756589157
68410	0.01532015865
68411	0.0006721769947
68412	0.0132211086
68413	0.01258299332
68414	0.001360274507
68415	0.001287069132
68416	0.001713699674
68417	0.004347155091
68418	0.008822662671
68419	0.01264142467
68420	0.008676273548
68421	0.003388710439
68422	0.008878741377
68423	0.005553768594
68424	0.004953797809
68425	0.002983814554
68426	0.0133834773
68427	0.0002420694084
68428	0.002242869653
68429	0.001967592735
68430	0.004165699588
68431	0.006421148775
68432	0.001998086491
68433	0.01059698343
68434	0.007115015119
68435	0.02096071087
68436	0.006161000699
68437	0.005314429258
68438	0.02167728288
68439	0.01541349041
68440	0.006449834083
68441	0.01175956137
68442	0.006940329014
68443	0.01475859319
68444	0.0004847655189
68445	0.004505391522
68446	0.009257544298
68447	0.01328687108
68448	0.01722367026
68449	0.001231023963
68450	0.0007940988955
68451	0.009699305032
68452	0.0002408041602
68453	0.01792632284
68454	0.0003188211881
68455	0.001206892582
68456	0.01320851799
68457	0.004315941612
68458	0.01086346271
68459	0.01241261673
68460	0.003587950999
68461	0.004808747896
68462	0.02067015435
68463	0.005048204174
68464	0.005615685219
68465	0.01056640454
68466	0.002228726209
68467	0.005507255212
68468	0.004890722714
68469	0.00685847104
68470	0.003320103602
68471	0.003793046866
68472	0.002692952469
68473	0.01485493483
68474	0.004240157267
68475	0.002567291594
68476	0.00192967538
68477	0.001584218419
68478	0.0066137257
68479	0.002058045796
68480	0.01857453425
68481	0.004901265999
68482	0.009887809489
68483	0.008723461358
68484	0.005972940798
68485	0.0006736762422
68486	0.003561533307
68487	0.001404037407
68488	0.004223954579
68489	0.01106883635
68490	0.00256704556
68491	0.002952456037
68492	0.005024332469
68493	0.0001292511522
68494	0.001849131161
68495	0.007891240674
68496	0.01221812867
68497	0.0025002432
68498	0.002736089963
68499	0.002111288167
68500	0.01059932043
68501	0.001488695723
68502	0.007180522412
68503	0.0007467841769
68504	0.008659288016
68505	0.0009627708391
68506	0.001622935779
68507	0.00638165261
68508	0.004370904814
68509	0.004153741052
68510	0.0006292758935
68511	0.008627552041
68512	0.000419909981
68513	0.002438170796
68514	0.004968297869
68515	0.0002190042358
68516	0.0003248984284
68517	0.004189548449
68518	0.00314921645
68519	0.005045840425
68520	0.0002921133213
68521	0.007535477556
68522	0.002276888594
68523	0.002964759216
68524	0.002688249595
68525	0.008618698608
68526	0.01525168358
68527	3.289598881e-05
68528	0.002132619744
68529	0.005884423949
68530	0.01621098588
68531	0.01459251621
68532	0.003729123355
68533	0.005756937416
68534	0.01636271171
68535	0.007883114579
68536	0.00415009039
68537	0.002469870346
68538	0.004976768054
68539	0.0009883947145
68540	0.006326141006
68541	0.007040240444
68542	0.001388284042
68543	0.004858506291
68544	0.0006686225169
68545	0.003631308617
68546	0.0107210306
68547	0.003252912453
68548	0.0133898637
68549	0.00787774566
68550	0.002140319697
68551	0.017185471
68552	0.0004695510854
68553	0.009288669344
68554	0.01083325152
68555	0.009533819202
68556	0.002189347626
68557	0.001262334844
68558	0.0144417227
68559	0.002370130473
68560	0.0021511954
68561	0.006348826655
68562	0.008991986334
68563	0.01911070969
68564	0.001955070494
68565	0.001325016862
68566	0.0192883629
68567	0.0100374571
68568	0.02494258969
68569	0.009854939133
68570	0.01069885886
68571	0.004103826702
68572	0.004499328938
68573	0.005339590128
68574	0.008558448427
68575	0.02194159252
68576	0.01258198169
68577	0.01021056902
68578	0.002835540051
68579	0.000167982269
68580	0.01031757175
68581	0.0003187732413
68582	0.007474713248
68583	0.006671810916
68584	0.005929776629
68585	0.000546767962
68586	0.001874067901
68587	0.003053292309
68588	0.006424777575
68589	0.008301757957
68590	0.01228258846
68591	0.006900750936
68592	0.01086305314
68593	0.006505069725
68594	0.006865412061
68595	0.006375062487
68596	0.009778317287
68597	0.0001185253084
68598	0.001132311832
68599	0.00178917071
68600	0.005138055188
68601	0.005630159289
68602	0.005697682221
68603	0.004823624967
68604	0.0008390075491
68605	0.001083481901
68606	0.001666798134
68607	0.008083701487
68608	0.01499812773
68609	0.01015893526
68610	0.01099988539
68611	0.007052487475
68612	0.0004821825673
68613	0.0007810410297
68614	0.003499381483
68615	0.01748711115
68616	0.002392650809
68617	0.01328095268
68618	0.003759890091
68619	0.004661802853
68620	1.83276633e-05
68621	0.001240051334
68622	0.003974489307
68623	0.00325974212
68624	0.003311045722
68625	0.004864403833
68626	0.020570607
68627	0.005867174454
68628	0.005751677955
68629	0.008612902576
68630	0.01394071926
68631	0.006535818436
68632	0.0009251230976
68633	0.0006283284953
68634	0.002220080149
68635	0.005160017792
68636	4.569484898e-05
68637	0.004596137716
68638	0.006946245721
68639	0.0007487112044
68640	0.0008596181916
68641	0.002517287407
68642	0.0003297082013
68643	0.003813527408
68644	0.005369439325
68645	0.001636461025
68646	0.009621675289
68647	0.003120362126
68648	0.003622109672
68649	0.001668953507
68650	0.01202868357
68651	0.006302913104
68652	0.00690743833
68653	0.001646637507
68654	0.003031927801
68655	0.008214605895
68656	0.001700774668
68657	0.0004808045287
68658	0.005242352238
68659	0.006058353681
68660	0.01015091373
68661	0.001582611593
68662	0.001566565847
68663	0.003991285545
68664	0.006037179437
68665	0.02298094401
68666	0.001307068121
68667	0.01167544567
68668	0.01160582778
68669	0.008527446532
68670	0.004900836805
68671	0.01764782818
68672	0.003997778278
68673	0.00238571165
68674	0.0004937054903
68675	0.008983081308
68676	0.005056913713
68677	0.003618878271
68678	0.01042850979
68679	0.004440815193
68680	0.002347386934
68681	0.002944213139
68682	0.001182858184
68683	0.007164683107
68684	0.01950044237
68685	0.004360712692
68686	0.009108454765
68687	0.01583233299
68688	0.001353009066
68689	0.0003595298312
68690	0.008890252033
68691	0.0220889004
68692	0.01414796114
68693	0.009745993777
68694	0.006061999268
68695	0.001178196617
68696	0.0005146001631
68697	0.0007630230257
68698	0.00637510513
68699	0.003915383561
68700	0.01272967589
68701	0.0007063868818
68702	0.007928337228
68703	0.006704607529
68704	0.0005229107927
68705	0.01595705548
68706	0.002328112063
68707	0.0005085472808
68708	0.01204571644
68709	0.00806228329
68710	0.02497659113
68711	0.01343708852
68712	0.005285312691
68713	0.003888894636
68714	0.006456881378
68715	0.00852010522
68716	0.01827943048
68717	0.0006405465714
68718	0.002655170816
68719	0.008454292067
68720	0.00623122321
68721	0.0121471118
68722	0.0002829886635
68723	0.002617546988
68724	0.001633784394
68725	0.01957203132
68726	0.0007766046715
68727	0.01639873188
68728	0.007730354387
68729	0.01749500269
68730	0.003792639187
68731	0.00649343875
68732	0.02111880642
68733	0.003300736096
68734	0.00165413752
68735	0.008416942794
68736	0.001068437636
68737	0.008899489751
68738	0.003529276339
68739	0.01205176012
68740	0.003380162111
68741	0.005675087864
68742	0.002038471713
68743	0.001034804204
68744	0.01435892907
68745	0.005816341273
68746	0.001469354176
68747	0.01959222567
68748	0.006012070456
68749	0.00201564983
68750	0.007739425627
68751	0.01740830864
68752	0.0008246664666
68753	0.000932507625
68754	0.0007576125385
68755	0.008226302699
68756	0.004584148887
68757	0.01553911393
68758	0.004719964676
68759	0.006922495654
68760	0.01381580246
68761	0.0006326060169
68762	0.007153438206
68763	0.007206077475
68764	0.004726472334
68765	0.02030577171
68766	0.001080146195
68767	0.00304675815
68768	6.668918464e-05
68769	0.007247171759
68770	0.002031534597
68771	0.001056090647
68772	0.008757838305
68773	0.003217877713
68774	0.00805837741
68775	0.01356034564
68776	0.004115133327
68777	0.01051262226
68778	8.502728393e-05
68779	0.01322014654
68780	0.0004223588099
68781	0.000700528155
68782	0.004904593572
68783	0.005446489519
68784	0.001757141082
68785	0.002353452369
68786	0.005896194032
68787	0.006773420206
68788	0.001701887134
68789	0.007701643823
68790	0.009952151165
68791	0.000390308008
68792	0.002084857601
68793	0.0231717374
68794	0.0007871760697
68795	0.008647779562
68796	0.003853659306
68797	0.004655276573
68798	0.001518595314
68799	0.002186835373
68800	0.006853004999
68801	0.001114032388
68802	0.001333714092
68803	0.00213195636
68804	0.01213541716
68805	0.0005425330564
68806	0.0004758823039
68807	0.002778194574
68808	0.0008113576244
68809	0.007421693539
68810	0.00124396757
68811	0.003546291458
68812	0.007434218336
68813	0.005093974832
68814	0.006362446246
68815	0.00275732823
68816	0.004167877289
68817	0.00524201617
68818	1.497437085e-05
68819	0.001669673628
68820	0.001809041104
68821	0.01401303217
68822	0.0001012224159
68823	0.003016943306
68824	0.003154335786
68825	0.01151306149
68826	0.004001326962
68827	0.01607015787
68828	0.00080934809
68829	0.004626505641
68830	0.00742574043
68831	0.005394793563
68832	0.01491069308
68833	0.008766604436
68834	0.0008746738781
68835	0.0007700315645
68836	0.005200294138
68837	0.0122372495
68838	0.01892910263
68839	0.001120699629
68840	0.003737197158
68841	0.009163699198
68842	0.001863209422
68843	0.005496342849
68844	0.02560854844
68845	0.0007163056475
68846	0.004142327351
68847	0.009812826836
68848	0.002871108521
68849	0.005008750668
68850	0.004352061589
68851	0.01865519905
68852	0.002288575544
68853	0.00564396678
68854	0.01651192499
68855	0.005996299241
68856	0.0007906399624
68857	0.01411186302
68858	0.007370535325
68859	0.02243715357
68860	0.008430794156
68861	0.01967458398
68862	0.008514223893
68863	0.008683147279
68864	0.006557783541
68865	0.007438394336
68866	0.0106074237
68867	0.01561307174
68868	0.00865756773
68869	0.006574937603
68870	0.006685287138
68871	0.003232154533
68872	0.002129269482
68873	0.006271681171
68874	0.006801933456
68875	0.006578563027
68876	0.002024018623
68877	0.01048340319
68878	0.001925554035
68879	0.005038507321
68880	0.009420161449
68881	0.005027258929
68882	0.005730131951
68883	0.01887835449
68884	0.006940066023
68885	0.008155431114
68886	0.0120779062
68887	0.006008896018
68888	0.01062978964
68889	0.02209586852
68890	0.00734615121
68891	0.006416344966
68892	0.02292007237
68893	0.004296665878
68894	0.007486427039
68895	0.009149519559
68896	0.009687219024
68897	0.001972347611
68898	0.002074464644
68899	0.009567020518
68900	0.009141765897
68901	0.006872844317
68902	0.0004112232599
68903	0.002766040522
68904	0.0105935528
68905	0.006250789368
68906	0.004618579737
68907	0.003895585273
68908	0.0005152647775
68909	0.0001970351147
68910	0.0004492679983
68911	0.007350945315
68912	0.001937121652
68913	0.02197451878
68914	2.851539436e-06
68915	0.001370216471
68916	0.001897008116
68917	0.01635247419
68918	0.005712488953
68919	0.002926162412
68920	0.001805754249
68921	0.0009017993282
68922	0.009679209221
68923	0.01119562498
68924	0.01165487826
68925	0.002126271071
68926	0.002802039671
68927	0.004017249996
68928	0.002673064392
68929	0.001329693154
68930	0.002882629648
68931	0.001219482708
68932	0.0005534852147
68933	0.001108109864
68934	0.0001241220558
68935	0.00635441818
68936	0.01442883081
68937	0.005336098509
68938	0.0006464663118
68939	0.0009937816492
68940	0.0001069798069
68941	0.009955018792
68942	0.007221416896
68943	0.0003240464771
68944	0.01259777889
68945	0.002146878235
68946	0.0001059810622
68947	0.007054575772
68948	0.003383481966
68949	0.002698322359
68950	0.008810297768
68951	0.00385207939
68952	0.003354836512
68953	0.007640128251
68954	0.01119107344
68955	0.00530297475
68956	0.001443838912
68957	0.01036852523
68958	0.0001988985825
68959	0.002803836868
68960	0.0002787802307
68961	0.001636832704
68962	0.005823349318
68963	0.0193520223
68964	0.01253999795
68965	0.001337151337
68966	0.002192949598
68967	0.0007554421949
68968	0.01025850162
68969	0.008761782075
68970	0.001332090362
68971	0.002583081851
68972	0.001081556241
68973	0.01553069292
68974	0.01290799577
68975	0.00617509361
68976	0.01003137917
68977	0.002164994824
68978	8.916236858e-05
68979	0.002328841791
68980	0.008145122373
68981	0.0151403588
68982	0.0005426332793
68983	0.007763354103
68984	0.01259619289
68985	0.005949610742
68986	0.002507846368
68987	0.000756852803
68988	0.004908910155
68989	0.001603344448
68990	0.003855099027
68991	0.0006147190025
68992	0.008912933639
68993	0.0006952521196
68994	3.495974093e-05
68995	0.004771358043
68996	0.006922081271
68997	0.01086097881
68998	0.01137645528
68999	0.003847770262
69000	0.008124575782
69001	0.0007312362646
69002	0.0007575476225
69003	0.01682998218
69004	0.004564017595
69005	0.002187032403
69006	0.007352072412
69007	0.001532776509
69008	0.007263648333
69009	0.005596320928
69010	0.006367710414
69011	0.01003602525
69012	0.001513192836
69013	0.003733930852
69014	0.002790638964
69015	0.0005194613756
69016	0.0001233867859
69017	0.0005341174642
69018	0.002383157864
69019	0.01250428618
69020	0.00589325328
69021	0.006601675154
69022	0.004830030412
69023	0.001433552483
69024	0.01052512809
69025	0.00738856664
69026	0.002089269006
69027	0.01534467552
69028	9.26540705e-05
69029	0.01656036382
69030	0.004427178057
69031	0.003213097638
69032	0.004106556537
69033	0.0005184034809
69034	0.002215204208
69035	0.002758753428
69036	0.01018845357
69037	0.003902643647
69038	0.01637829943
69039	0.01373574123
69040	0.02623874561
69041	0.004061740964
69042	0.007949172254
69043	0.003202683354
69044	9.394487114e-05
69045	0.00386040874
69046	0.007084133648
69047	0.002740481012
69048	0.003499912395
69049	0.004621996537
69050	0.006943435583
69051	0.009022655726
69052	0.002669731342
69053	0.008096406613
69054	0.0101180403
69055	0.002508578985
69056	0.008633842643
69057	0.001345936258
69058	0.005203410166
69059	0.00983281779
69060	0.007390675523
69061	0.01631503467
69062	0.0005191799654
69063	0.004698572413
69064	0.01234457802
69065	0.006004706031
69066	0.01302684142
69067	0.006511112779
69068	0.0009557328284
69069	0.005773761844
69070	0.001588734273
69071	0.003521735204
69072	0.01787242488
69073	0.00351072379
69074	0.004234502346
69075	0.01135059269
69076	0.003131961868
69077	0.001794617799
69078	0.00236151799
69079	0.0008665141053
69080	0.001696904897
69081	0.004346854916
69082	0.0001523335785
69083	0.0006803955816
69084	0.0009483461446
69085	0.003898727137
69086	0.000290870522
69087	0.0001756300854
69088	0.01544427825
69089	0.0009961792884
69090	0.008092374034
69091	0.0008455087837
69092	0.001519286514
69093	0.01473810049
69094	0.003550359271
69095	0.0004945159795
69096	0.007338842748
69097	0.008761127325
69098	0.004902085464
69099	0.00520290582
69100	0.0001907647957
69101	0.0150612597
69102	0.01059005127
69103	0.009527551254
69104	0.009911763814
69105	0.001663456203
69106	0.0183797397
69107	0.003916335039
69108	0.001327139361
69109	0.0004624645806
69110	0.005162659309
69111	0.008097092837
69112	0.007878206991
69113	0.00263584159
69114	0.001936258241
69115	0.001232773322
69116	0.007572423199
69117	0.01119571864
69118	0.003956461694
69119	0.00437287478
69120	0.007985301589
69121	0.009696445151
69122	0.0005600192825
69123	0.001529682857
69124	0.005963752934
69125	0.01022694907
69126	0.0007949684695
69127	0.00183890279
69128	0.007204691285
69129	0.0005541686269
69130	0.005108476366
69131	0.001982889381
69132	0.00850159048
69133	0.0005366795511
69134	0.01005086652
69135	0.009723402227
69136	0.001422711951
69137	0.001866683033
69138	0.005753859842
69139	0.007122146484
69140	0.0178531316
69141	0.004066039237
69142	0.00306831437
69143	0.006745338181
69144	0.01569136011
69145	0.002203700166
69146	0.006691558428
69147	0.01780791503
69148	0.02107824736
69149	0.003004565578
69150	0.004872250571
69151	0.009359720862
69152	0.001929233792
69153	0.01065334356
69154	0.008967299011
69155	0.005611091883
69156	0.001506491487
69157	0.002624704391
69158	0.0009255695758
69159	0.00130868594
69160	0.004106101852
69161	0.0007515771948
69162	0.0003420305511
69163	0.0008401543017
69164	0.01424949717
69165	0.01687547104
69166	0.007597626097
69167	0.003968509937
69168	0.001304323318
69169	0.004887010975
69170	0.01463149328
69171	0.01906923823
69172	0.003794034958
69173	0.0119312866
69174	0.004757638393
69175	0.003068309377
69176	0.005830859292
69177	0.0005575040931
69178	0.0002523189265
69179	0.0002693023186
69180	0.008729168548
69181	0.02766475811
69182	0.0004674352715
69183	0.004342140632
69184	0.003849788146
69185	0.007773163002
69186	0.006646679164
69187	0.01726984493
69188	0.002626872915
69189	0.007144746848
69190	0.006379437394
69191	0.005130010426
69192	0.001924629762
69193	0.00854156198
69194	0.007087737814
69195	2.434067205e-08
69196	0.005947884891
69197	0.009417858935
69198	0.002233913936
69199	0.00173180213
69200	0.005093427918
69201	0.001335611327
69202	0.001394619371
69203	0.005866000418
69204	0.001513725354
69205	0.01514418993
69206	0.01500526461
69207	0.006008011338
69208	0.002156879628
69209	0.001923329336
69210	0.002230659037
69211	0.003053457575
69212	0.006678933219
69213	0.006202543899
69214	0.002015983483
69215	0.0004475640681
69216	0.003856168695
69217	0.001299920767
69218	0.003749048042
69219	0.003235866445
69220	8.146196066e-05
69221	0.01120058494
69222	0.001960265423
69223	0.0003643673961
69224	0.002200867342
69225	0.0001995792941
69226	0.001875055845
69227	0.02116382616
69228	0.0001091933953
69229	0.0004363060976
69230	0.001439249628
69231	0.001722905747
69232	0.007036146631
69233	0.02026326771
69234	0.01607975756
69235	0.009719959473
69236	0.006925322108
69237	0.009582153667
69238	0.008278659506
69239	0.005499752177
69240	0.01497876167
69241	0.002583864806
69242	0.005619678262
69243	0.0004450463986
69244	0.004326097239
69245	0.001842882398
69246	0.003959472772
69247	0.01905251906
69248	0.002595897711
69249	0.0005484655423
69250	0.002399122294
69251	0.007638995299
69252	0.001753481265
69253	0.008472775266
69254	0.0005914689706
69255	0.002391133721
69256	0.006567789737
69257	7.597169767e-05
69258	0.0003159650015
69259	0.003582844694
69260	0.0008761086811
69261	0.002577048779
69262	0.0004098345247
69263	0.0002923754519
69264	0.003083278812
69265	0.002192583353
69266	0.000921974862
69267	0.006133084591
69268	0.01673598476
69269	0.0002426535704
69270	0.007266611782
69271	0.0003625737299
69272	0.01133220702
69273	0.001883497129
69274	0.00269053074
69275	0.007740788269
69276	0.001767029487
69277	0.001132661867
69278	0.0004392694567
69279	0.007664336825
69280	0.01085406917
69281	0.0006249696721
69282	0.004932988587
69283	0.01204992933
69284	0.002603562066
69285	4.377025026e-05
69286	0.002939878841
69287	0.001800500757
69288	0.003441028603
69289	0.006522058947
69290	0.003028783227
69291	0.0009660501974
69292	0.003354798993
69293	0.004028083461
69294	0.003325309907
69295	0.003552864439
69296	0.01018324245
69297	0.009690492664
69298	0.009416357207
69299	0.002335020622
69300	0.006245409526
69301	0.003141869631
69302	0.0004256171174
69303	0.008281573953
69304	0.009032102599
69305	0.002785305415
69306	0.004386191469
69307	0.01265026999
69308	0.006085872285
69309	0.003894943557
69310	0.00553829762
69311	0.007594710431
69312	0.006869715474
69313	0.00140783857
69314	0.0004737970236
69315	0.02024682431
69316	0.003671137865
69317	0.002478932805
69318	0.000473297939
69319	0.002116476641
69320	0.0008019738004
69321	0.01000200658
69322	0.0009931568125
69323	0.0127966157
69324	0.007394284391
69325	0.01091132016
69326	0.001407141818
69327	0.01403782269
69328	0.008411200599
69329	0.005950506133
69330	0.007809207234
69331	0.002142797216
69332	0.002867702701
69333	0.001629364411
69334	0.001739561307
69335	0.005511022936
69336	0.001863855935
69337	0.005751339649
69338	0.00274442152
69339	0.005783704271
69340	0.01283584197
69341	0.008252497957
69342	0.003154521309
69343	0.0009397543054
69344	0.0005343649088
69345	0.0008916527709
69346	0.0009715113694
69347	0.009149812891
69348	0.003000209969
69349	0.007656519415
69350	0.002221238043
69351	2.779353487e-05
69352	0.01116514007
69353	0.005657293113
69354	0.003145376406
69355	0.003812614044
69356	0.00775266424
69357	0.003361080125
69358	0.003798704185
69359	0.01078743633
69360	0.008479573954
69361	0.0005918227275
69362	0.005514374412
69363	0.005904873387
69364	0.0004344370179
69365	0.003108821729
69366	0.001192870797
69367	0.01961951933
69368	0.003916599441
69369	0.004243135405
69370	0.0100927959
69371	0.003791168881
69372	0.004774252511
69373	0.001097997843
69374	0.0149540458
69375	0.004771638298
69376	0.003276105217
69377	0.001726652316
69378	0.00584103209
69379	0.004584247258
69380	0.005957817994
69381	0.001211206624
69382	0.006461591743
69383	0.01373318845
69384	0.004363307813
69385	0.01884591632
69386	0.005353165841
69387	0.0006300035141
69388	0.005591631952
69389	0.007352358028
69390	0.01217216123
69391	0.001659677706
69392	0.01131054609
69393	0.004621180465
69394	0.0145802926
69395	0.01105993349
69396	0.01234416352
69397	0.001410233101
69398	0.007857668188
69399	0.0108722653
69400	0.020543551
69401	0.007280747086
69402	0.0145873999
69403	0.01066945633
69404	0.003150606045
69405	0.007350641233
69406	0.004142735464
69407	0.001884397703
69408	0.004393750195
69409	0.006193653776
69410	0.01605754495
69411	0.01119483188
69412	0.003670624045
69413	0.0005710397848
69414	0.002181721106
69415	0.01568281596
69416	0.01068037823
69417	0.005881527575
69418	0.006377106475
69419	4.74101129e-05
69420	0.01552246737
69421	0.004229334807
69422	0.007091974524
69423	0.0005042474734
69424	0.01131624523
69425	0.001079041308
69426	0.002969435423
69427	0.009348309071
69428	0.004944560834
69429	0.003108060898
69430	0.007149291146
69431	0.00535177259
69432	0.0006920110964
69433	0.000736189876
69434	0.0002028347067
69435	0.004746093393
69436	0.006529257828
69437	0.0119705376
69438	0.00786899302
69439	0.008779113741
69440	0.006176817532
69441	0.02379502269
69442	0.004066484598
69443	0.02008398237
69444	0.008444474905
69445	0.00197021606
69446	0.001821851947
69447	0.01034132138
69448	0.002762457898
69449	0.003429260984
69450	0.007591064717
69451	0.0106218033
69452	0.0009063933752
69453	0.01189659982
69454	0.01027636201
69455	0.007161489665
69456	0.004345675738
69457	0.002755384615
69458	0.01026165812
69459	0.0055824084
69460	0.02144802895
69461	0.008361839514
69462	0.006238328999
69463	0.002661071448
69464	0.0108662917
69465	0.0001088940826
69466	0.01199236992
69467	0.01079014664
69468	0.008841972937
69469	0.007158677471
69470	0.01609872799
69471	0.0001995924843
69472	0.007858860735
69473	0.000539601078
69474	0.001651089003
69475	0.005693761822
69476	0.01165792787
69477	0.002455801506
69478	0.005347435789
69479	0.006730043629
69480	0.002383097658
69481	0.006020978566
69482	0.004084282535
69483	0.01245934855
69484	0.006542332637
69485	0.01725184587
69486	0.004040025884
69487	0.005653597094
69488	0.007941095595
69489	0.009001074511
69490	0.01028104611
69491	0.008046555604
69492	0.01884288002
69493	0.01152477481
69494	0.002856697512
69495	5.671780509e-05
69496	0.01009415344
69497	0.0005401309364
69498	0.02389075261
69499	0.0001048531302
69500	0.008243891137
69501	0.003620045856
69502	0.002745553261
69503	0.005565465487
69504	0.006584774624
69505	0.002406016384
69506	0.0003606610275
69507	0.009877787952
69508	0.003384698642
69509	0.0210387304
69510	0.001599151926
69511	0.0001420807917
69512	0.001649905457
69513	0.002207072929
69514	0.004160826288
69515	0.006115649613
69516	0.006381450797
69517	0.0006030783947
69518	0.006546926837
69519	0.01220388787
69520	0.01360589214
69521	0.006704815553
69522	0.007686231063
69523	0.004424929049
69524	0.001050610953
69525	0.009441795843
69526	0.001284116995
69527	0.003154104912
69528	0.0004254035795
69529	0.0008811911483
69530	0.01099093112
69531	0.01274655117
69532	0.0006017635746
69533	0.005015811713
69534	0.01537754897
69535	0.01220384921
69536	0.005828987966
69537	0.02448422638
69538	0.01197871782
69539	0.00920599497
69540	0.00192932771
69541	0.003612011295
69542	0.007846626447
69543	0.0002772761914
69544	0.001817124459
69545	0.002061978983
69546	0.004994089704
69547	0.01107249215
69548	0.002606922788
69549	0.002439085938
69550	0.003665373039
69551	0.006982015602
69552	0.004220874161
69553	0.004739883918
69554	0.002293818918
69555	0.003940659423
69556	0.009868271323
69557	0.002770362919
69558	0.003110336518
69559	0.01406060754
69560	0.01760823153
69561	2.351819329e-06
69562	0.00126160404
69563	0.008922729656
69564	0.01296720577
69565	0.007666663245
69566	0.01862918799
69567	0.01008567171
69568	0.003226453924
69569	0.001325800439
69570	0.004281816847
69571	0.008129520494
69572	0.0006501801288
69573	0.001345711672
69574	0.01023310754
69575	0.009504231128
69576	0.001965642014
69577	0.01235472676
69578	0.004342814653
69579	0.008972540577
69580	0.0002668174904
69581	0.01367325405
69582	0.01161318566
69583	0.007555145323
69584	0.002256851413
69585	0.009745120754
69586	0.01742341484
69587	0.006977927354
69588	0.002360053922
69589	0.002425534712
69590	0.006520438305
69591	0.005961982784
69592	0.002535599105
69593	0.005585742702
69594	0.005351111896
69595	0.002536467346
69596	0.005454577806
69597	0.01071791614
69598	0.008004624946
69599	0.001067025295
69600	0.003785970124
69601	0.003572240296
69602	0.006084405914
69603	0.007204234305
69604	0.0001106717284
69605	0.01749985298
69606	0.004794206647
69607	0.002802243048
69608	0.003840261844
69609	0.00388576909
69610	0.006504171898
69611	0.002559590776
69612	0.006934721906
69613	0.004438630356
69614	0.01520356219
69615	0.004367367366
69616	0.007127225933
69617	0.004702648158
69618	0.007757058991
69619	0.0005668665954
69620	0.001517720565
69621	0.002041669181
69622	0.0003028246869
69623	0.009768253186
69624	0.002421177908
69625	4.163071352e-05
69626	0.004729177883
69627	0.008228730512
69628	9.240526613e-05
69629	0.01628762338
69630	0.01702951339
69631	0.01092341504
69632	0.001740265923
69633	0.003036854428
69634	0.001945714438
69635	0.009119463414
69636	0.01336577935
69637	0.00460947267
69638	0.00046888972
69639	0.005965342779
69640	0.004374290926
69641	0.001620814374
69642	0.00676091359
69643	0.003815718505
69644	0.00846406878
69645	0.006677578151
69646	0.002419777981
69647	0.001693378797
69648	0.006367630759
69649	0.005161858079
69650	0.008213793652
69651	0.004976568728
69652	0.004707500665
69653	0.01272311538
69654	0.007738478905
69655	0.01129699366
69656	0.0007505387293
69657	0.01198568062
69658	0.008358761314
69659	0.004911654066
69660	0.01352516038
69661	0.02167357117
69662	0.0088391816
69663	0.001065863031
69664	0.01059327457
69665	0.00107858336
69666	0.004157046227
69667	0.01949268027
69668	0.00602929303
69669	0.002521303574
69670	0.004815142374
69671	0.004026548276
69672	0.01165210007
69673	0.001116763674
69674	0.002759811519
69675	0.01068034019
69676	0.002234454791
69677	0.0004423543262
69678	0.004237932397
69679	0.005072004592
69680	0.005191877701
69681	0.007735189659
69682	0.003499966537
69683	0.007085481549
69684	0.01038138292
69685	7.867518749e-05
69686	0.003796137113
69687	0.000828707703
69688	0.004859236928
69689	0.0009125190211
69690	0.007006230397
69691	0.009717523317
69692	0.00143559764
69693	0.01720385737
69694	0.009243565135
69695	0.002493278896
69696	0.004049620573
69697	0.01872756466
69698	0.002011365958
69699	0.002292014617
69700	0.001920962176
69701	0.005873548939
69702	0.002164024548
69703	0.002641231659
69704	0.00155285084
69705	0.0004511565751
69706	0.0001631589098
69707	0.0009953058139
69708	0.0003673811971
69709	0.006524911482
69710	0.002739540887
69711	4.099038955e-05
69712	0.004870352063
69713	0.003542501714
69714	0.00200836654
69715	0.0001325498249
69716	0.007158295996
69717	0.002093610631
69718	0.01184684212
69719	0.01186874163
69720	0.000407844356
69721	0.001828250455
69722	0.00552885378
69723	0.007301034159
69724	0.005392935474
69725	0.007659929672
69726	0.0181005743
69727	0.005861859962
69728	0.003235150461
69729	0.0003049292653
69730	0.003156506025
69731	0.003942617771
69732	0.01147660199
69733	0.008985930849
69734	0.003750896273
69735	0.01034587612
69736	0.004493897512
69737	0.004364834068
69738	0.01241319138
69739	0.0006114187277
69740	2.439774746e-06
69741	0.006091565162
69742	0.002676166734
69743	0.005516840132
69744	0.0008791281092
69745	0.004646184489
69746	0.003858844842
69747	0.01751481735
69748	0.007111305974
69749	0.0001731908845
69750	0.0019389025
69751	0.005373249818
69752	0.004147733826
69753	0.004806869811
69754	0.00676207214
69755	0.006179574811
69756	0.008281825889
69757	0.007225558095
69758	0.002784138931
69759	0.0005640893261
69760	0.004314618554
69761	0.03043327338
69762	0.0002997659519
69763	0.01365761345
69764	0.01498156664
69765	0.0167904066
69766	0.0005631169972
69767	0.00960396001
69768	0.01051380503
69769	0.006883919642
69770	0.001338874112
69771	0.009223825939
69772	0.006783172599
69773	0.00101647072
69774	0.001599168061
69775	0.02377250893
69776	0.003729340876
69777	0.009504359922
69778	0.01245232304
69779	0.002589750016
69780	0.002648019044
69781	0.007443844432
69782	0.005341521731
69783	0.004402031254
69784	0.01096581455
69785	0.003571737435
69786	0.001073071024
69787	0.00602762345
69788	0.003106137673
69789	0.002496889749
69790	0.00883587424
69791	0.01235502093
69792	0.005787067149
69793	0.009035211715
69794	0.0008435784397
69795	0.001333171541
69796	0.004413650851
69797	0.0154773078
69798	0.01562498946
69799	0.005937499763
69800	0.01329630493
69801	0.006335044635
69802	0.001960952117
69803	0.002948642369
69804	0.003351047949
69805	0.007204988506
69806	0.001963100474
69807	0.01318402894
69808	0.008916417752
69809	0.003733489365
69810	0.005549562084
69811	0.009403822815
69812	0.009927446355
69813	0.003492021742
69814	0.0006885998392
69815	0.0098697261
69816	0.004769245949
69817	0.003046558308
69818	0.01454635251
69819	0.001727069244
69820	0.003642951362
69821	0.003028285807
69822	0.01159343495
69823	0.009514372534
69824	0.007474393385
69825	0.0305210776
69826	0.008869948034
69827	0.001284879668
69828	0.004905006617
69829	0.01233365641
69830	0.006118332874
69831	0.01514531899
69832	0.01536110982
69833	0.008355097279
69834	0.005072740376
69835	0.005510165622
69836	0.007544186724
69837	0.002101918605
69838	0.006262317813
69839	0.01702926475
69840	0.0005064339298
69841	0.007378005437
69842	0.007850281316
69843	0.00557830729
69844	0.009875908927
69845	0.003190980155
69846	0.009532927987
69847	0.005781023429
69848	0.005901165169
69849	0.008825283849
69850	0.0006610086567
69851	0.005392352593
69852	0.0007937894879
69853	0.0008907400023
69854	0.003145436846
69855	0.002347081431
69856	0.0007192270859
69857	0.005833291051
69858	0.01310662957
69859	0.006182085613
69860	0.01246189454
69861	0.01725595166
69862	0.0002068843082
69863	0.009229634196
69864	0.00594379638
69865	0.002994269155
69866	0.007317279885
69867	0.0007944837606
69868	0.006752207121
69869	0.00316901945
69870	0.003305156083
69871	0.005876246243
69872	0.00221683536
69873	0.005052748989
69874	0.0196908019
69875	0.001964278905
69876	0.004267044337
69877	0.007914796017
69878	0.002961082207
69879	0.004152259559
69880	0.00383564105
69881	0.0003915022351
69882	0.001332642673
69883	0.0005498779614
69884	0.001733524634
69885	0.005850700616
69886	0.001355663422
69887	0.001390592471
69888	0.009800394468
69889	0.001199770353
69890	0.002387001443
69891	0.01130783316
69892	0.004877773939
69893	0.004672409453
69894	0.0009354843413
69895	0.004181858442
69896	0.003857614653
69897	0.005860585638
69898	6.982128835e-05
69899	0.005404259102
69900	0.008327285462
69901	0.0002582364764
69902	0.005793584763
69903	0.005003554269
69904	0.00932676657
69905	0.0003598395226
69906	0.001271711136
69907	0.01040759445
69908	0.003233343872
69909	0.00431307325
69910	0.01129584146
69911	0.01331456562
69912	0.008400559244
69913	0.000247870378
69914	0.002573756793
69915	0.01053829553
69916	0.001911729335
69917	0.003519128071
69918	0.01139265953
69919	0.01854757075
69920	0.0006981257428
69921	0.004819084958
69922	0.002308576115
69923	0.005090062483
69924	0.0009369738712
69925	0.006692089027
69926	0.004243860351
69927	0.001413103643
69928	0.002596637943
69929	0.0007865636543
69930	0.008737816009
69931	0.01331602196
69932	0.0006355032187
69933	0.006215736413
69934	0.01554076389
69935	0.00247072318
69936	0.01393530581
69937	0.001807533048
69938	0.0007053750228
69939	0.002460532605
69940	0.002961118989
69941	0.01927628064
69942	0.011296449
69943	0.0007746284295
69944	0.003944578676
69945	0.00399940061
69946	0.01445453169
69947	0.0004030225667
69948	0.005426715435
69949	0.007052082518
69950	0.002155964217
69951	0.003466940717
69952	0.01318328427
69953	0.004372348307
69954	0.0100056983
69955	0.0005208462447
69956	0.001941108081
69957	8.564478939e-05
69958	0.001532901851
69959	0.00275800556
69960	0.01991457039
69961	0.002417911575
69962	0.01437313027
69963	0.001573431392
69964	0.00424936978
69965	0.001072575351
69966	0.003940040918
69967	0.01315151578
69968	0.002979764157
69969	0.01103801519
69970	0.004286010134
69971	0.01348364686
69972	0.01356732356
69973	0.007559118754
69974	0.004261139794
69975	0.001962657699
69976	0.0138684347
69977	0.005259270911
69978	0.003344143771
69979	0.002690900194
69980	0.01181136817
69981	0.01139852096
69982	0.002090727751
69983	0.006924609407
69984	0.001704169385
69985	0.001263246953
69986	0.0008634045834
69987	0.006951437303
69988	0.003304976943
69989	0.01045254878
69990	0.006825393043
69991	0.002823408829
69992	0.009286851088
69993	0.0008314028566
69994	0.005482747258
69995	0.01324439306
69996	0.0003369105458
69997	0.001628983914
69998	0.01141351038
69999	0.001289918633
70000	0.01123242366
70001	0.001919904263
70002	0.005655877699
70003	0.01096062243
70004	0.004760000785
70005	0.001102664929
70006	0.0001600048473
70007	0.01028583124
70008	0.002634056873
70009	0.0003216142127
70010	0.003939400573
70011	0.009489711182
70012	0.008093568165
70013	0.002743487166
70014	0.002176800352
70015	0.006823337211
70016	0.001569880604
70017	0.002051278316
70018	0.005586590274
70019	0.0008059444691
70020	0.01244466357
70021	0.01128634707
70022	0.006505836464
70023	0.001741818959
70024	0.0003222428099
70025	0.004962657481
70026	0.006475257786
70027	0.001471804018
70028	0.0008506534069
70029	0.01700563082
70030	0.00556009913
70031	0.001479232292
70032	0.000902649098
70033	0.003311825711
70034	0.001683929068
70035	0.000222790992
70036	0.007705100258
70037	0.005316571273
70038	0.008431754459
70039	0.002463690857
70040	0.003806658923
70041	0.00849426526
70042	0.001119300405
70043	0.002889189556
70044	0.002390037566
70045	0.001426960168
70046	0.01939062127
70047	5.693346973e-05
70048	0.0005930290644
70049	0.0126180739
70050	0.008313093033
70051	0.02190813416
70052	0.005111625914
70053	0.001970989824
70054	0.006937771632
70055	0.006017677193
70056	0.004935930889
70057	0.005866871032
70058	0.006505522643
70059	0.001314714622
70060	0.003329469631
70061	0.009401982836
70062	0.001638964423
70063	0.007364974112
70064	0.003842170668
70065	0.009935343946
70066	0.003028020715
70067	0.00129162175
70068	0.003479989255
70069	0.01806768607
70070	0.01331244654
70071	0.01184375597
70072	0.002772466194
70073	0.004732928351
70074	0.003368844572
70075	0.002131236077
70076	0.007138969595
70077	0.01037496339
70078	0.007722833364
70079	0.001681590885
70080	0.003425032442
70081	0.008826638819
70082	0.003006324299
70083	0.0003403963508
70084	0.00500527975
70085	0.005267713993
70086	0.01138035863
70087	0.004259114404
70088	6.902343151e-05
70089	0.00468683746
70090	0.004512586194
70091	0.008193264058
70092	0.0006832317796
70093	0.00754781374
70094	0.000914529834
70095	0.001274892454
70096	0.009768522623
70097	0.005967950383
70098	0.005635998596
70099	0.005515791897
70100	0.008975664038
70101	0.003265955371
70102	0.004264419937
70103	0.02251242572
70104	0.008999458665
70105	0.006324074779
70106	0.002101682591
70107	0.0005930067276
70108	0.01813990989
70109	0.0008036249126
70110	0.0112253517
70111	0.0020906315
70112	0.002480749187
70113	0.001814273514
70114	0.004882995925
70115	0.0065552055
70116	0.0057748517
70117	0.004129560288
70118	0.00932518909
70119	0.001099490957
70120	0.002384276419
70121	0.004373214381
70122	0.01001716048
70123	0.000185093388
70124	0.005475092571
70125	0.001592604981
70126	0.002731675983
70127	0.008290640996
70128	0.004344288684
70129	0.000406375313
70130	0.01042178731
70131	0.001511914641
70132	0.001765402282
70133	0.001525933947
70134	0.004495801136
70135	0.003507131879
70136	0.02726520563
70137	0.0007028311247
70138	0.00859104121
70139	0.002477778762
70140	0.01499406711
70141	0.005792946891
70142	0.0002424280044
70143	0.00901168474
70144	0.008483729768
70145	9.264214712e-05
70146	0.0003353055981
70147	0.01743316879
70148	0.0004715607542
70149	0.006848056724
70150	0.005420598071
70151	0.01430876049
70152	0.000319628873
70153	0.000168535396
70154	0.01780138218
70155	0.003345045638
70156	0.00434185747
70157	0.009754934803
70158	0.001468862841
70159	0.007954694664
70160	0.002756972237
70161	0.01346952699
70162	0.0002711139786
70163	0.0005431977961
70164	0.00371553032
70165	0.002945572029
70166	0.001230669025
70167	0.006239642955
70168	0.005939206875
70169	0.001115524617
70170	0.001912201869
70171	0.008127519988
70172	0.00114965338
70173	0.005166720255
70174	0.003118515583
70175	0.01384426197
70176	0.001782016445
70177	0.002551072748
70178	0.00308163181
70179	0.003369383911
70180	0.009926685743
70181	0.005016979339
70182	0.00316949971
70183	0.003594846201
70184	0.00152970555
70185	0.0004192138822
70186	0.003469208085
70187	0.007723348534
70188	0.001325350805
70189	0.008757185895
70190	0.003813442092
70191	0.007155411168
70192	0.009891659162
70193	0.01617724108
70194	0.006387960505
70195	0.01026173154
70196	0.00213924402
70197	0.001604545305
70198	0.006704432775
70199	0.001914386405
70200	0.004209673378
70201	0.003321523557
70202	0.009629466449
70203	0.004158803303
70204	0.0007067471745
70205	0.02286636012
70206	0.01578626807
70207	0.00138415488
70208	0.0001380222895
70209	0.001136271506
70210	0.001598135698
70211	0.002657750878
70212	0.004745954018
70213	0.01050403188
70214	0.0004756909155
70215	0.000714544832
70216	0.003355930453
70217	0.002477069507
70218	0.004122380918
70219	0.01345361848
70220	0.008888125456
70221	0.007765742652
70222	0.000381012363
70223	0.0019310629
70224	0.006512557531
70225	0.005655276458
70226	0.003905307876
70227	0.008575655612
70228	6.893379686e-05
70229	0.003630335621
70230	0.01052513561
70231	0.0209084722
70232	0.001258907708
70233	0.007317574003
70234	0.002416156126
70235	0.003999657544
70236	0.00709599997
70237	0.002470962208
70238	0.003721733701
70239	0.01172119003
70240	0.00386542382
70241	0.0001214111769
70242	0.004176436645
70243	0.004127838235
70244	0.004301523888
70245	0.006741577335
70246	0.01142126038
70247	0.000872525326
70248	0.0007773999993
70249	0.01609366053
70250	0.001862981597
70251	0.0005856243146
70252	0.002638550978
70253	0.006265319999
70254	0.005078436728
70255	1.570322868e-06
70256	0.007015126621
70257	0.01074795991
70258	0.007969097639
70259	0.0002059453144
70260	0.003321392195
70261	0.0006718137721
70262	0.003387529974
70263	0.009033407048
70264	0.006373634112
70265	0.002152317182
70266	0.005083137256
70267	0.0005390301819
70268	0.001850987356
70269	0.00750162673
70270	0.003463452352
70271	0.00268206718
70272	0.006009914481
70273	0.003207486948
70274	0.002237090963
70275	0.009917196821
70276	0.01101361208
70277	0.01184791487
70278	0.0005766669249
70279	0.007947166157
70280	0.007953891686
70281	0.01070648441
70282	0.005329864012
70283	0.001402861293
70284	0.007375245273
70285	0.002160451424
70286	0.01559843505
70287	0.001816914305
70288	0.01053330891
70289	0.0002800645501
70290	0.005952280412
70291	0.003601833039
70292	0.001971137111
70293	0.02430513505
70294	0.007036269389
70295	0.002692574685
70296	0.004475197745
70297	0.0001767148675
70298	0.01084758739
70299	0.009580592412
70300	0.001470055531
70301	0.002545017804
70302	0.002610050345
70303	0.008005385136
70304	0.01491131702
70305	0.00204143356
70306	0.0008061571883
70307	0.01404693459
70308	0.01391108003
70309	0.0009089692021
70310	0.01190321335
70311	0.0009044740048
70312	0.01046750912
70313	0.002706267007
70314	0.003035277335
70315	0.008824694217
70316	0.002538130798
70317	0.006096993277
70318	0.006554171127
70319	0.001956489199
70320	0.004440471527
70321	0.001778220291
70322	0.005498371534
70323	0.0111066483
70324	0.003230773659
70325	0.0008261195597
70326	0.004384383383
70327	0.005907149914
70328	0.006312730333
70329	0.004725804421
70330	0.002505959249
70331	0.006063045098
70332	0.01730837038
70333	0.004140525005
70334	0.003816205403
70335	0.005461587088
70336	0.01112899641
70337	0.001527899459
70338	0.0005030792173
70339	0.00768736837
70340	0.007225608862
70341	0.01246066422
70342	0.007719449675
70343	0.002054680307
70344	4.546997441e-05
70345	0.005928181268
70346	0.005779103286
70347	0.001016215146
70348	0.0105313846
70349	0.004705569593
70350	0.001464889976
70351	0.001323084528
70352	0.007907162758
70353	0.0005445999808
70354	0.006175282353
70355	0.002069314202
70356	3.045232938e-06
70357	0.002023411642
70358	0.007968765597
70359	0.004664330913
70360	0.002127464325
70361	0.01346497829
70362	0.010356646
70363	0.01883847676
70364	0.009118366678
70365	0.003854459822
70366	0.0006457750409
70367	0.001454215598
70368	0.01019769728
70369	0.0003031503656
70370	0.003241269573
70371	0.0004479136294
70372	0.001493464598
70373	0.01057952601
70374	0.004325555433
70375	0.002647591621
70376	0.0007331482747
70377	0.008233994718
70378	0.002952910108
70379	0.002982886259
70380	0.007631719347
70381	0.01431105195
70382	0.01868599231
70383	0.005199469537
70384	0.008043931177
70385	0.01598175808
70386	0.001223245336
70387	0.002533039403
70388	0.007204307626
70389	0.003098537852
70390	0.001396574398
70391	0.001854158773
70392	0.009379683191
70393	0.0205678076
70394	0.0001117063127
70395	0.002819528618
70396	0.01231093424
70397	0.008589656276
70398	0.008916484049
70399	0.004942854772
70400	0.007930571534
70401	1.52523621e-05
70402	0.005585893909
70403	0.01063320952
70404	0.005152621027
70405	0.001545461047
70406	0.004793079031
70407	0.009779502983
70408	0.01104294118
70409	0.0002317207497
70410	0.006751824774
70411	0.002846093255
70412	0.004674895935
70413	0.007368447197
70414	0.002265817249
70415	0.0182941931
70416	0.01953559244
70417	0.01283791114
70418	0.0007221223013
70419	0.0004148936636
70420	0.002396599039
70421	0.003697965473
70422	0.0008832533963
70423	0.003890413119
70424	0.005999667664
70425	0.01359497085
70426	0.01834561697
70427	0.007418702483
70428	0.0006359540787
70429	0.009684695154
70430	0.004204737217
70431	0.002482492948
70432	0.008983589106
70433	0.001623618444
70434	0.001781344874
70435	0.006258206972
70436	0.002310534205
70437	0.002303102143
70438	0.0007118769954
70439	0.006832529115
70440	0.0005696587817
70441	0.0002621150503
70442	0.008294847281
70443	0.002312638868
70444	0.01476276715
70445	0.009325449447
70446	0.00680950125
70447	0.01507335809
70448	0.01408710338
70449	0.002057596791
70450	0.0005449075155
70451	0.0007608498303
70452	0.009328814511
70453	0.02088905292
70454	0.0014713858
70455	0.001518240815
70456	0.008432335664
70457	0.0002096669294
70458	0.006964099069
70459	0.01402568282
70460	0.0006793889963
70461	0.002231811323
70462	0.01117477654
70463	0.0003376120495
70464	0.009016926558
70465	0.002735124499
70466	0.001860079385
70467	0.00450940481
70468	0.003112014228
70469	0.001533577119
70470	0.01220646608
70471	0.006634441409
70472	0.01423803463
70473	0.00299627821
70474	0.006906178219
70475	0.003923402014
70476	0.02101205173
70477	0.00282074871
70478	0.00958458667
70479	0.009206455696
70480	0.006146668556
70481	0.00273808274
70482	0.0102239386
70483	0.002471980749
70484	0.007287908377
70485	7.325505277e-05
70486	0.03198961565
70487	0.002905421068
70488	0.01190599237
70489	0.0008426916293
70490	0.001639663448
70491	0.01345278633
70492	0.003054858983
70493	0.003930735761
70494	8.949076896e-05
70495	0.01066049971
70496	0.006224921525
70497	0.004129095723
70498	0.01094122478
70499	0.01276085358
70500	0.006764548666
70501	0.00585274724
70502	0.005225605405
70503	0.002051054776
70504	0.001502186045
70505	0.00113787588
70506	0.002916578851
70507	0.0009367626393
70508	0.007679806361
70509	0.00154107836
70510	0.009917545241
70511	0.01015176637
70512	0.005078661532
70513	0.01626263139
70514	0.008096063197
70515	0.018433031
70516	0.002871002918
70517	0.01245188764
70518	0.01051844732
70519	0.002124117793
70520	0.001065266986
70521	0.004333328464
70522	0.002685078804
70523	0.00272554345
70524	0.007764855611
70525	0.003865779271
70526	0.005535751521
70527	0.01024107101
70528	0.001137476209
70529	0.005613279877
70530	0.01240160982
70531	0.00013865238
70532	0.009422355176
70533	0.001952583266
70534	0.005703010973
70535	0.0005006713334
70536	0.001612739837
70537	0.003040818139
70538	0.006675729918
70539	0.005403504169
70540	0.007779186385
70541	0.00183229605
70542	0.01178924438
70543	0.00733745167
70544	0.00975133578
70545	0.02487432173
70546	0.01369859516
70547	0.009096619864
70548	7.804031845e-06
70549	0.0002228775707
70550	0.001208457088
70551	0.007393389815
70552	0.005203243131
70553	0.002772897366
70554	0.007755716249
70555	0.0105737361
70556	0.008546765771
70557	0.001994718408
70558	0.004464863726
70559	0.01655088834
70560	0.004661023758
70561	0.0007071443216
70562	0.001275652979
70563	0.009817966231
70564	0.006965974194
70565	0.0003049390101
70566	0.002649749904
70567	0.0002664242934
70568	0.003151597449
70569	0.002617011606
70570	0.004927740599
70571	0.004579397058
70572	0.003742792168
70573	0.002148389603
70574	0.01218146277
70575	0.002347260442
70576	0.006877354427
70577	0.01288109329
70578	0.0002836067484
70579	0.004312503944
70580	0.01814080348
70581	0.003744447385
70582	0.004311002526
70583	0.0008431118173
70584	0.007446081505
70585	0.00668459296
70586	0.002508306343
70587	0.006058668695
70588	0.005927431981
70589	0.004819857772
70590	0.002247601311
70591	0.00779246849
70592	0.003151204495
70593	0.005357729776
70594	0.0008324108606
70595	0.008355228043
70596	0.02066653321
70597	0.01108735149
70598	0.001294898668
70599	0.01453373608
70600	0.001262498774
70601	0.001667315622
70602	0.01468460154
70603	0.01077479497
70604	0.001179114737
70605	0.00688967477
70606	0.003089978865
70607	0.01185030632
70608	0.001882559249
70609	0.002430586094
70610	0.002206962973
70611	0.002509245593
70612	0.008395343602
70613	0.005947341164
70614	0.0009857059229
70615	0.01674049824
70616	0.002604248193
70617	0.003206290359
70618	0.0007091931574
70619	0.001076801172
70620	0.002920364513
70621	0.001149910053
70622	0.002039616599
70623	0.005816030322
70624	0.02945128999
70625	0.01135202617
70626	0.001489814404
70627	0.003848757077
70628	6.837251089e-05
70629	0.00812814197
70630	0.002363698528
70631	0.02620628411
70632	0.007150893735
70633	0.004517974992
70634	0.008203187962
70635	0.01243243692
70636	0.008074006646
70637	0.005590810215
70638	0.00161008765
70639	0.002533374054
70640	0.008869566329
70641	0.002353607448
70642	0.007224122464
70643	0.006361952412
70644	0.004688842356
70645	0.001509307085
70646	0.002853921641
70647	0.00955312798
70648	0.006806595776
70649	0.003023679884
70650	0.009730484318
70651	0.007735338927
70652	0.00673164346
70653	0.0001616393005
70654	0.0004899154769
70655	0.003796815822
70656	0.002245598924
70657	0.0009731046578
70658	0.01664185096
70659	0.006229527177
70660	0.01771809033
70661	0.002159283575
70662	0.004281433206
70663	0.007315764484
70664	0.0001244232381
70665	0.0005687817657
70666	0.004313294256
70667	0.008685759548
70668	0.0003236295684
70669	0.007462334757
70670	0.0008945393266
70671	0.01420796457
70672	0.01163462917
70673	0.0001060627032
70674	0.0009286428642
70675	0.0009639062602
70676	0.001296814954
70677	0.002374545126
70678	0.009883240311
70679	0.002979956343
70680	0.00273715525
70681	0.004371343474
70682	0.009113146813
70683	0.002729693564
70684	0.003326049036
70685	0.000970826039
70686	0.006698757976
70687	0.00645703932
70688	0.001465368641
70689	0.004237046137
70690	0.00216857992
70691	0.004186926341
70692	0.003233878038
70693	0.01298036456
70694	0.0007920080989
70695	0.007917155426
70696	0.007940861401
70697	0.01531341225
70698	0.002983302987
70699	0.004296670991
70700	0.004172129212
70701	0.0002497171846
70702	0.000484899215
70703	0.003743678003
70704	0.007609524383
70705	0.006336266384
70706	0.007198792702
70707	0.004401859025
70708	0.0006368157949
70709	0.0001201433508
70710	0.01083247332
70711	0.002343054849
70712	0.001281557432
70713	0.005900650153
70714	0.008448384775
70715	0.006969757498
70716	0.008522281528
70717	0.006510615373
70718	0.0005477314937
70719	0.003505188719
70720	0.001443253012
70721	0.01422335075
70722	0.005716100028
70723	0.002559317973
70724	0.004987902693
70725	0.00115020619
70726	0.009676290549
70727	0.0006620126689
70728	0.0003594290503
70729	0.01601001781
70730	0.02268000982
70731	0.01532501556
70732	0.0007166072563
70733	0.009669898382
70734	0.0006774097141
70735	0.0106674038
70736	0.01117581722
70737	0.001032495995
70738	0.0001601478753
70739	0.005979959992
70740	0.004163923707
70741	0.007912316985
70742	0.002323741794
70743	0.008627124104
70744	0.008955108058
70745	0.003751329509
70746	0.001517862141
70747	0.0001946643724
70748	0.002181332145
70749	0.00435500634
70750	0.0002381344608
70751	0.0054856539
70752	0.0005669958134
70753	0.000130919786
70754	0.003736758216
70755	0.00564501668
70756	0.004097449205
70757	0.002398203739
70758	0.007551116151
70759	0.001278548883
70760	0.01500630309
70761	0.006771133823
70762	0.008807142122
70763	0.00958983293
70764	0.0122286993
70765	0.01763881379
70766	0.0008794100274
70767	0.004515163992
70768	0.001466998258
70769	0.002802629814
70770	0.0008379209341
70771	0.009418484617
70772	0.002693565661
70773	0.01270578366
70774	0.002245043749
70775	0.005523228616
70776	0.0002253920677
70777	0.001586973436
70778	0.005640549893
70779	0.00829285523
70780	0.005837879194
70781	0.0004058387882
70782	0.003069857823
70783	0.01481480556
70784	0.01854234795
70785	0.000716858424
70786	0.008900705422
70787	0.00198867545
70788	0.004261283498
70789	0.001230151301
70790	0.002339070502
70791	0.004125740199
70792	0.0001125479056
70793	0.006159464494
70794	0.0005152363035
70795	0.005818842231
70796	0.002794589569
70797	0.002766379032
70798	0.0005679199621
70799	0.001719711185
70800	0.006958971167
70801	0.003126784424
70802	0.01623736744
70803	0.009149082005
70804	0.001387061894
70805	0.00486011603
70806	0.008087052388
70807	0.0005586665822
70808	0.006248211822
70809	0.001255860618
70810	0.003346276629
70811	0.003886246819
70812	0.01710924156
70813	0.001222233359
70814	0.001602166807
70815	0.004405588063
70816	0.007926922401
70817	0.006716845012
70818	0.008447550572
70819	0.01815804826
70820	0.01273875497
70821	0.01547556147
70822	0.008121630242
70823	0.009492048112
70824	0.007341731592
70825	0.005783580016
70826	0.004272298557
70827	0.006512580205
70828	0.001296842033
70829	0.002684335155
70830	0.002098048735
70831	0.006942137783
70832	0.004965821517
70833	0.00477282128
70834	0.006380895235
70835	0.002447469656
70836	0.002293596964
70837	0.01688474591
70838	0.006383456141
70839	0.0008128350796
70840	0.004146912357
70841	0.001806297383
70842	0.02911018737
70843	0.00815326229
70844	0.002590437596
70845	0.00690370725
70846	0.0002506091422
70847	0.002641044034
70848	5.980952496e-05
70849	0.006802508386
70850	0.006550052935
70851	0.0081137881
70852	0.01763244269
70853	0.006173373527
70854	0.005470291738
70855	0.0001878331151
70856	0.004185195599
70857	0.003308589658
70858	0.005750474213
70859	0.01144314456
70860	0.0005332700453
70861	0.003621869698
70862	0.003838180444
70863	0.001708932491
70864	0.01104150354
70865	0.009002972812
70866	0.01597786367
70867	0.0140121995
70868	0.004970490759
70869	0.004545257112
70870	0.004069329198
70871	0.02410692553
70872	0.02136565066
70873	0.002635607609
70874	0.0003198977548
70875	0.007899857715
70876	0.005086767977
70877	0.003999428483
70878	0.01027189489
70879	0.004188648568
70880	0.0004421468274
70881	0.01217477057
70882	0.00335486321
70883	0.01192194173
70884	0.002889112773
70885	0.004642419499
70886	0.0006111945771
70887	0.0007168428551
70888	0.005572869807
70889	0.002260836557
70890	0.0006083703612
70891	0.001736835786
70892	0.006492996779
70893	0.009154935241
70894	0.01233251583
70895	0.004678607553
70896	0.01180313268
70897	0.01297016094
70898	0.01330013968
70899	0.006455039696
70900	0.01255187204
70901	0.006271675261
70902	0.006417379749
70903	0.003781445801
70904	0.0008560511106
70905	0.004973842374
70906	0.006798671693
70907	0.005705035127
70908	0.002744147454
70909	0.0006650294585
70910	0.0035100722
70911	0.00404468118
70912	0.009980862536
70913	0.007419539679
70914	0.00418675479
70915	0.01228722909
70916	0.005270789427
70917	0.01869066441
70918	0.009897601564
70919	0.001619360992
70920	0.000118695768
70921	0.003509862429
70922	5.107374211e-05
70923	0.006750853225
70924	0.000528588701
70925	0.0007252482624
70926	0.006949739583
70927	0.004558327182
70928	0.01031290187
70929	0.006078965516
70930	0.01086048639
70931	0.008854600629
70932	0.002884277086
70933	0.0004775440356
70934	0.0003198868769
70935	0.01093221424
70936	2.811122728e-05
70937	0.0112868677
70938	0.008232387959
70939	0.00171479164
70940	0.002104976262
70941	0.00358619015
70942	0.01013740773
70943	0.0004320806162
70944	0.00835788225
70945	0.00226125693
70946	0.005963145608
70947	0.009051099644
70948	0.0007642888865
70949	0.005215650337
70950	0.008941356442
70951	0.004144424825
70952	0.0007189729198
70953	0.005294258249
70954	0.0002228249962
70955	0.005329809115
70956	0.007572030954
70957	0.001471978194
70958	0.003066141765
70959	0.006304968677
70960	0.01334634913
70961	0.01751095769
70962	0.004168476511
70963	0.001394828259
70964	0.002853009902
70965	0.004011023581
70966	0.005721053694
70967	0.003817859918
70968	0.004343369208
70969	0.0009884275325
70970	0.006329757714
70971	0.006652071975
70972	0.01110859863
70973	0.01060841194
70974	0.0001135805672
70975	0.01270820659
70976	0.002959541004
70977	0.002320113743
70978	0.005295256292
70979	0.008684684751
70980	0.008566301219
70981	0.007174087346
70982	0.002928131841
70983	0.000677776883
70984	0.002899623438
70985	0.0007710088973
70986	0.008542415395
70987	0.0009479391118
70988	0.008203241302
70989	0.00265045121
70990	0.001851285011
70991	0.006662922537
70992	0.01841323936
70993	0.01056036828
70994	0.008440677785
70995	0.01936918073
70996	0.005883056638
70997	0.009543888617
70998	0.009605146043
70999	0.002429809069
71000	0.007720506381
71001	0.002023883634
71002	0.002214874739
71003	0.006435133257
71004	0.003331243513
71005	0.003682527726
71006	0.002678337596
71007	0.005043014165
71008	0.00141411793
71009	0.01116855642
71010	0.006778221234
71011	0.001536172684
71012	0.0073868388
71013	0.003138024012
71014	0.00157228013
71015	0.009930374903
71016	0.01652114404
71017	0.00787583224
71018	0.01792935594
71019	0.002598515325
71020	0.008970750972
71021	0.001131960028
71022	0.001922739504
71023	0.0008027694906
71024	0.01337979435
71025	0.001761651173
71026	0.00299993884
71027	0.00502065654
71028	0.004937061353
71029	0.004002646834
71030	0.001204748705
71031	0.005694467745
71032	0.0002838626215
71033	0.005023358658
71034	0.01428519584
71035	0.001556634289
71036	0.0006304764002
71037	0.005664382002
71038	0.01211212462
71039	0.01030940416
71040	0.02530142896
71041	0.01273708573
71042	0.003326616477
71043	0.005652938622
71044	0.0007713036333
71045	0.005545702132
71046	0.00554442864
71047	0.002067249193
71048	0.0125215478
71049	0.0005729681313
71050	0.01352380276
71051	0.001461062237
71052	0.02555852068
71053	0.0009442239568
71054	0.0002590090535
71055	0.009800708674
71056	0.001246603572
71057	0.0001071067883
71058	0.00062003147
71059	0.008273042705
71060	0.00261313058
71061	0.0008570809251
71062	0.005448825412
71063	0.002970653008
71064	0.007402335356
71065	0.002825736568
71066	0.007964204653
71067	0.002510444097
71068	0.01145840381
71069	0.00196608109
71070	0.0002416346124
71071	0.002237905119
71072	0.003770004637
71073	0.001304765564
71074	0.002245159619
71075	0.001404907282
71076	0.002432664941
71077	0.001046699394
71078	0.005473963131
71079	0.0131296365
71080	0.006387777259
71081	0.002774101435
71082	0.009674124338
71083	0.01555283193
71084	0.008670084983
71085	0.001991914141
71086	0.003725569923
71087	0.01109494173
71088	0.008778669815
71089	0.006693199712
71090	0.003952670628
71091	0.02363507924
71092	0.009413656269
71093	0.004287406413
71094	0.00816759712
71095	0.005176778766
71096	0.009605804188
71097	0.01268628751
71098	0.000138609012
71099	0.005877559022
71100	0.006788934091
71101	0.01536383569
71102	0.01100038001
71103	0.01344278377
71104	0.004979048192
71105	0.00216110431
71106	0.0009244127957
71107	0.005316024065
71108	0.005345599412
71109	0.003827333891
71110	0.001430080981
71111	0.001098625855
71112	0.003382802181
71113	0.01120758696
71114	0.001105398422
71115	0.0008923560264
71116	0.004778006049
71117	0.002868381187
71118	0.005012920974
71119	0.00832233888
71120	0.01131606588
71121	0.003439179015
71122	0.004882327385
71123	0.006996566222
71124	0.005209609531
71125	0.003063987458
71126	0.002429500051
71127	0.008740809392
71128	0.001632660272
71129	0.003880689417
71130	0.003720321474
71131	0.01182583889
71132	0.01515967472
71133	0.00102473965
71134	0.003626185784
71135	0.00231938468
71136	0.02740718077
71137	0.008317713501
71138	0.01414406718
71139	0.01166679032
71140	0.008663168167
71141	0.005822235196
71142	0.003254231961
71143	0.004437410034
71144	0.003959043092
71145	0.01256035259
71146	0.004087463403
71147	0.0002938348817
71148	0.003698890848
71149	0.003587429491
71150	0.0005272491921
71151	0.002763055063
71152	0.006483002075
71153	0.006407596245
71154	0.001601820112
71155	0.006183894163
71156	0.007756693755
71157	0.002243442701
71158	0.01896260662
71159	0.004563432395
71160	0.005737898305
71161	0.003688773431
71162	0.002514158176
71163	0.01511230978
71164	0.004223273379
71165	0.003490139272
71166	0.01414431878
71167	0.01002018658
71168	0.002949563126
71169	0.00350146905
71170	0.0006203729686
71171	0.000506532816
71172	0.001786217982
71173	0.009056084754
71174	0.004517321998
71175	0.001218015332
71176	0.004143115123
71177	0.0006564381027
71178	0.007238058583
71179	0.004606835851
71180	0.01069403116
71181	0.001429015125
71182	0.003562699434
71183	0.02016695526
71184	0.001370579202
71185	0.006071837748
71186	0.0004514163438
71187	0.0005739037615
71188	0.001540798325
71189	0.005337059876
71190	0.005140357125
71191	0.005483598435
71192	0.01047112773
71193	0
71194	0.003182462418
71195	0.003200527873
71196	0.01182651834
71197	0.0004223395406
71198	0.004763283234
71199	0.01284234312
71200	0.009630462151
71201	0.0008642806147
71202	0.005499057256
71203	0.006396963459
71204	0.002415914695
71205	0.0006545528754
71206	0.0003222536246
71207	0.004606037427
71208	0.006450142212
71209	0.002338031758
71210	0.007278012264
71211	0.008842813791
71212	0.007037892207
71213	0.01473933099
71214	0.009377918498
71215	0.02522355257
71216	0.0006247167868
71217	0.001476742191
71218	0.004119418218
71219	0.01632164221
71220	0.00679580616
71221	0.01166054946
71222	0.009014245518
71223	0.003412360517
71224	0.0003344972818
71225	0.003681960864
71226	0.002487764734
71227	0.004908079764
71228	0.006512137351
71229	0.003772290054
71230	0.0005463666982
71231	0.006752957573
71232	0.002093909543
71233	0.001578670129
71234	0.003007424148
71235	0.02130780262
71236	0.004218173893
71237	0.00713448587
71238	0.001889421142
71239	0.004504699709
71240	0.008024107288
71241	0.007926396092
71242	0.00770757484
71243	0.01165378883
71244	0.01025304296
71245	0.001925529476
71246	0.007737422437
71247	0.001275805236
71248	0.0004586471291
71249	0.003904086336
71250	0.01591581179
71251	0.01092569047
71252	0.007201115392
71253	0.01162782895
71254	0.01024557237
71255	0.0100086099
71256	0.002958324597
71257	0.02281829889
71258	0.01457356214
71259	0.009254910381
71260	0.004821901681
71261	0.009265085942
71262	0.01120468702
71263	0.01755187746
71264	0.0248095255
71265	0.01201285105
71266	0.01586243841
71267	0.009203529094
71268	0.00435636584
71269	0.008932840537
71270	0.002451001893
71271	0.01716973187
71272	0.008400146627
71273	0.007761711382
71274	0.00820713646
71275	0.01752800407
71276	0.004422217617
71277	0.01001133983
71278	0.0008137268337
71279	0.004303350029
71280	0.002683432477
71281	0.0008774605027
71282	0.0005934512501
71283	0.0171496569
71284	0.003324434922
71285	0.01006119026
71286	0.006064507416
71287	0.009096288343
71288	0.002062206963
71289	0.006949980616
71290	0.01918035508
71291	0.01302727282
71292	0.01407029477
71293	0.001780646507
71294	0.008882851278
71295	0.002046944964
71296	0.01114225509
71297	0.006228245961
71298	0.02134579212
71299	0.004277599487
71300	0.0184385493
71301	0.001712273836
71302	0.01287560734
71303	0.001043214831
71304	0.00254753215
71305	0.004742078265
71306	0.004803922415
71307	0.007933253707
71308	0.002095332117
71309	0.003374879359
71310	0.003482946617
71311	0.003066003412
71312	0.01603138862
71313	0.002266456783
71314	0.004725752773
71315	0.004109504976
71316	0.01636577728
71317	0.01001372443
71318	0.002961931365
71319	0.01569502689
71320	0.002538337446
71321	0.01355436721
71322	0.00290974111
71323	0.006898971628
71324	0.01442875784
71325	0.006674932358
71326	0.01023407395
71327	0.001090828152
71328	0.005945122354
71329	0.005969834801
71330	0.0002065744914
71331	0.002643901484
71332	0.01553179846
71333	0.00958227579
71334	0.005734091111
71335	0.005225701926
71336	0.001231634652
71337	0.01399993101
71338	0.005868154367
71339	0.01114787841
71340	0.0178082172
71341	0.0005619951407
71342	0.004317048097
71343	0.003439292648
71344	0.002687008051
71345	0.003846959794
71346	0.007508059812
71347	0.01218003721
71348	0.002702316542
71349	0.005329192881
71350	0.002661807587
71351	0.01573046066
71352	0.01975167148
71353	0.006594411475
71354	0.008385035877
71355	0.001613789257
71356	0.004725216893
71357	0.004487119416
71358	0.002820510746
71359	0.01011394964
71360	0.01219026223
71361	0.003009025011
71362	0.005182847952
71363	0.008954687787
71364	0.00179863494
71365	0.007774935404
71366	0.008269062413
71367	0.00111737084
71368	0.0103360333
71369	0.005002589717
71370	0.001982813195
71371	0.01265283115
71372	0.002656292482
71373	0.0007346807878
71374	0.00354239566
71375	0.006864104538
71376	0.001785963126
71377	0.005084329969
71378	0.0003886661233
71379	0.0008170324871
71380	0.007205535937
71381	0.01264053492
71382	0.004051951835
71383	0.004788885964
71384	0.002480376822
71385	0.008645730176
71386	0.006400992688
71387	0.0151547679
71388	0.005608737797
71389	0.001584638817
71390	0.0007667730588
71391	0.01202789064
71392	0.01341726067
71393	0.007055173603
71394	0.003381214201
71395	0.009716368067
71396	0.005661250967
71397	0.003593062557
71398	0.007624272235
71399	0.003053336416
71400	0.006461073413
71401	0.009349496324
71402	0.009633653772
71403	0.001944156711
71404	0.01191342521
71405	0.006611562821
71406	0.02281258752
71407	0.003987713078
71408	0.0001101037927
71409	0.002637249827
71410	0.00565172222
71411	0.005140344389
71412	0.001367529018
71413	0.008761046676
71414	0.008599242747
71415	0.0009988576122
71416	0.006576053503
71417	0.01546907297
71418	0.004304714704
71419	0.002726624154
71420	0.008686045715
71421	0.005385766577
71422	0.009717851562
71423	0.000443629011
71424	0.0006851897952
71425	0.00975127419
71426	0.004463819315
71427	0.004994285388
71428	0.01241379217
71429	0.005785114475
71430	0.003631128159
71431	0.00590596436
71432	0.001159556916
71433	0.01370108342
71434	0.001100237627
71435	0.004328421062
71436	0.0119378432
71437	0.007739474769
71438	0.01143496564
71439	0.006176235116
71440	0.0009522553878
71441	0.0003836633769
71442	0.01076246324
71443	0.006496585638
71444	0.002228398068
71445	0.004749957526
71446	0.004473944848
71447	0.01720048399
71448	0.004867474361
71449	0.0091596238
71450	0.008394825869
71451	4.150863333e-06
71452	0.009480247874
71453	0.006399780486
71454	0.01097902818
71455	0.0005984701885
71456	0.01037813897
71457	0.003371702221
71458	0.01190282448
71459	0.006705904289
71460	0.0007047348768
71461	0.001082464106
71462	0.007726810907
71463	0.005798691848
71464	0.01062865625
71465	0.002735348117
71466	0.01540106502
71467	0.0008178615002
71468	0.0003371198378
71469	0.004360262034
71470	0.00115691423
71471	0.003135171221
71472	0.0004069663406
71473	0.002058434527
71474	0.006466522798
71475	0.003524083406
71476	0.01274023523
71477	0.002529814092
71478	0.007160585687
71479	0.00123242589
71480	0.01524766118
71481	0.001581195412
71482	0.005010220853
71483	0.005039092735
71484	0.007713729029
71485	0.005506912749
71486	0.01638929893
71487	0.003929883444
71488	0.004278946244
71489	0.003239895915
71490	0.002689367227
71491	0.007191157217
71492	0.008299862443
71493	0.006541577026
71494	0.003101658211
71495	0.005494528664
71496	0.004744758141
71497	0.008605910417
71498	0.01468793131
71499	0.0003362663833
71500	0.003929719241
71501	0.001035369246
71502	0.001933377197
71503	0.01796842196
71504	0.01157404424
71505	0.002889732832
71506	0.02407211486
71507	0.0003498968454
71508	0.0002888329652
71509	0.00776058871
71510	0.00823769236
71511	0.003517811641
71512	0.003071623668
71513	0.003352095046
71514	0.01025180497
71515	0.01003096941
71516	0.008666126996
71517	0.00716321242
71518	0.002153022482
71519	0.006325750709
71520	0.008085667712
71521	0.004344065534
71522	0.002919444523
71523	4.71476455e-05
71524	0.006714154547
71525	0.00597316764
71526	0.001704672823
71527	0.01153299919
71528	0.0007099122235
71529	0.003805694495
71530	0.008679448932
71531	0.004218848419
71532	0.004038624942
71533	0.015322748
71534	0.007751375567
71535	0.00203404523
71536	0.0007221509142
71537	0.0006057560022
71538	0.00251837779
71539	0.002759892944
71540	0.01846812722
71541	0.005858612524
71542	0.005650085827
71543	0.006200751907
71544	0.0001525711816
71545	0.01035827586
71546	0.002958217861
71547	0.002003646222
71548	0.01229337406
71549	0.003365722679
71550	0.0006039521757
71551	0.006647739105
71552	0.008281458752
71553	0.001036570559
71554	0.0009471694111
71555	0.006822048461
71556	0.00431711192
71557	0.000885959176
71558	0.002106353623
71559	0.005722133607
71560	0.002007000087
71561	0.002286462847
71562	0.02351378818
71563	0.00222601023
71564	0.002331409
71565	0.01244865345
71566	0.02143739147
71567	0.002977220081
71568	0.007365513393
71569	0.006844408023
71570	0.01145481738
71571	0.005913188053
71572	0.008485760506
71573	0.01003113161
71574	0.0007626209953
71575	0.007690630361
71576	0.0007161932949
71577	0.01291615535
71578	0.002877979647
71579	0.002947213518
71580	0.01218126072
71581	0.0003564963696
71582	0.003938357868
71583	0.01427659937
71584	0.0006927257518
71585	0.008945219287
71586	0.002528349276
71587	0.009319941717
71588	0.01104825314
71589	9.081513093e-05
71590	0.006239317359
71591	0.004924028175
71592	0.02174740128
71593	0.005690736159
71594	0.003126558674
71595	0.002433061921
71596	0.003022977881
71597	0.001718684627
71598	0.002682762796
71599	0.006634048157
71600	0.01000507277
71601	0.0006500452584
71602	0.004470299856
71603	0.002330185561
71604	0.006400111496
71605	0.0003982804264
71606	0.007466981826
71607	0.003871351905
71608	0.004013582016
71609	0.00623827274
71610	0.01260885012
71611	0.01957213317
71612	0.007431914502
71613	0.002392180868
71614	0.002936823197
71615	0.0007771366887
71616	0.0001120448001
71617	0.01970053336
71618	0.008916426207
71619	0.003462978384
71620	0.008669474336
71621	0.008239203847
71622	0.02038366223
71623	0.003655788829
71624	0.01873582058
71625	0.01977799468
71626	0.01122286754
71627	0.009149474816
71628	0.0006312778467
71629	0.008443001682
71630	0.002204966841
71631	0.002844910849
71632	0.004038499652
71633	0.001642975793
71634	0.0007468344433
71635	0.001932800135
71636	0.002360632584
71637	0.001491571797
71638	0.01566238864
71639	0.01813600239
71640	0.00720649638
71641	0.009409467013
71642	0.001457725614
71643	0.003532509934
71644	0.003366045948
71645	0.01054840526
71646	0.003461327227
71647	0.01785915033
71648	0.008105745918
71649	0.009680467899
71650	0.00691162559
71651	0.01292956873
71652	0.02108503684
71653	0.01328737699
71654	0.009081810153
71655	0.005601051832
71656	0.02428138522
71657	0.008386342517
71658	0.007570617045
71659	0.0001044495593
71660	0.009478740325
71661	0.003951729903
71662	0.0003995816087
71663	0.0002245051656
71664	0.00234087857
71665	0.0003899165009
71666	0.001197866575
71667	3.437480542e-05
71668	0.0004799090809
71669	0.01499411902
71670	0.0006186600047
71671	0.02155801723
71672	0.001617877967
71673	0.002798118168
71674	0.003090044909
71675	0.002533080738
71676	0.01788498716
71677	0.005261412242
71678	0.002350894818
71679	0.00899605773
71680	0.01041522626
71681	0.006083815978
71682	0.002995309348
71683	0.002913914392
71684	0.004825870996
71685	0.006923497098
71686	0.0009250490201
71687	0.01066057405
71688	0.002832545478
71689	0.006624449835
71690	0.0036851942
71691	0.002202106022
71692	0.004002966217
71693	0.006357912255
71694	0.01644437856
71695	0.0002154984563
71696	0.001060766374
71697	0.01759189558
71698	0.007143261607
71699	0.01272124094
71700	0.002935890271
71701	0.004794016023
71702	0.01015283768
71703	0.005005804656
71704	0.000319814344
71705	0.003849428162
71706	0.004944991568
71707	0.001171236018
71708	0.005631151298
71709	0.006494856865
71710	0.005765434189
71711	0.002765439166
71712	0.001011516301
71713	0.00568030114
71714	0.01515650567
71715	0.002159200371
71716	0.01154260759
71717	0.006826998819
71718	0.0001786126177
71719	0.006121968775
71720	0.004396974594
71721	0.001450354842
71722	0.01294714466
71723	0.009307489245
71724	0.007744047359
71725	0.007973241211
71726	0.001597905423
71727	0.001511423087
71728	0.000992297548
71729	0.007323445774
71730	0.003193030208
71731	0.01247184868
71732	0.006262879898
71733	0.008215044729
71734	0.009620371563
71735	0.006828865538
71736	0.006083474303
71737	0.005194885123
71738	0.001420473871
71739	0.01060758421
71740	0.01681587701
71741	0.002430931722
71742	0.00424819166
71743	0.0006189818243
71744	0.001203005946
71745	0.0002476600949
71746	6.602589494e-05
71747	0.000587885765
71748	0.00525610702
71749	0.0005027640312
71750	0.01185706005
71751	0.01185827979
71752	0.002012541522
71753	0.003437534628
71754	0.02866066342
71755	0.01066804632
71756	0.0008840535132
71757	0.0007543793743
71758	0.004934317688
71759	0.003069592724
71760	0.002056676456
71761	0.00274589167
71762	0.004187327112
71763	0.01488681495
71764	0.01584882101
71765	0.01339713144
71766	0.005029861641
71767	0.004083828386
71768	0.00753950589
71769	0.004219528328
71770	0.01001138115
71771	0.001101676578
71772	0.0006612001299
71773	0.001400745729
71774	0.002459326087
71775	0.004463635161
71776	0.001014501185
71777	0.002555807641
71778	0.001672965979
71779	0.00443999658
71780	0.01499360249
71781	0.0001840812904
71782	0.004786860182
71783	0.0004152396375
71784	9.871842572e-06
71785	0.01590715657
71786	0.005347014837
71787	0.005599743311
71788	0.006085394451
71789	0.005331493105
71790	0.02506162181
71791	0.003385723259
71792	0.01774492701
71793	0.009553475872
71794	0.006868151043
71795	0.01157985536
71796	0.002314083238
71797	0.0008549448484
71798	0.002831864293
71799	0.003710386717
71800	0.007183894188
71801	0.01204629882
71802	0.001542434249
71803	0.002602100025
71804	0.01378143722
71805	0.01243579101
71806	0.003279421588
71807	0.003094371214
71808	0.01582497409
71809	0.003420083921
71810	0.003865495763
71811	0.0006531070327
71812	0.02258962607
71813	0.002004012058
71814	0.006363413011
71815	0.002261951739
71816	0.008779974914
71817	0.003325452551
71818	0.002925646687
71819	0.01517913664
71820	0.003460080162
71821	0.01439465352
71822	0.01008559697
71823	0.01357849203
71824	0.001684277961
71825	0.007667981932
71826	0.009759065969
71827	0.0027040002
71828	0.007318460138
71829	0.001825767372
71830	0.00826370307
71831	0.007059679334
71832	0.006626600702
71833	0.001092627979
71834	0.0002423154798
71835	0.003387509015
71836	0.007531511966
71837	0.002018608982
71838	0.008437912521
71839	0.001322174059
71840	0.003384675154
71841	0.006728870291
71842	0.002075977507
71843	0.0007156903343
71844	0.00363942481
71845	0.003602405536
71846	0.00155682584
71847	0.005067318536
71848	0.008293741388
71849	0.003875215295
71850	0.008521498755
71851	0.002043484264
71852	0.0006147706278
71853	0.002592415785
71854	0.009326483114
71855	0.005862793688
71856	0.005003117775
71857	0.008756678365
71858	0.007092804787
71859	0.003267979067
71860	0.0008261187759
71861	0.003864632509
71862	0.005394679068
71863	0.004228051203
71864	0.0009009339472
71865	0.01098001788
71866	0.00648180052
71867	0.0029860268
71868	0.003824447672
71869	0.000630884473
71870	0.008142138374
71871	0.00058150916
71872	0.002333461017
71873	0.001158323097
71874	0.007409973266
71875	0.001036093704
71876	0.0009789815661
71877	0.005532855404
71878	0.002549345152
71879	0.007979838081
71880	0.004684097611
71881	0.005202530387
71882	0.01221869735
71883	0.002419842022
71884	0.01029570633
71885	0.001989772921
71886	0.01087893143
71887	0.0002770695252
71888	0.01627379667
71889	0.003008423881
71890	0.005297474614
71891	0.007777565918
71892	0.009597274291
71893	0.01200167807
71894	0.009755690088
71895	0.001268707629
71896	0.0223762475
71897	0.005273628935
71898	0.004361751726
71899	0.005148399728
71900	0.004189906136
71901	0.003084009381
71902	0.0003634386306
71903	0.007383863873
71904	0.004131673349
71905	0.01088463527
71906	0.004533007666
71907	0.01484706561
71908	0.006637553001
71909	0.004835528734
71910	0.002497674245
71911	0.003392430727
71912	5.706525388e-05
71913	0.006432706484
71914	0.00171029584
71915	0.004680147667
71916	0.01618983394
71917	0.005510083058
71918	0.0003731120062
71919	0.00292818855
71920	0.003282450195
71921	0.0008121282656
71922	0.006432998632
71923	0.008461948282
71924	0.00229833663
71925	0.002718173827
71926	0.0001560105289
71927	0.01241643739
71928	0.007097560975
71929	0.006369483543
71930	0.01461478397
71931	0.008093275645
71932	0.001942801313
71933	0.02113155465
71934	0.001079265869
71935	0.00391156292
71936	0.001626161047
71937	0.001070891806
71938	0.009535303563
71939	0.01007888145
71940	0.002455486869
71941	0
71942	0.02601803993
71943	0.004479678777
71944	0.01316109352
71945	0.003723708809
71946	0.0002108963197
71947	0.01374459435
71948	0.01124698994
71949	0.0014278409
71950	0.00766756379
71951	0.001882444932
71952	0.01226366961
71953	0.003201695481
71954	0.001250289706
71955	0.01159338402
71956	0.00638970282
71957	0.006749476681
71958	0.006053372633
71959	0.003794394827
71960	0.01311531049
71961	0.003078259919
71962	0.0006095898959
71963	0.004657178798
71964	0.001017685271
71965	0.002338875318
71966	0.01106646755
71967	0.007564567398
71968	0.009229009761
71969	0.00226626807
71970	0.02389185538
71971	0.005419333456
71972	0.003477400816
71973	0.009755116867
71974	0.0008336525673
71975	0.0111327381
71976	0.01119034061
71977	0.006950737887
71978	0.01062978917
71979	0.005524689799
71980	0.00760341224
71981	0.007793420626
71982	0.001270879509
71983	0.0106264298
71984	0.004750724909
71985	0.006111456017
71986	0.008538170207
71987	0.006915374121
71988	0.01507079461
71989	0.00206005062
71990	0.02162134079
71991	0.001950138923
71992	0.001110410368
71993	0.0009925407977
71994	0.01448012906
71995	0.005975698331
71996	0.01908223932
71997	0.006311707605
71998	0.01588775982
71999	0.01886344076
72000	0.001580977389
72001	0.002187854477
72002	0.008035535606
72003	0.0005227414976
72004	0.005376906059
72005	0.002700224067
72006	0.01352148689
72007	0.0006243937871
72008	0.00363994271
72009	0.001910594378
72010	0.003507955454
72011	0.001576076684
72012	2.027470247e-05
72013	0.007530743062
72014	0.002981744097
72015	0.0009080020223
72016	0.02002536573
72017	0.006185053655
72018	0.0006989051722
72019	0.000494342158
72020	0.001346713372
72021	0.001066507011
72022	0.0005032316077
72023	0.01195428957
72024	0.01722275193
72025	0.01159262263
72026	0.007690054549
72027	0.006710576038
72028	0.009435971166
72029	0.00113304486
72030	0.0002639794684
72031	0.002161750719
72032	0.0009051078686
72033	0.006783128675
72034	0.005822154958
72035	0.001467787277
72036	0.005785755317
72037	0.00555025713
72038	0.008000902609
72039	0.004453275336
72040	0.006946294892
72041	0.001032560751
72042	0.0002389812852
72043	0.009174470871
72044	0.0008493221485
72045	0.01607364857
72046	0.004388851141
72047	0.004241742965
72048	0.004209026584
72049	0.008166871748
72050	0.0003234693963
72051	0.002405586504
72052	0.001215139042
72053	0.01022971505
72054	0.003983433789
72055	0.006667204621
72056	0.0003097275454
72057	0.002008320095
72058	0.01059450161
72059	0.002247021105
72060	0.005601753903
72061	0.0003770135085
72062	0.006834514974
72063	0.003130996809
72064	0.00301565264
72065	0.001508838843
72066	0.0005245128501
72067	0.002938338448
72068	0.001238574438
72069	0.004109502467
72070	0.001812559142
72071	0.006429852231
72072	0.0009578487745
72073	0.002389139026
72074	0.003764906046
72075	0.008504629661
72076	0.005647198571
72077	0.004143396915
72078	0.0103090167
72079	0.01947359493
72080	0.001294145941
72081	0.009452095391
72082	0.01022311919
72083	0.0006193841712
72084	0.0001812751723
72085	0
72086	0.01263254596
72087	0.001346296619
72088	0.002298579749
72089	0.00293692655
72090	0.007177655909
72091	0.0109478441
72092	0.003527962443
72093	0.00909678044
72094	0.01492150081
72095	0.00293506834
72096	0.006722253158
72097	0.01020320147
72098	0.008069425892
72099	0.007425222487
72100	0.0002285713956
72101	0.00444556964
72102	0.001458122302
72103	0.01021074794
72104	0.004419054194
72105	0.003376868503
72106	0.006417516428
72107	0.01087953306
72108	0.002215510676
72109	0.009318142605
72110	0.009116841511
72111	0.01359318975
72112	0.002508260232
72113	0.007600610659
72114	0.0006353646353
72115	0.02075455456
72116	0.0005068849243
72117	0.0001868758873
72118	0.003253020835
72119	0.006619641675
72120	0.003069745217
72121	0.005455035433
72122	0.01281309853
72123	0.002978328242
72124	0.006022677757
72125	0.001113966924
72126	0.003991506992
72127	0.001316884509
72128	0.005556733927
72129	0.003439517738
72130	0.001577452645
72131	0.008499549747
72132	0.01654779057
72133	0.0004914428587
72134	0.0005356269861
72135	0.01226440823
72136	0.0143374618
72137	0.002212453389
72138	0.003765567402
72139	0.003242320238
72140	0.001202072087
72141	0.002528760228
72142	0.001953254398
72143	8.07907445e-05
72144	0.0001708545519
72145	0.01351724303
72146	0.00837808101
72147	0.001848868135
72148	0.005248995273
72149	0.01799719934
72150	0.01271545081
72151	0.00902816099
72152	0.00146511058
72153	0.003740720309
72154	0.002571798121
72155	0.007721293093
72156	0.00505847348
72157	0.01155407201
72158	0.002024593667
72159	0.002174690139
72160	0.004087924952
72161	0.003938377599
72162	0.007477922936
72163	0.008209390946
72164	0.01381403365
72165	0.003759552015
72166	0.0006250971272
72167	0.008669830475
72168	0.000670881817
72169	0.008215715881
72170	0.006498646658
72171	0.005140830259
72172	0.002385640931
72173	0.0007250700674
72174	0.0006245481362
72175	0.005163313649
72176	0.005926054637
72177	0.001178183051
72178	0.0009845408529
72179	0.001258484929
72180	0.00626911686
72181	0.0005445757946
72182	0.008277171668
72183	0.001352060334
72184	0.01658302448
72185	0.00363925169
72186	0.004905858376
72187	0.003825677969
72188	0.01061214776
72189	0.001523908325
72190	0.008152207477
72191	0.01221520894
72192	0.01232705394
72193	0.00296068956
72194	0.004710567418
72195	0.0001957236428
72196	0.01110924381
72197	0.01324839745
72198	0.004050972203
72199	0.01410290593
72200	0.003085189148
72201	0.01790363137
72202	0.01675162035
72203	0.003785065623
72204	0.0064158123
72205	0.0003515669205
72206	0.001126275742
72207	0.004444781671
72208	0.00320497914
72209	0.004916390656
72210	0.01171753213
72211	0.01034961973
72212	0.00412102501
72213	0.01262283041
72214	0.0009116517124
72215	0.01409932613
72216	0.002274104664
72217	0.006559038526
72218	0.003977890046
72219	0.0003122650283
72220	0.008186777437
72221	0.006586671322
72222	0.0001569500394
72223	0.004242790798
72224	0.0184083289
72225	0.0009416227135
72226	0.004921773061
72227	0.00270131459
72228	0.01103437269
72229	0.004430239047
72230	0.001306266451
72231	0.01346226632
72232	0.01009093901
72233	0.01170917979
72234	0.00231227768
72235	0.008565095646
72236	0.007186594136
72237	0.0001249290017
72238	0.009234248497
72239	9.658799057e-05
72240	0.001803185365
72241	0.003991700776
72242	0.007111352304
72243	0.001355756646
72244	0.001489513255
72245	0.005027915034
72246	0.0009449989784
72247	0.009967623606
72248	0.01276196788
72249	0.0003755829422
72250	0.001089637506
72251	0.001693536288
72252	0.005165930903
72253	0.005020630862
72254	0.01103366156
72255	0.006533291269
72256	0.004045702922
72257	0.002453644162
72258	0.001081115112
72259	0.001707540481
72260	0.007766115086
72261	0.004893954654
72262	0.001637850183
72263	0.001431631211
72264	0.004278950568
72265	0.002878714768
72266	0.02000910517
72267	0.01068175929
72268	0.002074169766
72269	0.001024368883
72270	0.001410783885
72271	0.00612481954
72272	0.008519299118
72273	0.01144141855
72274	0.01081612195
72275	0.00769438884
72276	0.00445646298
72277	0.004141634463
72278	0.001568012511
72279	0.0009055071848
72280	0.01402105263
72281	0.002180658958
72282	0.0191801673
72283	0.0008141969354
72284	0.001077587873
72285	0.006053794266
72286	0.004341447326
72287	0.01094237896
72288	0.003778511876
72289	0.0004089969542
72290	0.002481276187
72291	0.01017774392
72292	0.007757564541
72293	0.007147508648
72294	0.008839773597
72295	0.01275393974
72296	0.003211637104
72297	0.005586685329
72298	0.01121292779
72299	0.008121439808
72300	0.00174636082
72301	0.01715068803
72302	0.005153888271
72303	0.004220949573
72304	0.004621079189
72305	0.002484435307
72306	0.0275680867
72307	0.0003764969129
72308	0.00402256032
72309	0.002590627151
72310	0.01713766408
72311	0.01491649931
72312	0.00176706514
72313	0.002756979502
72314	0.01113417755
72315	0.01127142252
72316	0.002713439981
72317	0.003195473948
72318	0.01036109792
72319	0.005127487422
72320	0.009829001985
72321	0.003641366531
72322	0.02935401585
72323	0.0002943042065
72324	0.008386333157
72325	0.001877360114
72326	0.001242778769
72327	0.0002492101079
72328	6.992585864e-05
72329	0.002742916585
72330	0.003669155121
72331	0.001200133873
72332	0.01061813523
72333	0.002647613971
72334	0.004605638061
72335	0.0003047966295
72336	0.007225587893
72337	0.007557082734
72338	0.002241188332
72339	0.004437931107
72340	0.006155485164
72341	0.005431011951
72342	0.0008387589781
72343	0.003650464685
72344	0.010643744
72345	0.002354214809
72346	0.002187237061
72347	0.002567923685
72348	0.000277597161
72349	0.00895039319
72350	0.004380180475
72351	0.002463233839
72352	0.01296578445
72353	0.01872545795
72354	0.0003202684238
72355	0.01932871332
72356	0.003735517165
72357	0.01155156789
72358	0.005638548327
72359	0.004745081935
72360	0.001332411315
72361	0.0001626669836
72362	0.00753708235
72363	0.0003393842106
72364	0.01315805125
72365	0.01628939069
72366	0.005093706053
72367	0.009017482079
72368	0.0008821191479
72369	0.0001701292975
72370	0.01539676156
72371	0.002436916953
72372	0.001615466462
72373	0.0007818025861
72374	0.00765708383
72375	0.0008492506746
72376	0.007193724314
72377	0.001350481265
72378	0.006823225117
72379	0.002568359028
72380	0.001539098428
72381	0.004245225675
72382	0.001290753488
72383	0.004056807855
72384	0.01098124554
72385	0.01028799394
72386	0.003523891256
72387	0.004391526936
72388	0.0002287463708
72389	0.007708155718
72390	0.002471521467
72391	0.0125647445
72392	0.00248969323
72393	0.003735397342
72394	0.006577622875
72395	0.004580201467
72396	0.0004690126362
72397	0.004520522294
72398	0.005038470361
72399	0.0121469825
72400	0.005980615496
72401	7.637759296e-05
72402	0.004671921058
72403	0.003879903959
72404	0.001415521766
72405	0.004004521703
72406	0.01182635651
72407	0.003094425701
72408	0.006187808098
72409	0.01015302024
72410	0.01404275171
72411	0.01015547409
72412	6.185415654e-05
72413	0.01368222366
72414	0.01247312523
72415	0.02138455362
72416	0.00252063861
72417	0.017621873
72418	0.005045912692
72419	0.001877623436
72420	0.01218149238
72421	0.01348220483
72422	0.003143859503
72423	0.0006507976512
72424	0.02573484806
72425	0.008650680416
72426	0.007028704576
72427	0.0003050859317
72428	0.001820495095
72429	0.008497078264
72430	0.003688382926
72431	0.000600810237
72432	0.001025886615
72433	0.01865048494
72434	0.002660205324
72435	0.005339825805
72436	0.007199451867
72437	0.00238824096
72438	0.003502537434
72439	0.007687959919
72440	0.0004507080871
72441	0.007700620949
72442	0.00857470218
72443	0.01079607227
72444	0.005091015125
72445	0.001663569689
72446	0.002375361456
72447	0.008054570599
72448	0.003240633593
72449	0.002065350563
72450	0.0102371172
72451	0.006147464842
72452	0.01358617133
72453	0.01068543197
72454	0.01470578665
72455	0.007183518286
72456	0.006069419765
72457	0.006372561803
72458	0.01093416353
72459	0.008206152336
72460	0.004775452021
72461	1.928247821e-06
72462	0.0004590829811
72463	0.004789997058
72464	0.007169357349
72465	0.008069037838
72466	0.00578065385
72467	0.009209134315
72468	0.008025221363
72469	0.0250484039
72470	0.006186501797
72471	0.003053612462
72472	0.00469535667
72473	0.002746844341
72474	0.004392277071
72475	0.01242774092
72476	0.0009675833103
72477	0.004692385066
72478	0.0009366892787
72479	0.006792925125
72480	0.001942680316
72481	3.601467747e-05
72482	0.01154602121
72483	0.01155872239
72484	0.00186445909
72485	0.003326938821
72486	0.0002378945804
72487	0.00314312883
72488	0.003166422521
72489	0.01351869937
72490	0.007704307847
72491	0.01821064118
72492	0.01258265969
72493	0.002867882397
72494	0.004594071815
72495	0.01395403657
72496	0.007704982298
72497	0.006937496959
72498	0.0154280186
72499	0.00421024356
72500	0.0009778055157
72501	0.007533678634
72502	0.008349996168
72503	0.01464941905
72504	0.003379183983
72505	0.002320973476
72506	0.00159857943
72507	0.0001985107271
72508	0.0005433888254
72509	0.008177589789
72510	0.007134435982
72511	0.008850754263
72512	0.008216654303
72513	0.002913179124
72514	0.002723860039
72515	0.01222906473
72516	0.004982140804
72517	3.320149922e-05
72518	0.004112041198
72519	0.003316066034
72520	0.0006365361067
72521	0.00584886833
72522	0.01495075799
72523	0.01354180856
72524	0.01325267817
72525	0.004683123647
72526	0.003361134336
72527	0.003083333674
72528	0.01099197255
72529	0.008440819041
72530	0.02435110754
72531	0.005861296004
72532	0.001477597378
72533	0.001170884733
72534	0.00170437743
72535	0.01294394894
72536	0.003934116036
72537	0.0001858628046
72538	0.01114345062
72539	0.007568994417
72540	0.0002874056838
72541	0.00206502375
72542	0.001344404482
72543	0.003127778904
72544	0.001530965122
72545	0.002107450676
72546	0.002918494395
72547	0.001965829966
72548	0.0001399360904
72549	0.009692935058
72550	0.002256685751
72551	0.003310092128
72552	0.001442390114
72553	0.002689860376
72554	0.01113978034
72555	0.00485141358
72556	0.007076609195
72557	0.003914835231
72558	0.01774121923
72559	0.01355276852
72560	0.003073370927
72561	0.006640641119
72562	0.002223146137
72563	0.0006838169864
72564	0.005488451172
72565	0.00758245482
72566	0.001642880046
72567	0.006650631485
72568	0.003518908344
72569	0.007885821826
72570	0.004028276688
72571	0.006335780825
72572	0.00781138875
72573	0.001774013876
72574	0.008923904705
72575	0.007806108543
72576	0.01292652545
72577	0.008514200296
72578	0.0002381080326
72579	0.005825741484
72580	0.0003587513786
72581	0.003860105394
72582	0.00980312255
72583	0.001026640955
72584	0.01042585564
72585	0.003159900765
72586	0.0009284212038
72587	0.0006322401362
72588	0.01635010488
72589	0.02446131144
72590	0.008426863551
72591	0.0008354578717
72592	0.007334495179
72593	0.003716526651
72594	0.008136836472
72595	0.002587423236
72596	0.007772142914
72597	0.00680328365
72598	0.00285773411
72599	0.007080960807
72600	0.01006320815
72601	0.004153806101
72602	0.006392302931
72603	0.00901189061
72604	0.01645983278
72605	0.008182650655
72606	0.006636792874
72607	0.0007585900809
72608	0.002057489215
72609	0.006667530357
72610	0.00966746238
72611	0.001471382957
72612	0.004060066987
72613	0.009105679417
72614	0.0007699305215
72615	0.004497538619
72616	0.005605964901
72617	0.007349739228
72618	0.006189035361
72619	0.005737537787
72620	0.001872709371
72621	0.001652623642
72622	0.0006524018021
72623	0.01078303596
72624	0.001858553881
72625	0.00961429254
72626	0.001547243088
72627	0.003382450212
72628	0.007757634813
72629	0.009363517908
72630	0.005249133059
72631	0.009525126314
72632	0.0209380285
72633	0.005981361763
72634	0.004737474412
72635	0.01065627082
72636	0.01705909852
72637	0.01659876972
72638	0.0006322279465
72639	0.007680549084
72640	0.004936816369
72641	0.002455793076
72642	0.003586098919
72643	0.01242025398
72644	0.01797812241
72645	0.008724562605
72646	0.0006291066013
72647	0.006512545231
72648	4.344528566e-05
72649	0.002363606727
72650	0.001248463264
72651	0.0005516161678
72652	0.01233748644
72653	0.001233227822
72654	0.01122959635
72655	0.008496040845
72656	0.002558621392
72657	0.004153216585
72658	0.0006481705434
72659	0.01575057606
72660	0.004281880744
72661	0.001058325072
72662	0.003926934526
72663	0.006479416118
72664	0.008267332592
72665	0.009472616933
72666	0.001227875958
72667	0.003002412703
72668	0.003193007844
72669	0.007157199048
72670	0.001543088166
72671	0.01209801508
72672	0.01152547802
72673	0.004423945064
72674	0.00449108435
72675	0.007568492246
72676	0.005790227883
72677	0.002430925551
72678	0.001655656965
72679	0.0004952262215
72680	0.003976720395
72681	0.0003353709262
72682	0.0006225115139
72683	0.001614443221
72684	0.0008477855028
72685	0.0001071143151
72686	0.004359588501
72687	0.003091820393
72688	0.009568858599
72689	0.0190285328
72690	0.009354504116
72691	0.0006944606194
72692	0.002606706637
72693	0.001752969855
72694	0.005748649513
72695	0.001219679776
72696	0.004509197475
72697	0.002310605028
72698	0.005181211459
72699	0.004263390694
72700	0.005816424888
72701	0.01012801276
72702	0.005717088046
72703	0.005475965144
72704	0.01549230475
72705	0.009047793245
72706	0.0002283577931
72707	0.01085538521
72708	0.004317645323
72709	0.0008322285369
72710	9.07573106e-05
72711	0.007178908743
72712	0.0007111857418
72713	0.005147632603
72714	0.02230617408
72715	0.002428236517
72716	0.002024426156
72717	0.007278756567
72718	5.493569675e-05
72719	0.006040622343
72720	0.01036317719
72721	0.005479041542
72722	0.002683858841
72723	0.01645832928
72724	0.02792573121
72725	0.002307645663
72726	0.007087636925
72727	0.009945692251
72728	0.01232679324
72729	0.004069835103
72730	0.004102290064
72731	0.005613306884
72732	0.007421057323
72733	0.002039317576
72734	0.0008655609022
72735	0.001919620014
72736	0.007278089971
72737	0.00458702025
72738	0.005079215909
72739	0.004996740204
72740	0.002180951184
72741	0.003434535508
72742	0.001029450396
72743	0.006743716484
72744	0.00870574595
72745	0.003289503701
72746	0.002476612463
72747	0.009226609567
72748	0.003295485423
72749	0.006132220799
72750	0.00157325867
72751	0.002631097977
72752	0.00874426386
72753	0.006439699796
72754	0.003971532702
72755	0.01220632145
72756	0.002295509987
72757	0.001161706157
72758	0.003859633816
72759	0.01373150454
72760	0.005750812747
72761	0.01180221106
72762	0.01253898486
72763	0.006609059925
72764	0.002006908324
72765	0.01818902165
72766	7.082505056e-05
72767	0.001319687457
72768	0.001141458629
72769	0.002438940559
72770	0.008938942012
72771	0.0009998809252
72772	0.004913471237
72773	0.0007288862562
72774	0.021769283
72775	0.001861835906
72776	0.000256180365
72777	0.01568931392
72778	0.01074183942
72779	0.004774860224
72780	0.00959618587
72781	0.006139361115
72782	0.004320197022
72783	0.004906210062
72784	0.003178913101
72785	0.002199113856
72786	0.01384035304
72787	0.008841987627
72788	0.01267771928
72789	0.007600307698
72790	0.002176970012
72791	0.003158610945
72792	0.001836925921
72793	0.004877993294
72794	0.01007010134
72795	0.006910835582
72796	0.003875678316
72797	0.007969278323
72798	0.003839072838
72799	0.0002680859413
72800	0.008787880044
72801	0.004007735504
72802	0.005753813097
72803	0.002580130092
72804	0.0008108369014
72805	0.001661770064
72806	0.001881778794
72807	0.004184861657
72808	0.008816606345
72809	0.002474410221
72810	0.004963320331
72811	0.01996514354
72812	0.0008163730594
72813	0.003094610901
72814	0.003696048318
72815	0.01664219222
72816	0.00297813903
72817	0.009151540325
72818	0.01859507698
72819	0.002364456841
72820	0.001387785525
72821	0.01235013189
72822	0.003157125697
72823	0.00610476656
72824	0.004605465923
72825	0.004503392846
72826	0.0009437573144
72827	0.007982493915
72828	0.00521017865
72829	0.0008408677134
72830	0.001538301978
72831	0.01315708905
72832	0.0136523213
72833	0.002626605326
72834	0.009144272217
72835	0.0129822765
72836	0.009743192634
72837	0.001250281382
72838	0.00229801213
72839	0.005072036387
72840	0.001309454571
72841	0.002051179341
72842	0.00750642231
72843	0.009694076024
72844	0.01002373189
72845	0.0003943358577
72846	0.004045731655
72847	0.002451713788
72848	0.0007700160304
72849	0.01538198514
72850	0.002837468182
72851	0.002424170093
72852	0.0002408990104
72853	0.01195119425
72854	0.006591726061
72855	0.001298842507
72856	0.002584891806
72857	0.008039882285
72858	0.007829263971
72859	0.01140813474
72860	0.01766825421
72861	0.0002388343891
72862	6.419257268e-05
72863	0.001467193075
72864	0.003380908009
72865	0.0002576642591
72866	0.004750041589
72867	0.01544218756
72868	0.002514495864
72869	0.004378632857
72870	0.0002396621296
72871	0.006827461731
72872	0.001422127125
72873	0.0111560786
72874	0.007938318969
72875	0.005368758538
72876	0.003055671517
72877	0.0003862793534
72878	0.0001419039777
72879	0.0004489809311
72880	0.008708978257
72881	0.009144347385
72882	0.001628487834
72883	0.01326189116
72884	0.002706249041
72885	0.008527399405
72886	0.003452177676
72887	0.004528417987
72888	0.01103116839
72889	0.006465818237
72890	0.007165991972
72891	0.0009275397056
72892	0.005220697144
72893	0.002610159868
72894	3.859629375e-05
72895	0.01655608428
72896	0.003842121321
72897	0.001811241777
72898	0.0006278137821
72899	0.009403872274
72900	0.005620493137
72901	0.002155879641
72902	0.0004088608655
72903	0.002985140328
72904	0.002045590282
72905	0.004824960441
72906	0.01015548388
72907	0.008004852583
72908	0.004635596648
72909	0.00263388962
72910	0.003988968007
72911	0.007967896613
72912	0.002464518702
72913	0.004091051393
72914	0.01103601603
72915	0.0006324871227
72916	0.00653447356
72917	0.001174829847
72918	0.007059854327
72919	0.001171913959
72920	0.006566251699
72921	0.001079042695
72922	0.006850002382
72923	0.01215905728
72924	0.005943659101
72925	0.001462037177
72926	0.0102087448
72927	0.01445079588
72928	0.0008162974283
72929	0.001699872811
72930	0.004448995221
72931	0.0007436876709
72932	0.01530301592
72933	0.001388612149
72934	0.01332732403
72935	0.007613357387
72936	0.01161245326
72937	0.0006032854811
72938	0.007570740217
72939	0.0002302157493
72940	0.009563708126
72941	0.007456136194
72942	0.003589302716
72943	0.0001361917405
72944	0.004659717873
72945	0.004117271676
72946	0.0002355662406
72947	0.004595102994
72948	0.002618295141
72949	0.008106731709
72950	0.005162416958
72951	0.002169860639
72952	0.01454234219
72953	0.0120025853
72954	0.005466119041
72955	0.008202970964
72956	0.003243088771
72957	0.008687314993
72958	0.0005726079971
72959	0.004872874343
72960	0.0158051594
72961	0.01568961844
72962	0.006003818146
72963	0.008234919401
72964	0.002305824682
72965	0.005363436079
72966	3.001492172e-05
72967	0.006094799899
72968	0.0009054493597
72969	0.00339172428
72970	0.0154932943
72971	0.0007488705199
72972	0.004659135763
72973	0.01055200443
72974	0.001212549855
72975	0.006309770847
72976	0.002370451491
72977	0.002454209406
72978	0.003070733952
72979	0.0066261828
72980	0.007113745873
72981	0.01237967816
72982	0.001576995081
72983	4.578559814e-05
72984	0.003089392725
72985	0.0137922183
72986	0.007254644584
72987	0.001563167199
72988	0.002324770608
72989	0.01483844907
72990	0.005159795574
72991	0.004380693825
72992	0.005400868959
72993	0.003458980273
72994	0.0180953101
72995	0.00796922437
72996	0.01285718726
72997	0.002388412322
72998	0.00653321749
72999	0.007614866411
73000	0.01017223708
73001	0.002023608428
73002	0.00269827498
73003	0.01179374976
73004	0.008781175797
73005	0.000203346814
73006	0.0007785076429
73007	0.0004414797145
73008	0.007579216407
73009	0.00426682072
73010	0.001971691044
73011	0.002776130037
73012	0.008414460499
73013	0.00440811725
73014	0.005568558069
73015	0.002509830291
73016	0.00487338919
73017	0.0004512260469
73018	0.00472401324
73019	0.01230396549
73020	0.002906999676
73021	0.009633345366
73022	0.003558791199
73023	0.006303357692
73024	0.003625434597
73025	0.003105651311
73026	0.01634878553
73027	0.0004200384701
73028	0.01200601051
73029	0.003182582232
73030	0.0001747712986
73031	0.01323145555
73032	0.01781778683
73033	0.01374022693
73034	0.006419274496
73035	0.01419227475
73036	0.004815458255
73037	0.0007957880638
73038	0.007279157264
73039	0.001420654664
73040	0.01817258713
73041	0.01453241773
73042	0.008443821112
73043	0.01857469218
73044	0.01838215309
73045	0.006012881858
73046	0.01491297479
73047	0.0003846192676
73048	1.707477509e-05
73049	8.418905932e-05
73050	0.0003251533328
73051	0.003541834059
73052	0.00288859027
73053	0.002468357685
73054	0.009180821918
73055	0.001123791056
73056	0.01088639761
73057	0.009584547354
73058	0.0007288840907
73059	0.0002141251163
73060	0.0001535361302
73061	0.002509898316
73062	0.0002410182087
73063	0.005548622802
73064	0.002066513017
73065	0.005520854061
73066	0.00334788676
73067	0.00421317839
73068	4.787327913e-05
73069	0.006530079671
73070	0.001532859715
73071	0.008470945066
73072	0.002678171276
73073	0.01888143226
73074	0.002184434652
73075	0.01334793435
73076	0.0005436692106
73077	0.001253958018
73078	0.0008342159786
73079	0.000169118509
73080	0.001143472131
73081	0.002767829981
73082	0.005000013565
73083	0.006968388272
73084	0.01703032958
73085	0.003325015924
73086	0.003550795393
73087	0.001872302893
73088	0.01069539166
73089	0.008611016083
73090	0.007959619158
73091	0.003691473174
73092	0.006362258981
73093	0.01191068405
73094	0.01502238248
73095	0.00548076918
73096	0.004791102102
73097	0.0107349878
73098	0.009449222778
73099	0.007804120169
73100	0.0003654095237
73101	0.001425309565
73102	0.001195966873
73103	0.0036024452
73104	0.002735768896
73105	0.00106819019
73106	0.0009580999559
73107	0.007451012296
73108	0.01296448311
73109	0.001054538459
73110	0.01632082457
73111	0.01508376286
73112	0.002384376945
73113	0.01524340318
73114	0.004181953785
73115	0.004397137984
73116	0.006577261022
73117	0.002692390869
73118	0.01120629321
73119	0.0104684616
73120	0.002498956075
73121	0.003616255935
73122	0.01465702728
73123	0.006804836285
73124	0.004705691261
73125	0.01755813425
73126	0.004841080705
73127	0.01557226247
73128	0.002658262009
73129	0.01024529782
73130	0.007119169284
73131	0.006119004181
73132	0.005075486898
73133	0.006164693206
73134	0.002124048992
73135	0.0009046322764
73136	0.01783311032
73137	0.001064432929
73138	0.007597091576
73139	0.001224963099
73140	0.01097213751
73141	0.008341602281
73142	0.001773145042
73143	0.001188307568
73144	0.00572665673
73145	0.007054742268
73146	0.003536285153
73147	0.0004504552661
73148	0.004442358761
73149	0.01452113362
73150	0.004630324522
73151	0.002093549351
73152	0.01105226876
73153	0.006752416742
73154	0.0009178258683
73155	0.008024915565
73156	0.001434967069
73157	0.005330296201
73158	0.005181976791
73159	0.01224039411
73160	0.0005982555204
73161	0.002816440737
73162	0.003805224628
73163	0.007625984768
73164	0.008823003609
73165	0.003473852942
73166	6.388307398e-05
73167	0.01244298776
73168	0.0006301388124
73169	0.005931242499
73170	0.001244618215
73171	0.003066891991
73172	0.00200131081
73173	0.0117741334
73174	0.00761184558
73175	0.01013829488
73176	0.003227752848
73177	0.002923742017
73178	0.000969995559
73179	0.005521831588
73180	0.008320804145
73181	0.001970036685
73182	0.006271422371
73183	0.006795834501
73184	0.00892029852
73185	0.01003535156
73186	0.00302622994
73187	0.003612103858
73188	0.002851322733
73189	0.005863215381
73190	0.005625201561
73191	0.005071095678
73192	0.004606993854
73193	0.0077746726
73194	0.001235447859
73195	0.001378154306
73196	0.004031371457
73197	0.00868779333
73198	0.01421511598
73199	0.01181352409
73200	0.003955359008
73201	0.0008280427386
73202	0.01665300338
73203	0.006926204037
73204	0.01601341541
73205	0.007854384069
73206	0.01315675588
73207	0.0001153618767
73208	0.004553152722
73209	0.000313199537
73210	0.00402903764
73211	0.00405458903
73212	0.0025172901
73213	0.003459602766
73214	0.004557422145
73215	0.005112636119
73216	7.510095907e-06
73217	0.006733033237
73218	0.003488489537
73219	0.0002035942071
73220	0.005779289494
73221	0.008302268085
73222	6.12268431e-05
73223	0.001785974716
73224	0.004458121661
73225	0.0003060774275
73226	0.002481648492
73227	0.008728160476
73228	0.004061418304
73229	0.002953409361
73230	0.001197186049
73231	0.009417744541
73232	0.0002404306914
73233	0.01050677552
73234	0.001432177712
73235	0.005778236751
73236	0.008884466821
73237	0.009823549871
73238	0.005699024958
73239	0.001327144204
73240	0.0205835668
73241	0.009154317746
73242	0.002477812605
73243	0.002432662258
73244	0.003924542252
73245	0.00684070468
73246	0.0006499759523
73247	0.0008775979601
73248	0.007691396655
73249	0.00364053776
73250	0.006003789315
73251	0.008306505295
73252	0.01277777881
73253	0.0005220625941
73254	0.01302660775
73255	0.004380752572
73256	0.001677519487
73257	4.274719984e-05
73258	0.009957415434
73259	0.00212657875
73260	0.01340567206
73261	0.008383284962
73262	0.00685519579
73263	0.01320814918
73264	0.007778476955
73265	0.01118281448
73266	0.002077951172
73267	0.004812260602
73268	0.00364117875
73269	0.00695012996
73270	0.005074436397
73271	0.001197202889
73272	0.01254930716
73273	0.01090316937
73274	8.565297017e-05
73275	0.006334179465
73276	0.004156757922
73277	0.002416932147
73278	0.004033554571
73279	0.005579616726
73280	0.01082132629
73281	0.002487688785
73282	0.01048517332
73283	0.0003453669555
73284	0.0002732416675
73285	0.01230527738
73286	0.002309146237
73287	0.005953499028
73288	0.0009580619606
73289	0.003740153232
73290	0.002360087731
73291	0.001514232156
73292	0.01781797345
73293	0.01400589213
73294	0.0002979950875
73295	0.002371936107
73296	0.0002514731249
73297	0.004760043064
73298	0.02143601668
73299	0.004328176654
73300	0.002301154652
73301	4.903686821e-05
73302	0.006111280524
73303	0.00498174985
73304	0.004177483042
73305	0.004375640891
73306	0.007381943702
73307	0.01080774792
73308	0.0001058794216
73309	0.006136257455
73310	0.002222638792
73311	2.01186662e-07
73312	0.008054559276
73313	0.002871050501
73314	0.02219423894
73315	4.407145e-05
73316	0.002362614553
73317	0.0009656076029
73318	0.00304035376
73319	7.033218079e-05
73320	0.003310661562
73321	0.007119873316
73322	0.0004646476759
73323	0.005616687806
73324	0.01573605699
73325	0.005548012736
73326	0.003220405715
73327	0.003229421638
73328	0.001429491153
73329	0.01131867064
73330	0.001764089855
73331	0.002941098356
73332	0.000402814595
73333	0.003004794606
73334	0.005606401381
73335	0.005318299415
73336	0.01032680877
73337	0.00592294898
73338	0.002393643329
73339	0.003512215097
73340	0.001727757207
73341	0.01035567063
73342	0.002539121216
73343	0.0004286353501
73344	0.003597170184
73345	0.0001831225042
73346	0.0009112833755
73347	0.008416197309
73348	0.003579349961
73349	0.005207501493
73350	0.01024928159
73351	0.002180338464
73352	0.005600015522
73353	0.02188163569
73354	0.01003822538
73355	0.005925931723
73356	0.008956430407
73357	0.02355518373
73358	0.0003889005911
73359	0.003692414382
73360	0.01445080888
73361	0.003414823147
73362	0.00801585812
73363	0.0002790738503
73364	0.01451184752
73365	0.01239864305
73366	0.005833532375
73367	0.005677271167
73368	0.0006600585662
73369	0.006007105453
73370	0.01019748346
73371	0.000425188292
73372	0.005020952834
73373	0.003718060117
73374	0.003043150641
73375	0.008076544308
73376	6.722761765e-05
73377	0.003634932572
73378	0.0004975776899
73379	0.01084316975
73380	0.002648301683
73381	0.01112683444
73382	0.0008543349
73383	0.001206268757
73384	0.001687121053
73385	0.006430230238
73386	0.00606085486
73387	0.002596337934
73388	0.01218974746
73389	9.966729854e-05
73390	0.008823037806
73391	0.000338041431
73392	0.01182661432
73393	0.007776750603
73394	0.003909444508
73395	0.0001778605258
73396	0.001447888828
73397	0.002932175234
73398	0.005414834976
73399	0.001024150787
73400	0.005809242087
73401	0.001773368605
73402	0.001966867683
73403	0.0027886552
73404	0.0005507946713
73405	0.01072692031
73406	0.005513027565
73407	0.01718714453
73408	0.009628181935
73409	0.002458112063
73410	0.002675056498
73411	0.007675901576
73412	0.001805876465
73413	0.006210342349
73414	0.003684163074
73415	0.008267138286
73416	0.02209205439
73417	0.003127648303
73418	0.000812260789
73419	0.004189056142
73420	0.005278822185
73421	0.005123659318
73422	0.01768802736
73423	0.002304849899
73424	0.002755700452
73425	0.0007267344891
73426	0.001238751715
73427	0.0006276680159
73428	0.003923845084
73429	0.004592723357
73430	0.003470387686
73431	0.0007807287393
73432	0.009656227267
73433	0.001398567603
73434	0.01566371707
73435	0.02165372702
73436	0.00917480986
73437	0.005262831454
73438	0.007122850314
73439	0.006508047525
73440	0.005722555064
73441	0.001346972402
73442	0.004129964771
73443	0.007138523915
73444	0.01137914679
73445	0.00734935395
73446	0.006646423234
73447	0.004936020284
73448	0.01187484097
73449	0.006989531837
73450	0.0101807628
73451	0.0007393598653
73452	0.002296276954
73453	0.004130366575
73454	0.005518534076
73455	0.002612803449
73456	0.0014435319
73457	0.01040064772
73458	0.002480844751
73459	0.01349700071
73460	0.0003417261103
73461	0.02177205869
73462	0.001321301577
73463	0.004568712048
73464	0.01017965923
73465	0.003070292884
73466	0.004760550562
73467	0.009758622141
73468	0.00164282864
73469	0.007559148548
73470	0.0002451405346
73471	0.003591627446
73472	0.008975143582
73473	0.0009342460479
73474	0.01694478463
73475	0.00230661576
73476	0.0005033503895
73477	0.002180029985
73478	0.0001196741444
73479	0.001767535273
73480	0.01100830737
73481	0.001306092887
73482	0.000384265786
73483	0.001976201091
73484	0.005646402965
73485	0.0006094055082
73486	0.003715883896
73487	0.0007229019025
73488	0.004396301955
73489	0.00319101312
73490	0.0108333525
73491	0.01780044004
73492	0.002347852847
73493	0.001005031834
73494	0.002764884525
73495	0.003239132015
73496	0.0003425329327
73497	0.008735003964
73498	0.002980018338
73499	0.006366362088
73500	0.00199609541
73501	0.007347277005
73502	0.003258381327
73503	0.005686221504
73504	0.01103330476
73505	0.008503055579
73506	0.004860636813
73507	0.0001483884965
73508	0.004783108928
73509	0.0001315200845
73510	0.004914173771
73511	0.01330858101
73512	0.01118837991
73513	0.01144362529
73514	0.009148903725
73515	0.0001773750621
73516	0.005809539083
73517	0.007564503109
73518	0.002463219878
73519	0.01138135499
73520	0.003039833495
73521	0.006469146013
73522	0.001861770555
73523	0.01395905073
73524	0.006035219307
73525	0.0005578375794
73526	0.00307790065
73527	0.007590952923
73528	0.005251618279
73529	0.008457272206
73530	0.01024068609
73531	0.0007616236312
73532	0.005134856068
73533	0.007195707729
73534	0.004959850618
73535	0.005175675062
73536	0.01038066054
73537	0.002625167146
73538	0.0109575936
73539	0.002466730478
73540	0.004230367336
73541	0.01235922517
73542	0.001904077854
73543	0.003504328848
73544	0.01858540032
73545	0.005284292011
73546	0.007319340234
73547	0.004446790464
73548	0.002479776091
73549	0.01804564556
73550	0.004045617444
73551	0.0004263294839
73552	0.001026543509
73553	0.01548729945
73554	0.003919189703
73555	0.005221451
73556	0.008371631464
73557	0.01225506914
73558	0.01067748655
73559	0.005049634626
73560	0.008790595199
73561	0.002881749537
73562	0.001355057526
73563	0.005990504265
73564	0.006897366793
73565	0.01571401701
73566	0.01037026078
73567	0.009207737842
73568	0.002086167835
73569	0.007095801252
73570	0.01268805664
73571	0.01004335362
73572	0.00908383791
73573	0.002750895675
73574	0.003881731937
73575	0.01077105115
73576	0.01033789958
73577	0.0006714536136
73578	0.002033176833
73579	0.01383141273
73580	8.578859868e-05
73581	0.003277940598
73582	0.0008667182832
73583	0.001053450114
73584	0.006503548818
73585	0.009691327598
73586	0.001195646913
73587	0.003463022643
73588	0.001519582772
73589	0.001588197325
73590	0.0008799247967
73591	0.014509849
73592	0.001380830269
73593	0.0002778218968
73594	0.0005872873093
73595	0.002127287503
73596	0.0002961959377
73597	0.005903573785
73598	0.001737969142
73599	0.003885019307
73600	0.0009084216376
73601	0.003861423371
73602	0.001845662044
73603	0.0006820981569
73604	0.006418295162
73605	0.01041548102
73606	0.01084337126
73607	0.00427892447
73608	0.005797020897
73609	0.002091717256
73610	0.01051592687
73611	0.01110724998
73612	0.005295331282
73613	0.01603156229
73614	0.002299738114
73615	0.005667573484
73616	0.0001252400843
73617	0.002655201521
73618	0.002415122401
73619	0.002947615349
73620	0.007382132239
73621	0.01185353827
73622	0.0004478198586
73623	0.02068640382
73624	0.01572017881
73625	0.003881694251
73626	0.0058757444
73627	0.001768521353
73628	0.00443918103
73629	0.003179498207
73630	0.003466923327
73631	0.007623632856
73632	0.002328243391
73633	0.004769797031
73634	0.01371686247
73635	0.00154934633
73636	0.006459965127
73637	0.0002015054625
73638	0.003933968322
73639	0.006059416836
73640	0.003008594509
73641	0.00533324693
73642	0.005567747105
73643	0.005858313702
73644	0.00490831319
73645	0.01325813451
73646	0.001835876338
73647	0.004319280372
73648	0.01140846388
73649	0.008046719201
73650	0.003830424124
73651	0.006995148888
73652	0.001090786313
73653	0.001043571776
73654	0.007216812022
73655	0.002179393561
73656	0.003774144304
73657	0.003627399633
73658	0.008027949236
73659	0.007145690357
73660	0.004527286862
73661	0.00234669758
73662	0.001601388902
73663	0.001898280373
73664	0.001290205146
73665	0.002471808505
73666	0.0009139712368
73667	0.002385074154
73668	0.002696334426
73669	0.008301206912
73670	0.004544638918
73671	0.01444998316
73672	0.001243955336
73673	0.001246739418
73674	0.001386990695
73675	0.003863879674
73676	0.002149128767
73677	0.0006668855697
73678	5.496157903e-05
73679	0.004333899612
73680	0.00790510038
73681	0.005631060355
73682	0.01498789048
73683	0.001692790565
73684	0.0002844098262
73685	0.0004584275027
73686	0.007245913619
73687	0.0005374424576
73688	0.002551018056
73689	0.001988391774
73690	0.009277756372
73691	0.004038442507
73692	0.001743924938
73693	0.009271262213
73694	0.01247520044
73695	0.0007450146035
73696	0.007067095485
73697	0.005253562297
73698	0.003023322219
73699	0.004392561075
73700	0.01246002285
73701	0.001233656727
73702	0.01229843193
73703	0.01642747687
73704	0.007020529635
73705	0.01962728758
73706	0.00657794551
73707	0.0007085433938
73708	0.003225434748
73709	0.006533751572
73710	0.0002333324159
73711	0.0006460734976
73712	0.005333460313
73713	0.002398037312
73714	0.001199914507
73715	0.005423452239
73716	0.00620678504
73717	0
73718	0.0005311203691
73719	0.01715901712
73720	0.008321107754
73721	0.01196827298
73722	0.01209144483
73723	0.03204282009
73724	0.006354064128
73725	0.002501593723
73726	0.000363898331
73727	0.0006387335977
73728	0.01164624639
73729	0.000975780719
73730	0.004138254552
73731	0.005524735412
73732	0.006250422011
73733	0.01404060549
73734	0.01387300761
73735	0.005710707112
73736	0.007474363852
73737	0.003627368325
73738	0.01555296155
73739	0.01668064513
73740	0.001588563304
73741	0.005819770639
73742	0.006627002168
73743	0.006616121127
73744	0.006534119477
73745	0.001535511307
73746	0.009318497904
73747	0.007210976507
73748	0.00341622012
73749	0.008444433235
73750	0.0006665527664
73751	0.002015682565
73752	0.007352840504
73753	0.002136941575
73754	0.002277750411
73755	0.01724570627
73756	0.002287392374
73757	0.007186346793
73758	0.007931734886
73759	0.01335710274
73760	0.008328778903
73761	0.0105615047
73762	0.01105437727
73763	0.00313780179
73764	0.001288843289
73765	0.006818159827
73766	0.007108722636
73767	0.006730543874
73768	0.01015695984
73769	0.007090445284
73770	0.009819555461
73771	0.00122331419
73772	0.001788307886
73773	0.003033664476
73774	0.0210503448
73775	0.001798745073
73776	0.01057148867
73777	0.0007192903255
73778	0.00619438191
73779	0.0009380743471
73780	0.00146801962
73781	0.009411399121
73782	0.0111591583
73783	0.001450622355
73784	0.004226930826
73785	0.004524190087
73786	0.01551261163
73787	0.001459318495
73788	0.005915098102
73789	0.01823901632
73790	0.01327342346
73791	0.01927248493
73792	0.006285722991
73793	0.00550571161
73794	0.01266751862
73795	0.007974178197
73796	0.003429694402
73797	0.01180164287
73798	0.007800004311
73799	0.004909243733
73800	0.006293789149
73801	0
73802	0.01048919893
73803	0.008280741075
73804	0.007728353964
73805	0.009545649993
73806	0.009527503174
73807	0.008336052163
73808	3.874769454e-05
73809	0.001298910907
73810	0.004661168048
73811	0.0006533574868
73812	0.0002499139978
73813	0.001438583399
73814	0.001109412228
73815	0.002862590508
73816	0.0006058400707
73817	0.003197106979
73818	0.01450662055
73819	0.01225221976
73820	0.001902549973
73821	0.008738815228
73822	0.0009959992186
73823	0.00361728035
73824	0.0008876497321
73825	0.007239124386
73826	0.009288023073
73827	0.005531927513
73828	0.01904983509
73829	0.0002118280965
73830	0.01307372595
73831	0.001219912427
73832	0.001947750764
73833	0.001543386832
73834	0.0003673438688
73835	0.01519340784
73836	0.0002765206425
73837	0.01177667135
73838	0.003271719884
73839	0.01355860366
73840	0.003060572448
73841	0.008819534554
73842	0.008460098561
73843	0.009973047977
73844	0.003206123988
73845	0.00307610217
73846	0.01073542346
73847	0.001394779087
73848	0.001406933652
73849	0.0152343739
73850	0.00134204656
73851	0.02533790803
73852	0.01798346115
73853	0.001547622509
73854	0.006301862583
73855	0.01179948285
73856	0.005848170343
73857	0.009653929281
73858	0.0003454015702
73859	0.002974285694
73860	0.003720550102
73861	0.0007657215465
73862	0.01830356725
73863	0.01254227443
73864	0.003426936044
73865	0.007347373846
73866	0.0006287313742
73867	0.007090434812
73868	0.0004419649924
73869	0.0009832671019
73870	0.003313500416
73871	0.009225272647
73872	0.0005648763845
73873	0.001202157063
73874	0.005686108123
73875	0.007900173064
73876	0.004786990876
73877	0.004466005245
73878	0.01115765127
73879	0.009328951354
73880	0.001527124008
73881	0.001716108051
73882	0.003450879199
73883	0.0005145186256
73884	0.003822091878
73885	0.01678093702
73886	0.003577735646
73887	0.008735718083
73888	0.004065790309
73889	0.005078224932
73890	0.01731440176
73891	0.003906035821
73892	0.008982941717
73893	0.0001333263785
73894	0.0118482873
73895	0.002565495041
73896	0.003947538733
73897	0.001874225031
73898	0.006518879316
73899	0.006073509598
73900	0.003075582865
73901	0.003893694273
73902	0.005307972267
73903	0.003359465301
73904	0.004719969931
73905	0.005436769402
73906	0.001426456088
73907	0.001920371707
73908	0.001330824241
73909	0.002122081786
73910	0.01621613308
73911	0.001648477352
73912	0.001718932992
73913	0.003267344062
73914	0.001143509668
73915	0.006191746671
73916	0.002080634196
73917	0.001379289391
73918	0.0118970478
73919	0.00315774249
73920	0.0005463680146
73921	0.003768982069
73922	0.003050928728
73923	0.002201064256
73924	0.002843656471
73925	0.01349205786
73926	0.01372809202
73927	0.01588350649
73928	0.007593038478
73929	0.01163211981
73930	0.002721099461
73931	0.002123641705
73932	0.01340885701
73933	0.001984506151
73934	0.009358013166
73935	0.004834139529
73936	0.003383522556
73937	0.007622532293
73938	0.0008502990081
73939	0.009187739068
73940	0.004818436962
73941	0.00282554301
73942	0.004498571646
73943	0.00308974683
73944	0.001513684374
73945	0.007805351634
73946	0.01007450253
73947	0.01070850662
73948	0.005031583869
73949	0.002633766607
73950	0.01539625141
73951	0.0130376764
73952	0.001877193821
73953	0.0186572142
73954	0.004667817924
73955	0.01367840725
73956	0.01046178108
73957	0.001217647046
73958	0.006556587063
73959	0.009028880637
73960	0.007189116788
73961	0.00070901036
73962	0.02014839709
73963	0.007129956746
73964	0.003544596139
73965	0.01216948193
73966	0.009443843873
73967	0.01604702542
73968	0.004648683354
73969	0.0006258529588
73970	0.002902694994
73971	0.01049377287
73972	0.02043444136
73973	0.0147381061
73974	0.005858347282
73975	0.01102395589
73976	0.00923535079
73977	0.005746771969
73978	0.003170835553
73979	0.0006103221619
73980	0.008500958087
73981	0.005249786606
73982	0.003813615531
73983	0.005354203361
73984	0.008776056247
73985	0.004352978305
73986	0.00290935305
73987	0.007434981725
73988	0.00257608799
73989	0.005359325973
73990	0.002268995839
73991	0.005281842777
73992	0.0003783988497
73993	0.001039179265
73994	0.005819868599
73995	0.01848210884
73996	0.001117490178
73997	0.005842590447
73998	0.005906318821
73999	0.006818518168
74000	0.001784819862
74001	0.0001216902967
74002	0.005206396673
74003	0.004100212831
74004	0.00683847838
74005	0.003594942328
74006	0.01178668753
74007	0.003297651417
74008	0.003561143992
74009	0.006524228802
74010	0.007526683917
74011	0.003044282852
74012	0.01291863204
74013	0.003280134994
74014	0.0007686734823
74015	0.01543982877
74016	0.008061989263
74017	0.002545282915
74018	0.006371245491
74019	0.004589351965
74020	0.01792004541
74021	0.0006409149246
74022	0.004836505849
74023	0.003023141392
74024	0.007007198664
74025	0.001304603434
74026	0.001550997338
74027	0.002239334281
74028	0.004706931115
74029	0.007688543533
74030	0.01231409151
74031	0.002110031414
74032	0.00551321591
74033	0.01168637589
74034	0.01012081792
74035	0.01033704419
74036	0.004511266138
74037	0.000100027716
74038	0.0004733197155
74039	0.002250486907
74040	0.004383796174
74041	0.01583769043
74042	0.0009398602705
74043	0.01130858055
74044	0.004667693091
74045	0.001426590007
74046	0.001394811195
74047	0.008907417709
74048	0.002443940381
74049	0.009717920899
74050	0.001161272089
74051	0.0007139778936
74052	0.008685290485
74053	4.659671582e-05
74054	0.00706972579
74055	0.006259227396
74056	0.003662943906
74057	2.959341571e-06
74058	0.005205619799
74059	0.01111772129
74060	0.004569626211
74061	0.01215333277
74062	0.002568457021
74063	0.0009146989215
74064	0.004184736746
74065	0.01680359485
74066	0.006759190793
74067	0.02130349636
74068	0.001611229737
74069	0.004113747391
74070	0.007480713094
74071	0.002719191861
74072	0.00545381722
74073	0.001733878298
74074	0.015411105
74075	0.01103822388
74076	0.007084825177
74077	0.006827375389
74078	0.01345950087
74079	0.0003358961464
74080	0.002528151067
74081	0.005861078868
74082	0.003279017269
74083	0.003443123509
74084	0.0101562115
74085	0.001725707038
74086	0.004434948487
74087	0.005785528984
74088	0.007506785885
74089	0.0001856355671
74090	0.002962470618
74091	0.003209198662
74092	0.003508717251
74093	0.01117346516
74094	0.003973036737
74095	0.00655962039
74096	0.00800932179
74097	0.01300554246
74098	0.002492128858
74099	0.003651289915
74100	0.01023550917
74101	0.003796347393
74102	0.001009480203
74103	0.001218602089
74104	4.938474512e-05
74105	0.0002618943823
74106	0.0004528475627
74107	0.005917081536
74108	0.005054777463
74109	0.006354879685
74110	0.007837584994
74111	0.003906975001
74112	0.009102345325
74113	0.005336250807
74114	0.007238650175
74115	0.008490330195
74116	0.001308094344
74117	0.006712789384
74118	0.007730154446
74119	0.006170764909
74120	0.002921497007
74121	0.01427396694
74122	0.001506096355
74123	0.004112302139
74124	0.004888402741
74125	0.006606681862
74126	0.01230958179
74127	0.01299926389
74128	0.0004320878234
74129	0.004008127888
74130	0.007180610375
74131	0.0001865436795
74132	0.01888906612
74133	0.003867634583
74134	0.006402967514
74135	0.003517682794
74136	0.003993739532
74137	0.001150312446
74138	0.005688178511
74139	0.003880852346
74140	0.002161784692
74141	0.0009145682862
74142	0.003505383437
74143	0.0003694186094
74144	0.01115451584
74145	0.008317885209
74146	0.001222503556
74147	0.005716696582
74148	0.004112791518
74149	0.009736728109
74150	0.01589906768
74151	0.005430444838
74152	0.001420255935
74153	0.001647390078
74154	0.004575696642
74155	0.007073217897
74156	0.00758338826
74157	0.003823748039
74158	0.003748180585
74159	0.003925080014
74160	0.005353171758
74161	0.002726392807
74162	0.003070383804
74163	0.006029460729
74164	0.009837375896
74165	0.002962615204
74166	0.006452904548
74167	0.007057164711
74168	0.007881761758
74169	0.00228827403
74170	0.007325665302
74171	0.004217256095
74172	0.006436607023
74173	0.003750365828
74174	0.007021869795
74175	0.005210888571
74176	0.007054801108
74177	0.01101347866
74178	0.006161466541
74179	0.004165162957
74180	0.009521276662
74181	0.003913977333
74182	0.01112643292
74183	0.005489159103
74184	0.01324427379
74185	0.002804351688
74186	0.01078559182
74187	0.01153010831
74188	0.01251130945
74189	0.002414070812
74190	0.0006944063033
74191	0.01565650465
74192	0.01018218673
74193	0.000530404318
74194	0.002814469799
74195	9.45043998e-05
74196	0.007124125933
74197	0.003364205814
74198	0.008218344444
74199	0.009104388029
74200	0.02673454531
74201	0.008128814354
74202	0.02391427278
74203	0.01380203664
74204	0.005530589778
74205	0.002532930171
74206	0.004649531492
74207	0.02085328634
74208	0.00538032108
74209	0.0007472600589
74210	0.001927773952
74211	0.01383368402
74212	0.00662389986
74213	0.003200681689
74214	0.005133882385
74215	0.007497871138
74216	0.0007674293226
74217	0.008245976706
74218	0.01353935784
74219	0.005553121216
74220	0.0001274304763
74221	0.01337200203
74222	0.02696781477
74223	0.001488841326
74224	0.001506174452
74225	0.007559207229
74226	0.0009242791497
74227	0.009040519551
74228	0.005674287604
74229	0.0002489122224
74230	0.000871977798
74231	0.00645960416
74232	0.003091996274
74233	0.005566762157
74234	0.00806965732
74235	0.02271598719
74236	0.01720058317
74237	1.203973618e-05
74238	0.01578418772
74239	0.005488530181
74240	0.009051905642
74241	0.000508693209
74242	0.000122067035
74243	0.02002434899
74244	0.003818637982
74245	0.0003191415731
74246	0.004969212138
74247	0.004624873861
74248	0.004661423994
74249	0.000613957274
74250	0.002543780541
74251	0.009051774203
74252	0.001444131187
74253	0.009176250602
74254	0.0004775499323
74255	0.001448821704
74256	0.00884147396
74257	0.005329162602
74258	6.227101165e-05
74259	0.007221028757
74260	0.002182602814
74261	0.01609960378
74262	0.008765298395
74263	0.004276720138
74264	0.001132931787
74265	0.01302684431
74266	0.009506192024
74267	0.003788843915
74268	0.001044478055
74269	0.0005698981508
74270	0.009366234482
74271	0.01868805578
74272	0.01308168899
74273	0.0006694432234
74274	0.008643925882
74275	0.001317434763
74276	0.0003833810077
74277	0.002891075384
74278	0.01148141117
74279	0.006857950252
74280	0.004288185137
74281	0.001957915708
74282	0.004170372881
74283	0.01007917407
74284	0.00121459781
74285	0.005536144568
74286	0.02018424578
74287	0.007842910495
74288	0.008159414688
74289	0.01530509946
74290	0.001143769625
74291	0.001827974574
74292	0.002805063666
74293	0.007787193037
74294	0.007507618466
74295	0.00429636634
74296	0.01065740554
74297	0.01856336157
74298	0.00631096012
74299	0.00467646615
74300	0.003341009027
74301	0.0006789102375
74302	0.0001789659811
74303	0.003225994802
74304	0.002476650163
74305	0.01116460353
74306	0.003588753986
74307	0.008847472611
74308	0.001642152742
74309	0.002558412813
74310	0.01100346137
74311	0.0008515874428
74312	0.005918256026
74313	0.003619598669
74314	0.01161288213
74315	0.004375069159
74316	0.0171697966
74317	0.002333201297
74318	0.003946044927
74319	0.01278448505
74320	0.008833504328
74321	0.0168059613
74322	0.001299740987
74323	0.01428298124
74324	0.009196845446
74325	0.002921387067
74326	0.002559443009
74327	0.006895228525
74328	0.002624054272
74329	0.007384284498
74330	0.01678307349
74331	0.006171838897
74332	0.007404956677
74333	0.01275129561
74334	0.002927634313
74335	0.001387160453
74336	0.00143683498
74337	0.009225538566
74338	0.01065279743
74339	0.002575216843
74340	0.01496182621
74341	0.01138716293
74342	0.01804472229
74343	0.0007721764174
74344	0.01316987231
74345	0.01662173194
74346	0.0001141028839
74347	0.000947329636
74348	0.003345005678
74349	0.0009531033829
74350	0.0003821888113
74351	0.01752693617
74352	0.01699525819
74353	0.004804360997
74354	0.01038809167
74355	0.005880021381
74356	0.004569300158
74357	0.008665591097
74358	0.007000321417
74359	0.00368213144
74360	0.003008401421
74361	0.006828738633
74362	0.002271320159
74363	0.009808021169
74364	0.002499534552
74365	0.007313682395
74366	0.01039567147
74367	0.001603099947
74368	0.0115653624
74369	0.0007206768081
74370	0.002597227428
74371	0.01016702994
74372	0.005775345173
74373	0.005977368916
74374	0.009006563052
74375	0.01828005133
74376	0.009181068028
74377	0.002939131326
74378	0.0007758530738
74379	0.006666861602
74380	0.01171501002
74381	0.002356702591
74382	0.008981045335
74383	0.004698966835
74384	0.01945304704
74385	0.003366278071
74386	0.02136483835
74387	7.297063432e-05
74388	0.0004830857933
74389	0.005663926464
74390	0.003454281025
74391	0.02255093784
74392	0.004468779503
74393	0.00780184695
74394	0.0001962025282
74395	0.01663767739
74396	0.004310736473
74397	0.002109186047
74398	0.001764667348
74399	3.684315506e-05
74400	0.005984679114
74401	0.003412226601
74402	0.0002084742337
74403	0.006487169045
74404	0.006110779423
74405	0.004732807701
74406	0.0001434532786
74407	0.0006954515952
74408	0.009706760469
74409	0.01535111019
74410	0.003974432732
74411	0.006349142522
74412	0.01636440938
74413	0.003557865852
74414	0.00805261495
74415	0.01154129276
74416	0.003917056627
74417	0.01065109476
74418	0.003406046307
74419	0.01144872712
74420	0.002905422928
74421	0.004320478996
74422	0.006662710236
74423	0.002591841706
74424	0.005385771776
74425	0.01487774992
74426	0.006825592514
74427	0.008498061858
74428	0.02279956472
74429	0.01078413523
74430	0.01830230981
74431	0.005960933531
74432	0.002975570751
74433	0.01834456538
74434	0.001068766145
74435	0.0007152302149
74436	0.009458611285
74437	0.002341310648
74438	0.001323457721
74439	0.003468940891
74440	0.003723035481
74441	0.003066806884
74442	0.009474829039
74443	0.01057122327
74444	0.003264055094
74445	0.004898752667
74446	0.009612688038
74447	0.002381694579
74448	0.01855334913
74449	0.01149629429
74450	0.004849282205
74451	0.005596352906
74452	0.01279126471
74453	0.003789554133
74454	0.003246749236
74455	0.004496279875
74456	0.002643236042
74457	0.009570576723
74458	0.00984017642
74459	0.003732067068
74460	0.006978803912
74461	0.01188290996
74462	0.006356424477
74463	0.0133365443
74464	0.002479816187
74465	0.0002985657976
74466	0.003096926105
74467	0.003043187234
74468	0.005808987474
74469	0.008883353326
74470	0.001580049196
74471	0.003106766229
74472	0.005069106739
74473	0.01123242534
74474	0.01046360954
74475	0.002841880533
74476	0.006844530645
74477	0.009181666218
74478	0.0003343369996
74479	0.01395727686
74480	0.0176320857
74481	0.008191786021
74482	0.001092824574
74483	0.004050973174
74484	0.004949927684
74485	0.004925744408
74486	0.006498736816
74487	0.007657966875
74488	0.008825274649
74489	0.01176174953
74490	0.005123006049
74491	0.001070286733
74492	0.01432108805
74493	0.01033333383
74494	0.001517262188
74495	0.01019473031
74496	0.006824335075
74497	0.01106476872
74498	0.01259546962
74499	0.001106937279
74500	0.00962273632
74501	0.008842823615
74502	0.0009194256293
74503	0.00422380692
74504	0.007548892042
74505	0.008108068386
74506	0.002166407859
74507	0.004755641641
74508	0.0009167005794
74509	0.004846314436
74510	0.001366095424
74511	0.00758370017
74512	0.01604654338
74513	0.0144692362
74514	0.001785507788
74515	0.006280309658
74516	0.005373600309
74517	0.002571462555
74518	0.003447267773
74519	0.005982455527
74520	0.002718254208
74521	0.0005756087784
74522	0.01149952523
74523	0.001597758179
74524	0.00405417968
74525	0.00605261124
74526	0.01197807987
74527	0.01384578317
74528	0.004437693534
74529	0.01547033488
74530	0.004149931641
74531	0.001886004268
74532	0.001454914618
74533	0.001334575513
74534	0.009493197669
74535	0.003110652963
74536	0.001546478548
74537	0.005163229922
74538	0.0185347541
74539	0.003764847944
74540	0.007544538628
74541	0.002030878366
74542	0.02079715499
74543	0.02134517078
74544	0.009220366196
74545	0.0003563293817
74546	0.002353944968
74547	0.008570328307
74548	0.001648256228
74549	0.01156892975
74550	0.01459052455
74551	0.005481018045
74552	0.006159631034
74553	0.00292749084
74554	0.004913705057
74555	0.0006035201745
74556	0.003618801064
74557	0.001527698074
74558	0.005301180166
74559	0.007361241555
74560	0.00190998543
74561	0.001173504983
74562	0.004461411878
74563	0.006749579922
74564	0.0009781213672
74565	0.002366482303
74566	0.004071789481
74567	0.006534614387
74568	0.006657270102
74569	0.002311868614
74570	0.005488734367
74571	0.003111399963
74572	0.004802060004
74573	0.01023052714
74574	0.005609488907
74575	0.005503677966
74576	0.0001506533916
74577	0.009049934707
74578	0.004272786079
74579	0.004172513482
74580	0.008344871876
74581	0.003220184563
74582	0.0003413489077
74583	0.007437131057
74584	0.005272038215
74585	0.005205185523
74586	0.002429697956
74587	0.004218063161
74588	0.001128190424
74589	0.001136708777
74590	0.01080513625
74591	0.0007835156
74592	0.002484524435
74593	0.0006249350941
74594	0.001409084064
74595	0.002020977927
74596	0.0003440623416
74597	0.0039882361
74598	0.006669545401
74599	0.003795442516
74600	0.001942311855
74601	0.0002117094277
74602	0.006275371137
74603	0.008790029797
74604	5.370525101e-05
74605	0.02295755581
74606	0.009404565936
74607	0.005965025483
74608	0.002189345407
74609	0.001108816837
74610	0.0006725223973
74611	0.004899680779
74612	0.003659186522
74613	0.000283391431
74614	0.01786995555
74615	0.006946837589
74616	0.005944108472
74617	0.01471639983
74618	0.0137010953
74619	0.005690452113
74620	0.01080724338
74621	0.007338416681
74622	0.01148323755
74623	0.003911042424
74624	0.002438566463
74625	0.003119364196
74626	0.01224131495
74627	0.0008455849943
74628	0.005761867574
74629	0.007193970997
74630	0.0122456406
74631	0.007218802058
74632	0.0004594540572
74633	0.008288274885
74634	0.0004096152429
74635	0.009029839837
74636	0.006143115474
74637	0.0008880880668
74638	0.008165845321
74639	0.0174643154
74640	0.01408657091
74641	0.004123015383
74642	0.01494773575
74643	0.01859797672
74644	0.01497779209
74645	0.001917918446
74646	0.00168277711
74647	0.01330180005
74648	0.003137458288
74649	0.003631380044
74650	0.01468479299
74651	0.01559887085
74652	0.005547923031
74653	0.01321539897
74654	0.0004573731675
74655	0.003608787395
74656	0.02715996708
74657	0.003690959934
74658	0.001571953544
74659	0.007562167988
74660	0.002709332715
74661	0.00128743038
74662	0.004719116204
74663	0.003483379429
74664	0.02960465417
74665	0.009766628962
74666	0.01222199455
74667	0.003037769619
74668	0.00364638483
74669	0.007748054148
74670	0.0009373518556
74671	0.0007865712454
74672	0.01418832282
74673	0.0002885373427
74674	0.00452257841
74675	0.00238171184
74676	0.008216023226
74677	0.0161604256
74678	0.002632765569
74679	0.004569039612
74680	0.020494085
74681	0.002985833688
74682	0.005317190754
74683	0.01175085063
74684	6.305021531e-05
74685	0.001795422266
74686	0.001318480645
74687	0.002031768977
74688	0.000795849763
74689	0.005520225968
74690	0.003542317604
74691	0.003596584793
74692	0.003650130064
74693	0.003863606612
74694	0.004303455013
74695	0.003985135825
74696	0.006820962062
74697	0.007494114396
74698	0.005486000881
74699	0.008680860929
74700	0.01078952454
74701	0.001699516453
74702	0.009274615454
74703	0.0118650446
74704	0.01236072646
74705	0.01127993651
74706	0.006532088351
74707	0.0006573697617
74708	0.002491996992
74709	0.004951651415
74710	0.003353361508
74711	0.006655476694
74712	0.02408336503
74713	0.002680793497
74714	0.004314260877
74715	0.008839254656
74716	0.002490881621
74717	0.01044536368
74718	0.0242568938
74719	0.009101605595
74720	0.008007665131
74721	0.0005765322499
74722	0.02357303092
74723	0.01422444045
74724	0.001722516021
74725	0.005212985607
74726	0.01091869636
74727	0.01123534324
74728	0.001493524438
74729	0.005143886096
74730	0.002896818531
74731	0.01480537065
74732	2.689160409e-05
74733	0.004143101755
74734	0.003593055516
74735	0.002551919572
74736	0.01149102085
74737	0.006857679031
74738	0.009584582257
74739	0.01430159421
74740	0.001311039933
74741	0.006383806907
74742	0.0001461878074
74743	0.01316233586
74744	0.006645454046
74745	0.0008341485435
74746	0.003184578276
74747	0.0012196632
74748	0.0041827224
74749	0.001875534733
74750	0.01036839913
74751	0.01457669568
74752	0.006965920594
74753	0
74754	0.0005360508003
74755	0.001475538216
74756	0.003071685797
74757	0.002416188199
74758	0.002888187315
74759	0.01290151814
74760	0.008847865455
74761	0.02489100084
74762	0.0005856063132
74763	0.004615860511
74764	0.001975469737
74765	0.01060776627
74766	0.007283627293
74767	0.009947991515
74768	0.001859372923
74769	0.001645713698
74770	0.009812061993
74771	0.00046699318
74772	0.009947165779
74773	0.001166327626
74774	0.0003455505304
74775	0.0009608322565
74776	0.002851342679
74777	0.0004740439224
74778	0.001588665447
74779	0.005385104707
74780	0.009141017754
74781	0.0005143999966
74782	0.0002649378836
74783	0.0002035560655
74784	0.009051311783
74785	0.008286320077
74786	0.0108075413
74787	0.001080740531
74788	0.005289285612
74789	0.02419243792
74790	0.002296842046
74791	0.0003070043249
74792	0.008002631516
74793	0.004111839955
74794	0.001954251125
74795	0.003712442707
74796	0.003889274245
74797	0.006389090358
74798	0.01615187187
74799	0.001930334404
74800	0.01450538298
74801	0.006371771311
74802	0.0001754635826
74803	0.004085203004
74804	0.001011022827
74805	0.002224756029
74806	0.004834823666
74807	0.0190511035
74808	0.0008345527632
74809	0.007327347244
74810	0.003153273557
74811	0.00357621518
74812	0.01690116893
74813	0.006189091994
74814	1.316907667e-05
74815	0.0003615998878
74816	0.001256672552
74817	0.0004679826539
74818	0.003855782908
74819	0.008406503892
74820	0.004691839441
74821	0.002398214658
74822	0.01427762717
74823	0.00727650099
74824	0.007220205423
74825	0.01193684015
74826	0.001522032995
74827	0.00381294551
74828	0.008135372726
74829	0.001033618281
74830	0.00686008906
74831	0.00595483554
74832	0.007250719747
74833	0.0005646041552
74834	0.01221335132
74835	0.003192644273
74836	0.005760169343
74837	0.0001038989278
74838	0.0156979428
74839	0.007788293131
74840	0.009265307808
74841	0.0007119340006
74842	0.00325185531
74843	0.00676472847
74844	0.002102952302
74845	0.007328179462
74846	0.0001945066156
74847	0.0005617084524
74848	0.00271937742
74849	0.006056049494
74850	0.004017875095
74851	0.0002350906024
74852	0.0035738969
74853	0.001025552436
74854	0.00118489253
74855	0.01615083811
74856	0.0007349839846
74857	0.006520539276
74858	0.004195453253
74859	0.007925582044
74860	0.008986592207
74861	0.00459207796
74862	0.01961940666
74863	0.01211667045
74864	0.002126151303
74865	0.00173965967
74866	0.005592751016
74867	0.003409564385
74868	0.001066983354
74869	0.005055916536
74870	0.008246332112
74871	0.005282177172
74872	0.0001146217365
74873	0.001721220562
74874	0.0003152904713
74875	0.002112319676
74876	0.0005299515776
74877	0.0171970727
74878	0.0004054246997
74879	0.001367218981
74880	0.004636920302
74881	0.0005953631795
74882	0.0006435609575
74883	0.003565972419
74884	0.0001100348282
74885	0.001373403079
74886	0.006525799362
74887	0.00204300999
74888	0.001742206163
74889	0.001557874429
74890	0.01974226955
74891	0.01753303171
74892	0.01464425579
74893	0.005329396014
74894	0.006880466363
74895	0.007841614866
74896	0.01028742651
74897	0.0006342162126
74898	0.005933623796
74899	0.01014576452
74900	0.00707465097
74901	0.003989850184
74902	0.0126993937
74903	0.003157935838
74904	0.001533257604
74905	0.004890022116
74906	0.003663827548
74907	0.002190303486
74908	0.0008704423977
74909	0.0004617775678
74910	0.007927508856
74911	0.0008925052706
74912	0.003341347413
74913	0.01001795499
74914	0.009012272065
74915	0.01136444982
74916	0.003072862745
74917	0.001489464278
74918	0.006986187882
74919	0.005173098147
74920	0.0002019478851
74921	0.0009142031118
74922	0.004219301595
74923	0.002253329587
74924	0.01233272854
74925	0.002833289598
74926	0.009902652943
74927	0.001344174992
74928	0.004518996967
74929	0.009847341266
74930	0.01817873673
74931	0.007915301933
74932	0.004921720048
74933	0.005185924775
74934	0.007158075052
74935	0.00448559853
74936	0.01386225568
74937	0.001533512287
74938	0.007030622948
74939	0.001447110858
74940	0.004947300917
74941	0.0007980078799
74942	0.002206045937
74943	0.0008892807948
74944	0.009343480927
74945	0.002018900092
74946	0.002486922876
74947	0.03139559454
74948	0.0005142590593
74949	0.002557834603
74950	0.000434620489
74951	0.005341550815
74952	0.009554883543
74953	0.001437637033
74954	0.008939946299
74955	0.008536279517
74956	0.0008194494988
74957	0.009833316722
74958	0.001214475375
74959	0.002665979618
74960	0.002524338672
74961	0.0004986214367
74962	0.002635182743
74963	0.00178581355
74964	0.00118113243
74965	0.001661721964
74966	0.0008071930346
74967	0.008747300432
74968	0.002196996422
74969	0.003602443123
74970	0.002685570325
74971	0.01135966981
74972	0.006825045884
74973	0.006189923281
74974	0.001772811856
74975	0.005821151835
74976	0.004293443778
74977	0.001576303022
74978	0.01258825147
74979	0.002267893402
74980	0.01678712231
74981	0.0008406726678
74982	0.003526785569
74983	0.02188851328
74984	0.006594349416
74985	0.003997088119
74986	0.008578378999
74987	0.004008666317
74988	0.01721106692
74989	0.0001862828813
74990	0.006675324967
74991	0.01603187117
74992	0.001408652334
74993	0.001008729439
74994	0.01013017158
74995	0.001406385909
74996	0.006193529934
74997	0.01519103904
74998	0.005027790135
74999	0.001602060083
75000	0.001033774921
75001	0
75002	0.01734639916
75003	0.007026580322
75004	0.005770768084
75005	0.01058039396
75006	0.003410266209
75007	0.006536371581
75008	0.001953951421
75009	0.008390676587
75010	0.004201306982
75011	0.008847137912
75012	0.002545971883
75013	0.005460931352
75014	0.0006757486286
75015	0.006441776726
75016	0.004096414816
75017	0.003975652861
75018	0.002493808008
75019	0.007798985535
75020	0.006464294196
75021	0.01062129884
75022	0.002511761308
75023	0.003393573238
75024	0.005275375701
75025	0.011206047
75026	0.005538925485
75027	0.0008249155308
75028	0.008178087558
75029	0.004745017017
75030	0.007727946889
75031	0.01168781462
75032	0.02501190082
75033	0.0007155835963
75034	0.01814811
75035	0.009750260551
75036	0.01118910278
75037	0.0115540256
75038	0.01021859291
75039	0.003036456254
75040	0.002136845131
75041	0.002899636756
75042	0.01101548922
75043	0.002752826599
75044	0.001586100229
75045	0.0002229299305
75046	0.002228373198
75047	0.002105720309
75048	0.008445449199
75049	0.0004665099186
75050	0.01019149461
75051	0.01880105159
75052	0.01201359179
75053	0.007087303283
75054	0.0004026572411
75055	0.01094285241
75056	0.001634547132
75057	0.02030329015
75058	0.009100360989
75059	0.01611204775
75060	0.00255181715
75061	0.001136645178
75062	0.006652151131
75063	0.007735283959
75064	0.003985212114
75065	0.006204715403
75066	0.006854113714
75067	0.01113165574
75068	0.00361065045
75069	0.006222014485
75070	0.007879874503
75071	0.001929711301
75072	0.0006733881999
75073	0.004228019132
75074	0.005891900869
75075	0.01195385912
75076	0.005691648567
75077	0.0003457959957
75078	0.00146982256
75079	0.01077752164
75080	0.004757094846
75081	0.002659877037
75082	0.003268705498
75083	0.01620879857
75084	0.01327010426
75085	0.002193916579
75086	0.01366360411
75087	0.002203631194
75088	0.005431810865
75089	0.007284452961
75090	0.01002424151
75091	0.004987693693
75092	0.008912890095
75093	0.009823485121
75094	0.002059504323
75095	0.00384561577
75096	0.01852533148
75097	0.00431788424
75098	0.01385555015
75099	0.0001020636579
75100	0.006116093939
75101	0.006408335528
75102	0.007457101103
75103	0.01124008774
75104	0.01113353956
75105	0.005436622621
75106	0.003760465086
75107	0.003908696008
75108	0.003459212099
75109	0.003529913115
75110	0.003729171667
75111	0.007363376113
75112	0.002130733375
75113	0.003784195279
75114	0.0005760166459
75115	0.002420915026
75116	0.009286064195
75117	0.001215570499
75118	0.0007228341817
75119	0.0001775374554
75120	0.002981098773
75121	0.006391488983
75122	0.0007995482712
75123	0.003993428172
75124	0.011584403
75125	0.003433198658
75126	0.0002366641866
75127	0.01138615794
75128	0.0002280025715
75129	0.0003989475748
75130	0.005004571141
75131	0.004991925975
75132	0.006971633788
75133	0.005135526611
75134	0.000123686326
75135	0.009237705892
75136	0.01114341594
75137	0.006657589378
75138	0.002472143454
75139	0.006092257955
75140	0.004310718925
75141	0.006232762167
75142	0.006953395554
75143	0.0009512017711
75144	0.001568900898
75145	6.391755575e-05
75146	0.001967412295
75147	0.01027246205
75148	0.01090425217
75149	0.004655212525
75150	0.002015001206
75151	0.00657152187
75152	0.01615618749
75153	0.0003256247508
75154	0.004950087046
75155	0.01971483832
75156	0.001292243113
75157	0.001903477527
75158	0.003758910931
75159	0.01078973101
75160	0.01107622524
75161	0.006869103378
75162	0.008015203473
75163	0.009298865403
75164	0.001151477163
75165	0.006533184625
75166	0.004239908938
75167	0.004600878416
75168	0.0003039565168
75169	0.008705573938
75170	0.002181489904
75171	0.001185653114
75172	0.009291932262
75173	0.004726934623
75174	0.02470969077
75175	0.005994941197
75176	0.002325853612
75177	0.01748034651
75178	0.002352219881
75179	0.002766260046
75180	0.008489554237
75181	0.01599430037
75182	0.0005124551206
75183	0.0007665413986
75184	0.006768826526
75185	0.01205102555
75186	0.008409252296
75187	0.001434355762
75188	0
75189	0.0105254364
75190	0.002562023398
75191	0.004716408773
75192	0.01455025975
75193	0.0117252039
75194	0.009135159183
75195	0.003440105997
75196	0.001941980856
75197	0.007999480845
75198	0.010396141
75199	0.01712148444
75200	1.947253775e-07
75201	0.01585787494
75202	0.01399859807
75203	0.01353648279
75204	0.006897503096
75205	0.01551067304
75206	0.0001854146596
75207	0.004613388466
75208	0.016722888
75209	0.01689200665
75210	0.01320094792
75211	0.006564230071
75212	0.002452425124
75213	0.005867313212
75214	0.003172981701
75215	0.0003552836577
75216	0.004142255619
75217	0.004692271998
75218	0.008888078887
75219	0.009208036054
75220	0.0009739074466
75221	0.005521374667
75222	0.007560567541
75223	0.003639226261
75224	0.00321617575
75225	0.0008312334707
75226	0.0003038839406
75227	0.001194530026
75228	0.00683616005
75229	0.0003955081403
75230	0.01853260792
75231	0.0004031687407
75232	0.007288191758
75233	0.002901484996
75234	0.004578956095
75235	0.001597944845
75236	0.002717390287
75237	0.0107239696
75238	0.004846998596
75239	0.00180884243
75240	0.001285254079
75241	0.005877481138
75242	0.01110831356
75243	0.004981185417
75244	0.005202771041
75245	0.00212127907
75246	0.0007736269281
75247	0.02118395885
75248	0.0005962235642
75249	0.006868283598
75250	0.001104668229
75251	0.0009980439225
75252	0.004801648905
75253	0.005703407711
75254	0.007517267383
75255	0.01224789848
75256	0.003815388039
75257	0.007935014601
75258	0.00236343687
75259	0
75260	0.006249374073
75261	0.007494169501
75262	0.01833860522
75263	0.001094558397
75264	0.0006666614986
75265	0.004150090067
75266	0.002665258847
75267	0.0004954413939
75268	0.0001214342741
75269	0.001565830537
75270	0.003885630569
75271	0.008282509131
75272	0.003826001041
75273	0.008932496518
75274	0.00892273511
75275	0.0006442817993
75276	0.007734187543
75277	0.001913042059
75278	0.004732273172
75279	0.001478778836
75280	0.006505572032
75281	0.004292837575
75282	0.007501333711
75283	0.005870240442
75284	0.003023521477
75285	0.001254701767
75286	0.005803980131
75287	0.001658458938
75288	0.01174052527
75289	0.004059755554
75290	0.0007550071613
75291	0.002809347731
75292	0.0009085994627
75293	0.006152919351
75294	0.01211848169
75295	0.01704604687
75296	0.009617461797
75297	0.004895026361
75298	0.003588384333
75299	0.005000466971
75300	0.003016107396
75301	0.00159885241
75302	0.005050354201
75303	0.004647304956
75304	0.005528068715
75305	0.005660355163
75306	0.0008669874615
75307	0.003619627061
75308	0.01000284883
75309	0.0002070169553
75310	0.008093880737
75311	0.0003942017132
75312	0.008913620829
75313	0.008623959056
75314	0.001718751349
75315	0.003223172172
75316	0.002690656747
75317	0.003035956512
75318	0.007034362227
75319	0.008850863029
75320	0.0002922465363
75321	0.001781747092
75322	0.002090706272
75323	0.001077720325
75324	0.002685460323
75325	0.01787437364
75326	0.004302131242
75327	0.0003928641486
75328	0.004680792283
75329	0.001144496649
75330	0.004632402352
75331	0.002245447951
75332	0.0006144468573
75333	0.002515611389
75334	0.01370472638
75335	0.0059822451
75336	0.00751658952
75337	0.002054215515
75338	0.003001865972
75339	0.01225371378
75340	0.0003473729851
75341	0.0007872794072
75342	0.0005069215917
75343	0.007910516979
75344	0.002557186925
75345	0.00227303057
75346	0.006397439026
75347	0.004380630232
75348	0.0140295386
75349	0.0009796403974
75350	0.01088904064
75351	0.009712836071
75352	0.006958300427
75353	0.003982515849
75354	0.01408356028
75355	0.00347885224
75356	0.001848010528
75357	0.009239896583
75358	0.009027758364
75359	0.005708028852
75360	0.0003759674094
75361	0.007917147943
75362	0.0242558074
75363	0.007280280177
75364	0.009476462303
75365	0.008446074784
75366	0.001794699815
75367	0.01252956702
75368	0.0001822948507
75369	0.002787870644
75370	0.003735609257
75371	0.00209253684
75372	0.001160044511
75373	0.009201630918
75374	0.006891985343
75375	0.001794817631
75376	0.0134834314
75377	0.007854370832
75378	0.004214878668
75379	0.007579513181
75380	0.0002455528997
75381	0.00382174459
75382	0.01231070995
75383	0.007549569582
75384	0.01931626465
75385	0.001605204924
75386	0.002274269103
75387	0.00510154899
75388	0.0005863616264
75389	0.0009621316878
75390	0.002391185757
75391	0.009825015184
75392	0.01326825352
75393	0.001566453667
75394	0.01413080579
75395	0.002618091973
75396	0.0009445457236
75397	0.00338175664
75398	0.005268656843
75399	0.01470658424
75400	0.0003302967049
75401	0.01060476958
75402	0.006817769571
75403	0.01986747943
75404	0.02221417801
75405	0.0004074267425
75406	0.006891286839
75407	0.002763551013
75408	0.00753781976
75409	0.0008868305996
75410	0.01164792417
75411	0.006535819932
75412	0.01348547247
75413	0.003430314788
75414	0.009472323295
75415	0.004752607149
75416	0.01791722122
75417	0.00962628925
75418	0.005034078028
75419	0.00421251071
75420	0.00433035432
75421	0.01666012986
75422	0.005799443666
75423	0.01140792955
75424	0.003965188219
75425	0.0026006771
75426	0.003676036653
75427	0.008512781361
75428	0.003491848079
75429	0.003955202847
75430	0.007015884937
75431	0.002976030417
75432	0.005832783356
75433	0.003820038912
75434	0.01321794745
75435	0.02104192465
75436	0.002495078331
75437	0.004343136806
75438	0.001571595414
75439	0.004156794125
75440	0.007886230745
75441	0.0002956053488
75442	0.01468847181
75443	0.004357597712
75444	0.001066593549
75445	0.006161289393
75446	0.001671087762
75447	0.00182365773
75448	0.005671646645
75449	0.006425530957
75450	0.001506244265
75451	0.00227505976
75452	0.00222521457
75453	0.0011590602
75454	0.001023932872
75455	0.0005447294661
75456	0.0005741264011
75457	0.000265576328
75458	0.01407527519
75459	0.001837348012
75460	0.001312729775
75461	0.008266276247
75462	0.002068438981
75463	0.003113789597
75464	0.0002336453893
75465	0.01549735017
75466	0.007847276485
75467	0.01340640557
75468	0.002798042141
75469	0.0144676587
75470	0.002484693509
75471	0.001085510733
75472	0.008030824703
75473	0.002062273917
75474	0.01532827082
75475	0.000758885473
75476	0.0005922882212
75477	0.0033035241
75478	0.00534503408
75479	0.0108015827
75480	0.008870014572
75481	0.0002751603502
75482	0.0008385687755
75483	0.006008176589
75484	0.001620898127
75485	0.008780423214
75486	0.009842682224
75487	0.003068734546
75488	0.01019483447
75489	0.008783730473
75490	0.003743424784
75491	0.003277256687
75492	0.009567513215
75493	0.0004978135016
75494	0.004284163658
75495	0.001779099288
75496	0.005649883137
75497	0.02145831235
75498	0.005815655766
75499	0.0006588547407
75500	0.006105252913
75501	0.0152579679
75502	0.001313813402
75503	0.01158399931
75504	0.01660858118
75505	0.001045377968
75506	0.002045447666
75507	0.01667246128
75508	0.01084442356
75509	0.0008152107803
75510	0.001521273695
75511	0.004024132326
75512	0.01315569082
75513	0.008053376273
75514	0.01874921136
75515	0.01035215769
75516	0.001647213528
75517	0.002885278109
75518	0.003344196583
75519	0.0001563409693
75520	0.0008091810673
75521	0.001703995085
75522	0.001183520839
75523	0.01066045591
75524	0.0009534380062
75525	0.002163874647
75526	0.008325525425
75527	0.004749217706
75528	0.001407655846
75529	0.003252553364
75530	0.001855795205
75531	0.000970666324
75532	0.003308049026
75533	0.005157405306
75534	0.01128873881
75535	0.003591503969
75536	0.002853779796
75537	0.02114569868
75538	0.0013997509
75539	0.01712123862
75540	0.001080590291
75541	0.00919192313
75542	0.007178108365
75543	0.01195634548
75544	0.0008269253325
75545	0.001515309583
75546	0.003278953658
75547	0.01411793131
75548	0.01138568808
75549	0.006521943194
75550	0.004943457582
75551	0.007206336552
75552	0.002607553901
75553	0.0008021453232
75554	0.00537196915
75555	0.006502838604
75556	0.001345393834
75557	0.015490315
75558	0.002599534854
75559	0.001345023316
75560	0.01016066697
75561	0.005230181589
75562	0.002797524199
75563	0.007404185051
75564	0.0003271273737
75565	0.001596693993
75566	0.004824554659
75567	0.001652600591
75568	0.002089725756
75569	0.01574840287
75570	0.01508738585
75571	0.01673014842
75572	0.002742620775
75573	0.005989859017
75574	0.008561577716
75575	0.005334380696
75576	0.0001720138128
75577	0.008484307478
75578	0.001793434191
75579	0.004749404594
75580	0.01673388274
75581	0.002402841383
75582	0.002128614692
75583	0.001464052836
75584	0.0151113002
75585	0.01928144676
75586	0.002067830594
75587	0.003776218766
75588	0.005045409703
75589	0.004611095903
75590	0.01031278712
75591	0.00541254642
75592	0.004143903524
75593	0.005001536038
75594	0.001122367504
75595	0.001401055443
75596	0.001658796065
75597	0.009602313889
75598	0.004008165734
75599	0.0058287634
75600	0.01038318497
75601	0.002747377497
75602	0.000377013303
75603	0.008695227721
75604	0.01214407021
75605	0.0007304486898
75606	0.002440733636
75607	0.001814127231
75608	0.00621971716
75609	0.005836769052
75610	0.004344830328
75611	0.001659818221
75612	0.003903835613
75613	0.00712456852
75614	0.009120299656
75615	0.0005038373879
75616	0.001153426191
75617	0.002119045383
75618	0.01129491144
75619	0.0002141414925
75620	0.00715063275
75621	0.007153855036
75622	0.0005236820495
75623	0.0142906497
75624	0.003972122841
75625	0.00284582395
75626	0.002416517076
75627	0.01292140166
75628	0.0009647885022
75629	0.01254369827
75630	0.003634588246
75631	0.000487991617
75632	0.009678340489
75633	0.003539624783
75634	0.00132265748
75635	0.0007681266207
75636	0.005976167852
75637	0.003575089139
75638	0.00467063321
75639	0.001206409849
75640	0.0148777699
75641	0.001943215131
75642	0.008105872225
75643	0.01561419803
75644	0.00507249871
75645	0.002732925657
75646	0.00131850905
75647	0.0006038133167
75648	0.01654917441
75649	0.009357957561
75650	0.0006505208341
75651	0.003411467309
75652	0.002783816104
75653	0.007285905462
75654	0.0007902924999
75655	0.006229824797
75656	0.02244303363
75657	0.006687236577
75658	0.003315119995
75659	0.01294596286
75660	0.001011003922
75661	0.001972019031
75662	0.01089896244
75663	0.003648944091
75664	0.00380980285
75665	0.008969467124
75666	0.002987153077
75667	0.01250031177
75668	0.003286433134
75669	0.01152921902
75670	0.006287162319
75671	0.01087597525
75672	0.001638161138
75673	0.02002172943
75674	0.002245994424
75675	0.007840020164
75676	0.01128885072
75677	0.002194974051
75678	0.0116903662
75679	4.138067709e-05
75680	0.00402725806
75681	0.001429639108
75682	0.004162703947
75683	0.01547829427
75684	0.007723246982
75685	0.007659830019
75686	0.003112821273
75687	0.0002303595434
75688	0.004236562675
75689	0.007499721577
75690	0.01586167651
75691	0.01354607546
75692	0.003251418175
75693	0.0002368177804
75694	0.0007635785003
75695	0.02375013638
75696	0.01042442801
75697	0.01718614665
75698	0.0002722294763
75699	0.004210264335
75700	0.0009711814358
75701	0.0009196233151
75702	0.008234028021
75703	0.009306232129
75704	0.005061931007
75705	0.009485715679
75706	0.01703666629
75707	0.01444419016
75708	0.0002398424943
75709	0.005518492826
75710	0.002516182085
75711	0.009738423098
75712	0.001013114106
75713	0.0007679605213
75714	0.0007060832378
75715	0.01134685236
75716	0.009478122701
75717	0.001006090576
75718	0.007895064829
75719	0.003318519328
75720	0.01467041483
75721	0.01043771999
75722	0.01432843082
75723	0.002095304611
75724	0.007762905932
75725	0.001756478155
75726	0.000678615841
75727	0.001055938712
75728	0.001807394538
75729	0.008860657036
75730	0.01171900122
75731	0.007723726495
75732	0.0133532455
75733	0.005525178172
75734	0.004099985836
75735	0.02004542097
75736	0.007468002694
75737	0.007919499816
75738	0.002938198951
75739	0.007713507217
75740	0.0008139317152
75741	0.01182967494
75742	0.006122533633
75743	0.02886092869
75744	0.00233995982
75745	0.006019165628
75746	0.01080823126
75747	0.0006055913391
75748	0.01037358754
75749	0.004561885697
75750	0.00315066003
75751	0.02314618516
75752	0.0007942203723
75753	0.005415407272
75754	0.005816934012
75755	0.004058389885
75756	0.000682419194
75757	0.001279151642
75758	0.000332100878
75759	0.0007897116003
75760	0.003821443921
75761	0.01487984188
75762	0.0008809430478
75763	0.001050932165
75764	0.002502416446
75765	0.01936107396
75766	0.002268514399
75767	0.01303219904
75768	0.00729671932
75769	0.008299537924
75770	0.01425637492
75771	0.006886737343
75772	0.003080607651
75773	0.008997900981
75774	0.001714815193
75775	0.01675555605
75776	0.007381907137
75777	0.002380846016
75778	0.003015359423
75779	0.01350229333
75780	0.005629392409
75781	0.005909025887
75782	0.004129514984
75783	0.006137292347
75784	0.0008636039836
75785	0.00328407389
75786	0.01162877876
75787	0.01341981958
75788	0.003513890844
75789	0.01469103589
75790	4.344553446e-05
75791	0.0009197885221
75792	0.001673000013
75793	0.004004503938
75794	0.00297384963
75795	0.00123291267
75796	0.001897151836
75797	0.004330651263
75798	0.0003973788091
75799	0.0101502571
75800	0.007179173553
75801	0.003893192036
75802	0.0001164087777
75803	0.01124198285
75804	0.008139101506
75805	0.02055078376
75806	0.000538226372
75807	0.00995487043
75808	0.0009872806405
75809	0.01328581017
75810	0.004747483843
75811	9.086620673e-05
75812	0.01880321962
75813	0.01120610825
75814	0.0004517502619
75815	0.004482466107
75816	0.003357873746
75817	0.005816761746
75818	0.00502567256
75819	0.00584088195
75820	0.01118609427
75821	0.0008606142423
75822	0.005726553942
75823	0.002678679243
75824	0.002320324444
75825	0.001326932747
75826	0.001652025317
75827	0.002513277652
75828	0.003861569881
75829	0.001581946621
75830	0.01679878564
75831	0.001665322952
75832	0.004190048599
75833	0.008555721462
75834	0.01523959744
75835	0.0009298380894
75836	0.006346427555
75837	0.001272066033
75838	0.001894941448
75839	0.0004163413182
75840	0.009549524556
75841	0.002729328994
75842	0.001105055736
75843	0.001532692536
75844	0.002816093127
75845	0.005260657367
75846	0
75847	0.006241274481
75848	0.006534067951
75849	0.00136309765
75850	0.004136206848
75851	0.004160979165
75852	0.002455355982
75853	0.006672716978
75854	0.00318239765
75855	0.007513450416
75856	0.002972356111
75857	0.003991934109
75858	0.006133779768
75859	0.01477235345
75860	0.01559654281
75861	0.00949036308
75862	0.00649152312
75863	0.01699176468
75864	0.005641954776
75865	0.001970761378
75866	0.007845550095
75867	0.0004808736485
75868	0.002696189622
75869	0.0005323349157
75870	0.02331762827
75871	0.007853495878
75872	0.002911603231
75873	0.002391656535
75874	0.003925387754
75875	0.01081423613
75876	0.002197099022
75877	0.002812047977
75878	0.0009007705559
75879	0.002145711901
75880	0.005208638222
75881	0.001426085044
75882	0.002296888948
75883	0.002237097466
75884	0.01645300914
75885	0.009028521417
75886	0.003510910879
75887	0.006194396542
75888	0.002655789227
75889	0.004831799132
75890	0.002269047013
75891	0.003763514654
75892	0.00101075109
75893	0.002320663534
75894	0.02776742051
75895	0.002017760507
75896	0.001577166568
75897	0.005182163498
75898	0.01155941883
75899	0.0009938501217
75900	0.002119675015
75901	0.01024009349
75902	0.001289963285
75903	0.005482383448
75904	0.006207206351
75905	0.003288551118
75906	0.006191466814
75907	0.0004833863924
75908	0.002129502794
75909	0.004451567944
75910	0.001877585312
75911	0.008575330689
75912	0.01032487231
75913	0.007115620188
75914	0.005937262426
75915	0.01165203895
75916	0.004700323582
75917	0.005864075118
75918	0.01527407074
75919	0.001025592738
75920	9.849175703e-05
75921	0.004673040607
75922	0.003248595308
75923	0.01913690851
75924	0.01954235803
75925	0.008909121707
75926	0.006312803549
75927	0.00154090707
75928	0.008098431799
75929	0.0005038422923
75930	0.002361678796
75931	0.00926404034
75932	0.01707136451
75933	0.007158327081
75934	0.0003446413396
75935	0.006192759635
75936	0.005855055997
75937	0.002946410813
75938	0.005591974408
75939	0.001453664829
75940	0.004545941775
75941	0.007070262137
75942	0.0002411110692
75943	0.0006719726136
75944	0.001802903365
75945	0.0003903649728
75946	0.0002912066939
75947	0.005461087905
75948	0.003395480726
75949	0.0003788659888
75950	0.007171245572
75951	0.008803209431
75952	0.009276337382
75953	0.005198220397
75954	0.00716736866
75955	0.005218137362
75956	0.003440045014
75957	0.003616727337
75958	0.0005497068603
75959	0.006668206174
75960	0.001113388055
75961	0.00613772106
75962	0.004519580391
75963	0.0008009923059
75964	0.01445445056
75965	0.001053516576
75966	0.000244419394
75967	0.002229229746
75968	0.01641652799
75969	0.003674089136
75970	0.004468937722
75971	0.0003387532783
75972	0.0006276266672
75973	0.006911164468
75974	0.002233316632
75975	0.002416463846
75976	0.002509294798
75977	0.007220183631
75978	0.001163130268
75979	0.03009702851
75980	0.002251236642
75981	0.003110164916
75982	0.001923084201
75983	0.006344213625
75984	0.00154784177
75985	0.01276088088
75986	0.003544639103
75987	0.006698466663
75988	0.01503927069
75989	0.02004520395
75990	0.007494160183
75991	0.0059185752
75992	0.00496314779
75993	0.007352237002
75994	0.0008549219394
75995	0.00379706416
75996	0.006926497418
75997	0.007853630356
75998	0.002325448024
75999	0.009654999467
76000	0.003591259073
76001	0.0081885066
76002	0.002261096604
76003	0.005857883052
76004	0.004485605683
76005	0.01649025855
76006	0.007104820721
76007	0.01334748549
76008	0.005378219213
76009	0.001140754823
76010	0.003066105896
76011	0.0004530115011
76012	0.006163233727
76013	0.002504693614
76014	0.01635003831
76015	0.005075675873
76016	0.0107873895
76017	0.009051084839
76018	0.004456763837
76019	0.002170408376
76020	0.007809871933
76021	0.007056569688
76022	0.002743217831
76023	0.00578605832
76024	0.001877447042
76025	0.002755276699
76026	0.008030382361
76027	0.007144558959
76028	0.01060587206
76029	0.002060424557
76030	0.0005563625844
76031	0.001700620991
76032	0.01444282253
76033	0.002431867579
76034	0.006613501991
76035	0.005810478757
76036	0.0004482247861
76037	0.00686905939
76038	0.007943381511
76039	0.01160337546
76040	0.007032843945
76041	0.01078330585
76042	0.00250799767
76043	0.003888312392
76044	0.01174025615
76045	0.01367967005
76046	0.003149661531
76047	0.009456072813
76048	0.001315867769
76049	0.005179208432
76050	0.007659517973
76051	0.009733278694
76052	0.0003536627353
76053	0.008926422681
76054	0.005282866695
76055	0.004639828436
76056	0.0005916796278
76057	0.0002950199251
76058	0.001336280162
76059	0.001082495085
76060	0.0005936374672
76061	0.0008168887238
76062	0.001746850835
76063	0.003733671039
76064	0.002038271154
76065	0.0004852879917
76066	0.006058951672
76067	0.004878236349
76068	0.001376340638
76069	0.007305609207
76070	0.006502400174
76071	0.0003484594602
76072	0.01351678807
76073	0.0001148744642
76074	0.002952557035
76075	0.003357654585
76076	0.01128367384
76077	0.0003544668362
76078	0.005215993168
76079	0.0009812245037
76080	0.01424868546
76081	0.001869531678
76082	0.01695080865
76083	0.01685956467
76084	0.009421617594
76085	0.0007454967556
76086	0.01341689131
76087	0.005991940841
76088	0.008603702421
76089	0.006361520258
76090	0.009169604324
76091	0.001082894865
76092	0.001432189602
76093	0.003245922365
76094	0.006481387183
76095	0.006476675714
76096	0.02294381589
76097	0.00108878142
76098	0.005799908807
76099	0.0155278923
76100	0.001750295891
76101	0.002670389217
76102	0.01378368186
76103	0.001589052877
76104	0.006230214293
76105	0.001929056429
76106	0.004866931077
76107	0.007503799723
76108	0.00553011315
76109	0.006674908492
76110	0.0009533377235
76111	0.002186448245
76112	0.005964200838
76113	0.00840422989
76114	0.003547874719
76115	0.0047785297
76116	0.002539018458
76117	0.002230857257
76118	0.01431372022
76119	0.01546696614
76120	0.002820817491
76121	0.009645241843
76122	0.001547235519
76123	0.001960674036
76124	0.002273437532
76125	0.004207618389
76126	0.005150081561
76127	0.004743741853
76128	0.00275283542
76129	0.009727224537
76130	0.0001681365379
76131	0.0003622814996
76132	0.0009238423269
76133	0.002616306202
76134	0.01251003972
76135	0.006607677026
76136	0.002234402511
76137	0.005342248589
76138	0.006971426334
76139	0.004284282249
76140	0.005392911062
76141	0.005214550473
76142	0.004958108375
76143	0.009621114143
76144	0.01091782622
76145	0.000327792954
76146	0.00546875427
76147	0.01087437776
76148	0.01099666539
76149	0.007907836342
76150	0.000164429099
76151	0.006139836792
76152	0.01164742583
76153	0.002534062874
76154	0.001471459226
76155	0.001465465878
76156	0.005497136366
76157	0.009964157526
76158	0.003443702139
76159	0.01369150048
76160	0.004043309246
76161	0.01363279811
76162	0.001231363162
76163	0.00320187315
76164	0.005728455543
76165	0.007895355964
76166	0.01225637812
76167	0.004446410789
76168	0.002036665184
76169	0.009446989847
76170	0.005373019581
76171	0.0008009002561
76172	0.0008332296529
76173	0.003309708995
76174	2.296729474e-05
76175	0.01807807
76176	0.0015311225
76177	0.005005680751
76178	0.0005556445933
76179	0.007518402656
76180	0.003843626131
76181	0.01788430588
76182	0.0001674906429
76183	0.001274023798
76184	0.005106567708
76185	0.0007797005706
76186	0.00481418357
76187	0.0002133315367
76188	0.003128471327
76189	0.007752783179
76190	0.01590453451
76191	0.002197624978
76192	0.005559004149
76193	0.001984603393
76194	0.001893494555
76195	0.004619097143
76196	0.0001492338234
76197	9.89288866e-05
76198	0.001365292506
76199	0.008766726202
76200	0.01278162366
76201	0.003315579627
76202	0.02325369254
76203	0.01099639221
76204	0.007950208634
76205	4.868134409e-08
76206	0.006329333215
76207	0.01058475272
76208	0.004309710384
76209	0.005941314814
76210	0.003282669903
76211	0.0007137274907
76212	0.001832404359
76213	0.001876457578
76214	0.0007782722284
76215	0.00390722696
76216	0.005885843709
76217	0.002044919467
76218	0.008543325348
76219	0.0009205683571
76220	0.009043435509
76221	0.0004416289815
76222	0.008080788049
76223	0.008638845308
76224	0.005578430926
76225	0.01239015303
76226	0.01046372854
76227	0.001606587255
76228	0.006833850593
76229	0.003045273948
76230	0.003487965895
76231	0.0003304119545
76232	0.0007555068472
76233	0.004257846153
76234	0.02435270082
76235	0.007453869733
76236	0.002437809418
76237	0.01349942568
76238	0.01122038571
76239	0.0004041362392
76240	0.001912213522
76241	0.01050309193
76242	0.0004434705216
76243	0.000748661335
76244	0.008276215275
76245	0.02247005823
76246	0.01127313234
76247	0.001475545634
76248	0.009771802225
76249	0.01493210709
76250	0.003310579534
76251	0.002497534618
76252	0.005374393365
76253	0.003800211717
76254	0.005690994823
76255	0.01415479385
76256	0.001127908006
76257	0.00700053006
76258	0.002518561303
76259	0.002259263666
76260	0.003817684038
76261	0.002281321455
76262	0.0006840095688
76263	0.002879390241
76264	0.01852578133
76265	0.01380896178
76266	0.005966859244
76267	0.005661823212
76268	0.003395638807
76269	0.002392760108
76270	0.0007573053406
76271	0.001123418409
76272	0.00163671375
76273	0.003346523521
76274	0.001890090399
76275	0.0002823434007
76276	0.002736250611
76277	0.02040540201
76278	0.0007403818233
76279	0.001916429446
76280	0.005179442559
76281	0.00423023031
76282	0.0004967923324
76283	0.002813332958
76284	0.008324612868
76285	0.006870933929
76286	0.001519925651
76287	0.007522153297
76288	0.01658554162
76289	0.02050161177
76290	0.00168116784
76291	0.0006490547147
76292	0.004892382889
76293	0.005526412237
76294	0.0009643052241
76295	0.001346612854
76296	0.007832710233
76297	0.00645619278
76298	0.01193400528
76299	0.0005572281072
76300	0.004076420115
76301	0.006254551761
76302	0.01201701648
76303	0.00221826473
76304	0.004002437203
76305	0.01557223323
76306	0.01428619857
76307	0.001259780146
76308	0.009614673457
76309	0.002251267772
76310	0.001372102531
76311	0.008119028319
76312	0.009579781505
76313	0.006999516005
76314	0.002619291314
76315	0.007976181817
76316	0.001286844056
76317	0.005044117614
76318	0.0009426535043
76319	0.002316724978
76320	0.0246048631
76321	0.0004823421546
76322	0.00576240137
76323	0.01059091131
76324	0.008783902363
76325	0.003774612247
76326	0.01185790344
76327	0.01056169454
76328	0.003610132416
76329	0.01024257498
76330	0.001168779262
76331	0.007145640669
76332	0.00198085936
76333	0.0148300436
76334	0.004175805164
76335	0.002859456817
76336	0.0006102854677
76337	0.001406741973
76338	0.0003378520816
76339	0.0007090132445
76340	0.007794005601
76341	0.009139665427
76342	0.01600066575
76343	0.003901335448
76344	0.002014347682
76345	0.002042158263
76346	0.003019944575
76347	0.008195144171
76348	0.004427779124
76349	0.01136504162
76350	0.001293039797
76351	0.006658630329
76352	0.002935583077
76353	0.01350809709
76354	0.00801691976
76355	0.002182643237
76356	0.008767120716
76357	0.003222857486
76358	0.001990249733
76359	0.004706674342
76360	0.002909565831
76361	0.003076374641
76362	0.006842781684
76363	0.005186694986
76364	0.004934623407
76365	0.02167792819
76366	0.002823459289
76367	0.00917166931
76368	0.001035470108
76369	0.0003665397745
76370	0.00189225811
76371	0.006040448817
76372	0.005329852572
76373	1.475744127e-05
76374	0.001536523012
76375	0.007622297866
76376	0.0002135701245
76377	0.00799447798
76378	0.0004803114978
76379	0.006409895089
76380	0.01153878716
76381	0.002530960189
76382	0.002832687986
76383	0.007939016341
76384	0.001511467678
76385	0.0008261455044
76386	0.001703183593
76387	0.01304196559
76388	0.01094747975
76389	0.003616743488
76390	0.000128592009
76391	0.008949188786
76392	0.009070837987
76393	0.006691411608
76394	0.003775624492
76395	0.01011459216
76396	0.001235007837
76397	0.004214222985
76398	0.006900292825
76399	0.004081195991
76400	0.00840507812
76401	0.01294807473
76402	0.01865658034
76403	0.008577369699
76404	0.004255589545
76405	0.0018304678
76406	0.004675793241
76407	0.001736182799
76408	0.002006414025
76409	0.004919412276
76410	0.005086769007
76411	0.006710381286
76412	0.004784633784
76413	0.009234104554
76414	0.002083749378
76415	0.0009724890096
76416	0.002726626029
76417	0.002975479841
76418	0.02289600486
76419	0.001426062903
76420	0.007717321835
76421	0.0008612332431
76422	0.01138575954
76423	0.004797104677
76424	0.01127477331
76425	0.003052363315
76426	0.002914706589
76427	0.008766843048
76428	0.01028013594
76429	0.0006465498335
76430	0.0006208798092
76431	0.001534774804
76432	0.006478529039
76433	0.003486115143
76434	0.01181802933
76435	0.01198941554
76436	0.006800946646
76437	0.009676215907
76438	0.003633331065
76439	0.0003045184195
76440	0.01089528959
76441	0.00463141819
76442	0.003328209036
76443	0.001433583203
76444	0.00363927302
76445	0.0009234619975
76446	0.003676539812
76447	0.001469087736
76448	0.002915090755
76449	0.001381791616
76450	0.004345113052
76451	0.002899746368
76452	0.0003365096239
76453	0.004517261214
76454	0.01161360805
76455	0.02184383828
76456	0.000241524553
76457	0.00605562345
76458	0.004386128842
76459	0.002779389927
76460	0.0004493025735
76461	0.006699463906
76462	0.01378056371
76463	0.005136847487
76464	0.002932052108
76465	0.001826325896
76466	0.002399608729
76467	0.008349100891
76468	0.01072853389
76469	0.00814421601
76470	0.007450102119
76471	0.01526645444
76472	0.008188055406
76473	0.00395820063
76474	0.009533523793
76475	0.005054871631
76476	4.472477044e-05
76477	0.002750756435
76478	0.01018172975
76479	0.00303406723
76480	0.001788301544
76481	0.01185942866
76482	0.01418369668
76483	0.01181410465
76484	0.01513950755
76485	0.002004226463
76486	0.003532041299
76487	0.006156368931
76488	0.001539029907
76489	0.008677357746
76490	0.008248669463
76491	0.002783170696
76492	0.006345549021
76493	0.003828135471
76494	0.0003956604836
76495	0.003474124604
76496	0.009589621991
76497	0.0005806137968
76498	0.001467492678
76499	0.01271667554
76500	0.00945552721
76501	0.0003998463227
76502	7.431629137e-05
76503	0.0006286462074
76504	0.005892998807
76505	0.01895451202
76506	0.01095188821
76507	0.006552724589
76508	0.0002022900964
76509	0.001592034261
76510	0.0005005670326
76511	0.001770563968
76512	0.007940539801
76513	0.0202349176
76514	0.001305772509
76515	0.0007213225467
76516	0.007786776429
76517	0.005740616077
76518	0.006482459471
76519	0.00367727465
76520	0.0004773293294
76521	0.0008819516736
76522	0.006046220578
76523	0.000376432556
76524	0.004059673509
76525	0.002194154468
76526	0.002999797124
76527	0.004529804281
76528	0.01147469338
76529	0.0005247891946
76530	0.001149678493
76531	0.004367012461
76532	0.0007506663235
76533	0.005140376567
76534	0.003299914392
76535	0.0007683434225
76536	0.003557706827
76537	0.0006988476573
76538	0.0122808245
76539	0.009338219853
76540	0.01830020938
76541	0.01399800881
76542	0.001996900665
76543	0.00533496427
76544	0.005298228061
76545	0.0008007541027
76546	0.001745245838
76547	0.01828868544
76548	0.02038278426
76549	0.01589607245
76550	0.002707640279
76551	0.002838985512
76552	0.01491155209
76553	0.01335326028
76554	0.0009230021604
76555	0.004966121935
76556	0.007909490865
76557	0.004326613505
76558	0.01817032353
76559	3.556442634e-07
76560	0.0008178259431
76561	0.0009324330003
76562	0.01341286219
76563	0.00372334644
76564	0.005066376728
76565	0.0009521083096
76566	0.004009697568
76567	0.00152279058
76568	0.003033396573
76569	0.002402650898
76570	0.006417689404
76571	0.008483164112
76572	0.002532076607
76573	0.001294997257
76574	0.004662670269
76575	0.006332100312
76576	0.002660447057
76577	0.01033083056
76578	0.006145277998
76579	0.01992985699
76580	0.008223860548
76581	0.004944448218
76582	0.0002796750847
76583	0.009553536851
76584	0.01528271799
76585	0.004452471114
76586	0.01379366422
76587	0.002157699268
76588	0.01267685375
76589	0.02365789894
76590	0.003078404865
76591	0.01398671048
76592	0.01126941163
76593	0.00178937046
76594	0.001261600442
76595	0.01105142802
76596	6.345342361e-05
76597	0.0008723448552
76598	0.0008516513254
76599	0.002910042015
76600	0.007516360606
76601	0.008927814595
76602	0.003490611418
76603	0.003000649704
76604	0.002120489338
76605	0.007075381992
76606	0.005411825621
76607	0.003367463758
76608	0.001256266959
76609	0.0009061978545
76610	0.003856255602
76611	0.0006843045768
76612	0.001657130654
76613	0.01188417489
76614	0.008221607859
76615	0.01232725433
76616	0.01012558703
76617	0.002246491057
76618	0.002626916187
76619	0.005040838883
76620	0.007122662597
76621	0.001375323439
76622	0.004383510737
76623	0.01939364912
76624	0.005687335288
76625	0.007680010989
76626	0.005726397566
76627	0.01576011423
76628	0.003725443053
76629	0.003283931195
76630	0.007551167358
76631	0.0006158054342
76632	0.0158088648
76633	0.01403200869
76634	0.0008325746409
76635	0.01157742038
76636	0.02063741932
76637	0.007967527509
76638	0.005293415164
76639	0.0003838204578
76640	0.005994806638
76641	0.005175874359
76642	0.004937728276
76643	0.01058143361
76644	0.002674220259
76645	0.006013299691
76646	0.01195075021
76647	0.00297804145
76648	8.130260296e-05
76649	0.006470685594
76650	0.004696569335
76651	0.00809565953
76652	0.01125596942
76653	0.007744617282
76654	0.007719351004
76655	0.0001906095581
76656	0.0009324239305
76657	0.002410845893
76658	0.002657495633
76659	0.001710688631
76660	0.000716476582
76661	0.009430988669
76662	0.0059013119
76663	0.01079546114
76664	0.00675830609
76665	0.001165298931
76666	0.01015307905
76667	0.0001022237159
76668	0.006760113816
76669	0.01169368801
76670	0.002178778187
76671	0.00930631544
76672	0.002638581654
76673	0.008593707397
76674	0.002299251539
76675	0.002975269942
76676	0.002996057245
76677	0.004350595261
76678	0.01374709022
76679	0.002091701014
76680	0.003135614937
76681	0.007813628126
76682	0.0009170284425
76683	0.005095816387
76684	0.001834025203
76685	0.0002971452457
76686	0.004663114063
76687	0.003413562411
76688	0.004945087983
76689	0.003880743765
76690	0.003620954852
76691	0.003389960973
76692	0.0005078510013
76693	0.004310825123
76694	0.003353333343
76695	0.01203984784
76696	0.001771395998
76697	0.003612578237
76698	0.0007055784615
76699	0.01304129237
76700	0.004421508311
76701	0.003363189816
76702	0.002267133353
76703	0.007966587289
76704	0.002294845772
76705	0.006411118171
76706	0.00521223919
76707	0.009615252863
76708	0.00297605694
76709	0.003282661642
76710	0.005750225985
76711	0.002819909125
76712	0.001856030645
76713	0.01627235913
76714	0.005614690323
76715	0.007240813606
76716	0.004585208232
76717	0.002892336132
76718	0.01404410169
76719	0.004080799097
76720	0.01373873878
76721	0.01879367713
76722	0.0003916670651
76723	7.776344464e-05
76724	0.00992403502
76725	0.002244815523
76726	0.01172357842
76727	0.003342937761
76728	0.00387588967
76729	0.009917585204
76730	0.0159983864
76731	0.006861541834
76732	0.0138347342
76733	0.003971690007
76734	0.002529844254
76735	0.01233845967
76736	0.01880981419
76737	0.007010425664
76738	0.01029659213
76739	0.007207888175
76740	0.01125346111
76741	0.004761681718
76742	0.001529221425
76743	0.004911911425
76744	0.01430038068
76745	0.001372682633
76746	0.003060771487
76747	0.01496804955
76748	0.001058741191
76749	0.001496218575
76750	0.002606752614
76751	0.0014574331
76752	0.01377847497
76753	0.006108958922
76754	0.002011266188
76755	0.001256327187
76756	0.006021937476
76757	0.006803752034
76758	0.003778532366
76759	0.008952543721
76760	0.007700826452
76761	0.001596279039
76762	0.003724655298
76763	0.0070881922
76764	0.01236995116
76765	0.001432139223
76766	0.003098559329
76767	0.002472062099
76768	0.00316568474
76769	0.007881129464
76770	0.001774713265
76771	0.004842726469
76772	0.00219763055
76773	0.01747261795
76774	0.008735623774
76775	0.002400156309
76776	0.003821271819
76777	0.009419391158
76778	0.001255879971
76779	0.02379520844
76780	0.00582220756
76781	0.01108848944
76782	0.009624233795
76783	0.008214023754
76784	0.00535603056
76785	0.002057324222
76786	0.0009069807579
76787	0.01311058368
76788	0.005254830784
76789	0.005061305241
76790	0.001562313857
76791	0.0152439521
76792	0.0008435539739
76793	0.004907610716
76794	0.003179940174
76795	0.007189831615
76796	0.001718122981
76797	0.004177041874
76798	0.00689825403
76799	0.003506386838
76800	0.01572622602
76801	0.008828982265
76802	0.00430658586
76803	0.002823338592
76804	0.006714623376
76805	0.003907435507
76806	0.007446955534
76807	0.0008131460355
76808	0.002339863532
76809	0.01132819927
76810	0.003955093402
76811	0.0012850218
76812	0.005717009412
76813	0.009275879353
76814	0.002535782084
76815	0.009329358215
76816	0.003292555998
76817	0.001029495899
76818	0.002697618772
76819	0.007461157389
76820	0.005051186254
76821	0.002675156771
76822	0.002320661425
76823	0.001614999528
76824	0.009387008018
76825	0.01395804348
76826	0.01111391797
76827	0.0001288790855
76828	0.0016529107
76829	0.0049530674
76830	0.004234931908
76831	0.002816196083
76832	0.00575177792
76833	0.00574230195
76834	0.01080490349
76835	0.003352368507
76836	0.003551493824
76837	0.007923954241
76838	0.0009508224364
76839	0.001130608885
76840	0.01272185484
76841	0.003579043107
76842	0.003052393218
76843	0.005342701108
76844	0.006341840053
76845	0.007055818128
76846	0.009606176945
76847	0.001339021747
76848	0.007250303997
76849	0.001523808774
76850	0.01155698228
76851	0.007641576389
76852	0.006705926821
76853	0.0005433473291
76854	0.004345603757
76855	0.0005400244965
76856	0.006449956341
76857	0.004662450083
76858	0.0001802286011
76859	0.002703324931
76860	0.001499675052
76861	0.009305330186
76862	0.005739454451
76863	0.008165606739
76864	0.002334627357
76865	0.0001674579669
76866	0
76867	0.0006711495547
76868	0.009833415882
76869	0.002199139421
76870	0.0009955708265
76871	0.0005867005051
76872	0.00136989727
76873	0.01054004336
76874	0.009236495716
76875	0.01654179192
76876	0.001503643753
76877	0.0009847398563
76878	0.003726561247
76879	0.004188047739
76880	0.01044122714
76881	0.008558630185
76882	0.003163057891
76883	0.002246557951
76884	0.01578154014
76885	0.00545986146
76886	0.00140270204
76887	5.326509971e-05
76888	0.001136642494
76889	0.002483563056
76890	0.01215368278
76891	0.0008136092365
76892	0.005136039994
76893	0.01875590656
76894	0.005231115273
76895	0.002516733707
76896	0.006151526959
76897	0.007575154669
76898	0.002603468317
76899	0.009823837752
76900	0.003892833432
76901	0.01413967592
76902	0.001839284143
76903	0.0005019533559
76904	0.004018622479
76905	0.01856546372
76906	0.001233290703
76907	0.001021018115
76908	0.0083038337
76909	0.001219049015
76910	0.009911124702
76911	0.0006494692611
76912	0.003506046367
76913	0.01011102228
76914	0.003646946901
76915	0.002882249275
76916	0.0001852812381
76917	0.002669978583
76918	0.002525104284
76919	0.001514796344
76920	0.00140130837
76921	0.004635395949
76922	0.005863464887
76923	0.003480568073
76924	0.002155696545
76925	0.002900629202
76926	0.0005760725175
76927	0.01120767647
76928	0.007365362867
76929	0.01340206897
76930	0.0008424228627
76931	0.01131415362
76932	0.008661168057
76933	0.002501835075
76934	0.01111552175
76935	7.87474135e-05
76936	0.01493273135
76937	0.00118951415
76938	0.004977081969
76939	0.006436545812
76940	0.009416626888
76941	0.009623114481
76942	0.01119941894
76943	0.0009870537759
76944	0.005752139097
76945	0.001823209304
76946	0.004245343009
76947	0.0003750273098
76948	0.00517813956
76949	0.005721779408
76950	0.000150148626
76951	0.002622626749
76952	0.0007879229272
76953	0.0005839145847
76954	0.005323071514
76955	0.004084528277
76956	0.00676192683
76957	0.0006956694838
76958	0.002351999453
76959	0.006627059139
76960	0.00926174111
76961	0.006271657837
76962	0.004380416318
76963	0.00981379247
76964	0.008174693997
76965	0.01120201363
76966	0.01054647281
76967	0.005814340142
76968	0.009468714764
76969	0.01258684554
76970	0.001493817277
76971	0.00945453948
76972	0.002001898066
76973	0.009253029505
76974	0.01293408458
76975	0.004230314509
76976	0.001776024294
76977	0.00213627458
76978	0.002215463837
76979	0.004251991164
76980	0.0001938832793
76981	0.001602386071
76982	0.02631006922
76983	0.01439204282
76984	0.01324538966
76985	0.009375036473
76986	0.005410854386
76987	0.007459975162
76988	0.009796431414
76989	0.01921687294
76990	0.004010684102
76991	0.006998987248
76992	0.0007653916256
76993	0.00122982813
76994	0.0001985799233
76995	0.003582729657
76996	0.005403771321
76997	0.00548616583
76998	0.00312742901
76999	0.003784902555
77000	0.001148219699
77001	1.995935108e-06
77002	0.002267274694
77003	0.01857681837
77004	0.02093785336
77005	0.0006982124289
77006	0.004112132346
77007	0.003159538728
77008	0.003984644199
77009	0.000221693141
77010	0.003365709366
77011	0.009289941788
77012	0.00807156268
77013	0.006598853704
77014	0.009917827095
77015	0.01282977983
77016	0.004979147859
77017	0.01549495866
77018	0.003930380387
77019	0.001732961735
77020	0.001501171052
77021	0.00764960013
77022	0.001164435164
77023	0.0002544851433
77024	0.009756444087
77025	0.0003164586416
77026	0.009989413287
77027	0.000742321996
77028	0.01074719063
77029	0.001564885068
77030	0.007105126557
77031	0.002873317251
77032	0.01002361947
77033	0.003439144822
77034	0.004736264896
77035	0.003432203466
77036	0.002789950387
77037	0.003372252563
77038	0.00334583411
77039	0.004958115892
77040	0.006917248686
77041	0.002695916693
77042	0.001572495174
77043	0.005441436301
77044	0.002619866296
77045	0.003265730175
77046	0.003069205576
77047	0.006921664268
77048	0.003661875856
77049	0.002887311793
77050	0.01299891694
77051	0.002199374894
77052	0.001126650317
77053	0.00484932873
77054	0.001731001998
77055	0.00323590578
77056	0.001247065675
77057	0.006013858273
77058	0.00046515283
77059	0.009837692744
77060	0.003038367997
77061	0.002048774662
77062	0.003364544536
77063	0.008764303011
77064	0.0103532386
77065	0.008548950511
77066	0.0001819291497
77067	0.0187318901
77068	0.003267005199
77069	0.005968280158
77070	0.0007847322678
77071	0.0107294545
77072	0.003844744115
77073	0.009478760811
77074	0.002228350294
77075	0.0005623029999
77076	0.004276353266
77077	0.000654431839
77078	0.01239905604
77079	0.00499626137
77080	0.008521213313
77081	0.0006899086525
77082	0.00131229299
77083	0.001676824932
77084	0.00818475481
77085	0.0003405938337
77086	0.006153437741
77087	0.01793938995
77088	0.01226016207
77089	0.02960967665
77090	0.005857784141
77091	0.0003760279603
77092	0.009612589453
77093	0.005923739939
77094	0.004378497194
77095	0.005281067061
77096	0.007936839207
77097	0.001822127164
77098	0.001024312269
77099	0.001740572645
77100	0.01179806167
77101	0.001176064313
77102	0.0110105625
77103	0.003063723333
77104	0.01553539722
77105	0.01388564287
77106	0.003294648969
77107	0.01495391582
77108	0.001535991231
77109	0.01318617801
77110	0.0007121878229
77111	0.002572724083
77112	0.006069236375
77113	0.01088723658
77114	0.003287140137
77115	0.003647610815
77116	0.005297710003
77117	0.009635523813
77118	0.002896339604
77119	0.01103132126
77120	0.009506507962
77121	0.0007614819561
77122	0.0009341283113
77123	0.0007449581738
77124	0.0009849281947
77125	0.0004486955115
77126	0.005185866327
77127	0.002081741058
77128	0.003523319731
77129	0.01462185401
77130	0.001821402167
77131	0.003972262703
77132	0.009746775785
77133	0.003304726114
77134	0.003990899993
77135	0.007007304358
77136	0.009107184175
77137	0.004519359921
77138	0.01727143272
77139	0.0007211887819
77140	0.002022962518
77141	0.0007971931154
77142	0.01214292742
77143	0.001208218468
77144	0.00580374998
77145	0.001046767899
77146	0.003011113319
77147	0.002502827979
77148	0.001220473022
77149	0.004260351985
77150	0.002486134144
77151	0.002489172228
77152	0.004915054873
77153	0.00439868832
77154	0.006651749914
77155	0.001775553501
77156	0.007178401632
77157	0.004665558876
77158	0.002565079542
77159	0.002176753083
77160	0.008794611495
77161	0.008100374649
77162	0.001607554668
77163	0.008328740335
77164	0.001030588169
77165	0.009436408832
77166	0.004987237724
77167	0.006287098807
77168	0.001959731309
77169	0.007059302436
77170	0.004330826018
77171	7.546596758e-05
77172	0.003228808504
77173	0.001461858862
77174	0.0022793357
77175	0.008086439434
77176	0.0044323723
77177	0.009649738198
77178	0.007922566579
77179	0.0001480591775
77180	2.618365929e-05
77181	6.790931075e-05
77182	0.00576200419
77183	0.005250812116
77184	0.02064693477
77185	0.0179488574
77186	0.008219209737
77187	0.008128941262
77188	0.0003724977498
77189	0.005378781759
77190	0.005271004541
77191	0.002716766845
77192	0.005139821039
77193	0.006345690035
77194	0.002691833436
77195	0.004342298114
77196	0.0101211195
77197	0.0006227343386
77198	0.004593240853
77199	0.0001604714876
77200	0.01439343308
77201	0.001626660611
77202	0.002250217496
77203	0.008347516311
77204	0.001339430244
77205	0.001493373599
77206	0.002778265279
77207	0.001202867515
77208	0.01447772078
77209	0.001269234325
77210	0.005540079225
77211	0.005666175496
77212	0.006308773005
77213	0.004323235361
77214	0.0007818610981
77215	0.01409258536
77216	0.002388610624
77217	0.01624248992
77218	0.001453097606
77219	0.01236103655
77220	0.007262679387
77221	0.007953127474
77222	0.007694702805
77223	0.0003942640652
77224	0.005626195131
77225	0.02312932598
77226	0.002919871403
77227	0.00466752806
77228	0.02551751162
77229	0.004285402953
77230	0.013817136
77231	2.492684253e-05
77232	0.002273578081
77233	0.007882642698
77234	0.001853259357
77235	0.005272482202
77236	0.0007762470594
77237	0.004468599756
77238	0.001205662502
77239	0.01566504965
77240	0.001284498815
77241	0.006410764695
77242	0.009817538408
77243	0.009306487264
77244	0.002080316365
77245	0.008373595832
77246	0.008263578859
77247	0.001180730831
77248	0.002448081067
77249	0.01454524592
77250	0.004083133686
77251	0.007488429945
77252	0.01051760894
77253	0.001999776227
77254	0.005719521236
77255	0.0003977607453
77256	0.004948662641
77257	0.001922470926
77258	0.006591199118
77259	0.006945474022
77260	0.01651465613
77261	0.0009200764133
77262	0.001500760721
77263	0.007394812953
77264	0.01053436606
77265	0.002317098537
77266	0.004941011855
77267	0.0002872301722
77268	0.002329615934
77269	0.01082517775
77270	0.008555438263
77271	0.006776698149
77272	0.008521075521
77273	0.004411179618
77274	0.01395048577
77275	0.0008463775698
77276	0.004896261496
77277	0.005087058316
77278	0.01279669143
77279	0.000504878611
77280	0.01203574657
77281	0.004294557426
77282	0.01103657733
77283	0.002755545535
77284	0.002748317451
77285	0.004614651406
77286	0.0008709275815
77287	0.004078121038
77288	0.004251543859
77289	0.008916487885
77290	0.008605743982
77291	0.002947170833
77292	0.008619303725
77293	0.01697832059
77294	0.007912136554
77295	0.006079871504
77296	0.008505768083
77297	0.002129637155
77298	0.002014941031
77299	0.005239764019
77300	0.001452888812
77301	0.00231012088
77302	0.003160704732
77303	0
77304	0.004439435956
77305	0.01738296675
77306	0.007172386054
77307	0.005197188676
77308	0.001980983878
77309	0.004112559375
77310	0.007180398052
77311	0.01502917635
77312	0.005083760407
77313	0.004033897998
77314	0.01252001648
77315	0.00208062315
77316	0.0002696298495
77317	0.003793972307
77318	0.01090385917
77319	0.001381841363
77320	0.007949070631
77321	0.004867542444
77322	0.0008411995529
77323	0.005116476202
77324	0.01061238804
77325	0.00318083249
77326	0.002265935277
77327	0.009693590967
77328	0.004805431317
77329	0.006694003514
77330	0.001385002978
77331	0.006809342595
77332	0.009033261817
77333	0.005006031419
77334	0.001626750588
77335	0.009379085727
77336	0.002409113574
77337	0.008566872338
77338	0.008057853718
77339	0.001518533966
77340	0.001557225817
77341	0.004771248943
77342	0.004206148705
77343	0.001102236476
77344	0.008000177966
77345	0.001458650937
77346	0.01089736047
77347	0.001444895526
77348	0.003399030492
77349	0.00306149711
77350	0.004047428388
77351	0.007585444176
77352	0.002021395586
77353	0.003194199291
77354	0.0192720275
77355	0.01084464629
77356	0.003007234722
77357	0.004967469416
77358	0.002795882055
77359	0.01502119133
77360	0.01370843258
77361	0.001684004792
77362	0.002855835671
77363	0.004135636197
77364	0.01094005565
77365	0.001842185407
77366	0.003968963454
77367	0.004821503198
77368	0.001741982228
77369	4.130855827e-05
77370	0.004749048895
77371	0.003361695918
77372	0.006380263372
77373	0.002795766042
77374	0.001874019569
77375	0.01444486544
77376	0.005716719645
77377	0.0007505832187
77378	0.004116714429
77379	0.01315617945
77380	0.005277832598
77381	0.00139258969
77382	0.0179208036
77383	0.01620487805
77384	0.008425071654
77385	0.0105561935
77386	0.003074224499
77387	0.003477842254
77388	0.00843314989
77389	0.004521706747
77390	0.001555399121
77391	0.01193253814
77392	0.008852023568
77393	0.0005973151937
77394	0.005813743862
77395	0.005600864766
77396	0.002248485484
77397	0.002817874242
77398	0.005650295972
77399	0.004397924234
77400	0.01909936551
77401	0.007489556167
77402	0.002683473519
77403	0.01395067374
77404	0.0006026554467
77405	0.006405592158
77406	0.008809643861
77407	0.0006301228162
77408	0.009799450805
77409	0.006446653107
77410	0.001943615631
77411	0.005733065782
77412	0.01026451522
77413	0.001859299294
77414	0.008910493289
77415	0.001379979741
77416	0.001691914577
77417	0.0001118310932
77418	0.002101290846
77419	0.001767910352
77420	0.003569048273
77421	0.009344156044
77422	0.01761526158
77423	0.00152221307
77424	0.01095103812
77425	0.004502222608
77426	0.00267585345
77427	0.01559254747
77428	0.002277339961
77429	0.005872952811
77430	0.004419639097
77431	0.002076864967
77432	8.948836145e-05
77433	0.003476439464
77434	0.004290479687
77435	0.003344335945
77436	0.002348446509
77437	0.008589174709
77438	0.003581636845
77439	0.002503262868
77440	0.001317879261
77441	0.001816625684
77442	0.007798948103
77443	0.001490987608
77444	0.0002621576529
77445	0.007309309441
77446	0.001675767808
77447	0.008194466942
77448	0.001949683333
77449	0.00427474129
77450	0.01024616914
77451	0.009288623343
77452	0.01094603144
77453	0.002710510594
77454	0.001467819293
77455	0.003249421527
77456	0.001123546588
77457	0.002879452642
77458	0.005554584844
77459	0.002097459549
77460	0.01135770188
77461	0.009962388213
77462	0.004230204828
77463	0.002811286419
77464	0.009674907476
77465	0.01176714719
77466	0.01986457713
77467	0.003335580536
77468	0.00234358786
77469	0.00508946298
77470	0.007764888413
77471	0.01538182253
77472	0.009100924021
77473	0.01331157082
77474	0.007501045891
77475	0.000493362692
77476	0.007142090996
77477	0.004607724443
77478	0.03262294481
77479	0.001695073614
77480	0.004691975867
77481	0.0003533385759
77482	0.0005827912824
77483	0.007867252999
77484	0.0002461028439
77485	0.003718106425
77486	0.001939995984
77487	0.004583449469
77488	0.007489539417
77489	0.0008307764944
77490	0.00778303776
77491	0.00445222772
77492	0.006775187343
77493	0.00110456245
77494	0.002253261373
77495	0.004788600682
77496	0.003770378401
77497	0.01167634883
77498	0.001015803572
77499	0.005089057307
77500	0.01203719539
77501	0.00381867895
77502	0.01254460948
77503	0.01593427461
77504	0.009278170977
77505	0.001713041881
77506	0.0006563291338
77507	0.002585317924
77508	0.007638320379
77509	0.005063929031
77510	0.004630331836
77511	0.002147351735
77512	5.786086691e-05
77513	0.002554366339
77514	0.008532775307
77515	0.01373350878
77516	0.0006412477097
77517	0.003180349094
77518	0.01309838753
77519	0.01376907228
77520	0.001819335824
77521	9.500637898e-05
77522	0.01797643058
77523	0.004487597889
77524	0.008697734169
77525	0.0003193488089
77526	0.004924401086
77527	0.003174733419
77528	0.0002066736512
77529	0.002019477674
77530	0.009033980739
77531	0.007125399096
77532	0.002212155837
77533	0.002930471068
77534	0.003827088207
77535	0.007159115265
77536	0.006520481508
77537	0.004064364986
77538	0.01258678203
77539	0.001312529274
77540	0.003033527261
77541	0.002722262214
77542	0.000266056772
77543	0.00125336668
77544	0.009048911582
77545	0.003595202712
77546	0.006245989798
77547	0.004045147023
77548	0.003597071636
77549	0.006985904479
77550	0.004318779949
77551	0.002977986408
77552	0.007066877974
77553	0.002222884709
77554	0.006023381096
77555	0.004281366893
77556	0.004385874102
77557	0.002311550419
77558	0.005388889511
77559	0.005000689296
77560	0.003484749007
77561	0.01334455919
77562	0.005114027703
77563	0.005501898759
77564	0.00246624637
77565	0.003328030154
77566	0.004799413808
77567	0.0002150181297
77568	0.004663652422
77569	0.0002260982803
77570	0.0009764100582
77571	0.007129007601
77572	0.004042959523
77573	0.0001140422954
77574	0.006523017027
77575	0.002635017082
77576	0.01455062138
77577	0.006645382779
77578	0.003717578417
77579	0.0008940661916
77580	0.005244605872
77581	0.008062799881
77582	0.0004812745991
77583	0.004260113836
77584	0.002751840792
77585	0.004708928227
77586	0.001932739087
77587	0.008566953289
77588	0.01411976014
77589	0.001865755754
77590	0.004728654525
77591	0.009358843572
77592	0.02524351215
77593	0.02525970007
77594	0.01008362388
77595	0.003265830725
77596	0.00210881118
77597	0.001665666283
77598	0.006714433114
77599	0.001835678248
77600	0.001955289359
77601	0.00315338394
77602	0.006332614302
77603	0.01784314507
77604	0.0006146402485
77605	0.003163042764
77606	0.0003722135455
77607	0.003470593789
77608	0.0004648150653
77609	0.002381739504
77610	0.006636009221
77611	0.00424096804
77612	0.001522928336
77613	0.006849162788
77614	0.006410992813
77615	0.0002036898417
77616	0.00202625651
77617	0.0006501819039
77618	0.007309245916
77619	0.002370993114
77620	0.002110817231
77621	0.01316464221
77622	0.00480499054
77623	0.002266349797
77624	0.000184866702
77625	0.002333576134
77626	0.009824276277
77627	0.01031110438
77628	0.01226041482
77629	0.008159006143
77630	0.01073613805
77631	0.002478027467
77632	0.002399761411
77633	0.00522344462
77634	0.002516187374
77635	0.0005104148656
77636	0.007911846691
77637	0.00479369795
77638	0.006621011503
77639	0.005472185358
77640	0.002772912688
77641	0.00555477293
77642	0.005983313119
77643	0.003100063458
77644	0.005573650008
77645	0.01853730408
77646	0.006258283963
77647	0.0006694955608
77648	0.009304276054
77649	0.01121741635
77650	0.01549000236
77651	0.007714139968
77652	0.01652788914
77653	0.009209979125
77654	0.0104622186
77655	0.01595537185
77656	0.001650224834
77657	0.002035418221
77658	0.002039584674
77659	0.003437181131
77660	0.004888233755
77661	0.001917170808
77662	0.005281583175
77663	0.009865629589
77664	0.001116524952
77665	0.003274863036
77666	0.00485304222
77667	0.004308700566
77668	0.01288914337
77669	0.001884889763
77670	0.002048109796
77671	0.0005453442141
77672	0.008834373122
77673	0.004819436247
77674	0.009903501357
77675	0.004973898537
77676	0.006864294185
77677	0.004432657279
77678	0.01814004609
77679	0.005766539704
77680	0.01710417479
77681	0.01555777
77682	0.003636467301
77683	0.01191620945
77684	0.003255385139
77685	0.001880633076
77686	0.002664540914
77687	0.004269955272
77688	0.002133210142
77689	0.004201308325
77690	0.008354731827
77691	0.006878831616
77692	0.006411520681
77693	0.0007773340638
77694	0.01227075045
77695	0.008341798782
77696	0.0035687743
77697	0.001374204315
77698	0.008157431949
77699	0.007345895413
77700	0.008912263781
77701	0.01472741766
77702	0.008105597311
77703	0.002178682149
77704	0.003784236128
77705	0.0008461000001
77706	0.01100752038
77707	0.00380921353
77708	0.002277508091
77709	0.01015951503
77710	0.0006624060219
77711	0.01071770047
77712	0.01793232573
77713	0.005886617988
77714	0.002068892711
77715	9.075498203e-05
77716	0.007382902639
77717	0.01222212208
77718	0.01806272048
77719	0.01127088666
77720	0.003158936895
77721	0.01040003867
77722	0.004442017706
77723	0.00319807941
77724	0.002976839984
77725	0.007026396853
77726	0.007706375456
77727	0.0009253018913
77728	0.007218642102
77729	0.00530638531
77730	0.01592153745
77731	0.001179003331
77732	0.0007262380417
77733	0.002660385528
77734	0.0005202061789
77735	0.02080271615
77736	0.004844020145
77737	0.004924124038
77738	0.01282830614
77739	0.003083975459
77740	0.01340795511
77741	0.00468514362
77742	0.01529898377
77743	0.007330880633
77744	0.005435309777
77745	0.01644204235
77746	5.269049426e-05
77747	0.002566845459
77748	0.01732002313
77749	0.003306908879
77750	0.0001066255658
77751	0.005472077966
77752	0.002368407099
77753	0.01164209421
77754	0.01175944568
77755	0.001706291086
77756	0.0005423426753
77757	0.01607339936
77758	0.003954720347
77759	0.01229910694
77760	0.0122634352
77761	0.007287168398
77762	0.00427814757
77763	0.004353630809
77764	0.000497539757
77765	0.003525491442
77766	0.00378299529
77767	0.007063949257
77768	0.003745922271
77769	0.002938058696
77770	0.0007635598885
77771	0.002081870359
77772	0.006996485386
77773	0.005037302513
77774	0.0009849400718
77775	0.01013388169
77776	0.00560130378
77777	0.003490755743
77778	0.006618062997
77779	0.0007094952214
77780	0.008209795928
77781	0.001077442198
77782	0.01057429269
77783	0.01172594481
77784	0.002064258838
77785	0.005443729291
77786	0.000734371789
77787	0.01196745046
77788	0.008203549648
77789	0.01351675532
77790	0.01414208109
77791	0.007118213511
77792	0.001170717936
77793	0.01479853879
77794	0.01578767896
77795	0.003299988058
77796	0.0119682587
77797	0.004100717261
77798	0.01716870337
77799	0.01239533488
77800	0.005537155016
77801	0.005830063173
77802	0.002095250498
77803	0.007115048858
77804	0.001428383023
77805	0.002730251048
77806	0.002462308538
77807	0.01052588458
77808	0.0008331836236
77809	0.005121355492
77810	0.01147165972
77811	0.002763051556
77812	0.0007517197302
77813	0.001561012848
77814	0.001955317322
77815	0.004245692522
77816	0.001510500528
77817	0.005763478996
77818	0.002474024919
77819	0.006678936838
77820	0.0002289060796
77821	0.002876912208
77822	0.005352639349
77823	0.002147884661
77824	0.01055924479
77825	0.006099667879
77826	0.002074154293
77827	0.007102456997
77828	0.009875492599
77829	0.01713362844
77830	0.01071001215
77831	0.008771598997
77832	0.002584099113
77833	0.007149507309
77834	0.002385662551
77835	0.005247202039
77836	0.004115886703
77837	0.001994279556
77838	0.01399792523
77839	0.008063445299
77840	0.001613668572
77841	0.001982807212
77842	0.000145293095
77843	0.004194677169
77844	0.003554317379
77845	0.001800372914
77846	0.01158294824
77847	0.005746534538
77848	0.005771440387
77849	4.781070404e-05
77850	0.003480483576
77851	0.003822219383
77852	0.001766505262
77853	0.003719042085
77854	0.001460072967
77855	0.00565879547
77856	0.005815548612
77857	0.00730290405
77858	0.003700147229
77859	0.005326301603
77860	0.001060067603
77861	0.009996725213
77862	0.002259807561
77863	0.0008493214698
77864	0.001372567502
77865	0.008510953864
77866	0.006626873155
77867	0.01602502257
77868	0.001687815031
77869	0.004340540458
77870	0.0002924018423
77871	0.001778674969
77872	0.005494156286
77873	0.005437571713
77874	0.005691580718
77875	0.003098488411
77876	0.02105380431
77877	0.008358298436
77878	0.002755556863
77879	0.01376791377
77880	0.01370391696
77881	0.003352422792
77882	0.0002659467347
77883	0.001886548124
77884	0.01664805454
77885	0.01030705369
77886	0.002318417471
77887	0.02171286582
77888	8.703447344e-05
77889	0.003140714295
77890	0.004996303575
77891	0.01732577109
77892	0.002716171498
77893	0.01305087054
77894	0.001904384122
77895	0.002649979286
77896	0.005477992596
77897	0.01974528907
77898	5.66122018e-05
77899	0.004811120432
77900	0.005555679892
77901	0.01117012699
77902	0.01408747474
77903	0.007314776952
77904	0.00144525876
77905	0.007643941893
77906	0.002283265159
77907	0.002596640089
77908	0.006975983557
77909	0.002744927554
77910	0.004112711261
77911	0.005590634266
77912	0.006581840409
77913	0.00386654595
77914	0.009169247451
77915	0.007699876114
77916	0.00340608201
77917	0.008123218548
77918	0.001715710613
77919	0.001057060816
77920	0.003327849674
77921	0.009998361798
77922	0.008599185519
77923	0.00397610952
77924	0.001660208413
77925	0.007734007616
77926	0.009707829587
77927	0.0002461452572
77928	0.001009290636
77929	1.908988776e-05
77930	0.01259325119
77931	0.01168115387
77932	0.0008579626408
77933	0.0004844211702
77934	0.0001419784739
77935	0.004078141143
77936	0.007440411071
77937	0.0003730653055
77938	0.01002289167
77939	0.003662245284
77940	0.00402530852
77941	0.009888901002
77942	0.01048385478
77943	0.003062454166
77944	0.005419153591
77945	0.002553155051
77946	0.006415716462
77947	0.001322816198
77948	0.004681846557
77949	0.01837536395
77950	0.003240872315
77951	0.007347015056
77952	0.002673302383
77953	0.002844409669
77954	0.0009789378804
77955	0.0004264713021
77956	0.005220136232
77957	0.005156538721
77958	0.003399431342
77959	0.0004828095919
77960	0.005516004022
77961	0.002551196231
77962	0.00434464012
77963	0.0006500466244
77964	0.01670564055
77965	0.002434304701
77966	0.003403462973
77967	0.00447141076
77968	0.003927177028
77969	0.002933677558
77970	0.004158702624
77971	0.007535743625
77972	0.003789709158
77973	0.00551622704
77974	0.006571490149
77975	0.007219829207
77976	0.002780862979
77977	0.01245218006
77978	4.489687758e-05
77979	0.003724651112
77980	0.005014841901
77981	0.002117922567
77982	0.001858268368
77983	0.005326065602
77984	0.006387503932
77985	0.01080080768
77986	0.005919391767
77987	0.002080607502
77988	0.0001213754838
77989	0.01049216365
77990	0.03057922957
77991	0.007707303822
77992	0.0003911426219
77993	0.003773802112
77994	0.002325476824
77995	0.009879984323
77996	0.002859063917
77997	0.01264677002
77998	0.001184486033
77999	0.006058503785
78000	0.0003321015678
78001	0.007181722186
78002	0.02081869789
78003	0.001085778114
78004	0.00634075215
78005	0.001010987258
78006	0.0005690055834
78007	0.001107087763
78008	0.002901077623
78009	0.002225654983
78010	0.001947057572
78011	0.0005675066579
78012	0.001607264766
78013	0.007493565493
78014	0.008525025075
78015	0.0005720145949
78016	0.01048563417
78017	0.01325985775
78018	0.001039060511
78019	0.001113089934
78020	0.008698428896
78021	0.005687525779
78022	0.0005289415437
78023	0.01445241207
78024	0.002452753161
78025	0.001120488143
78026	0.0005054651512
78027	0.0008575681902
78028	0.004621644809
78029	0.01932108912
78030	0.01132547087
78031	0.008609451134
78032	0.006591684165
78033	0.01357104878
78034	0.007276873916
78035	0.008550941155
78036	0.000926504712
78037	0.007665271167
78038	0.002641705975
78039	0.003464767329
78040	0.005070828804
78041	0.00178995595
78042	0.001072035632
78043	0.008548341489
78044	0.00369096732
78045	0.001405991995
78046	0.01199277499
78047	0.003761830254
78048	0.01055030604
78049	0.005840602995
78050	0.006516374082
78051	0.005829488415
78052	0.003680854725
78053	0.001651438677
78054	0.01149361104
78055	0.00740732645
78056	0.009465753855
78057	0.007549902654
78058	0.01346540364
78059	0.001481031874
78060	0.005018255521
78061	0.02257130665
78062	0.01315179354
78063	0.01400665724
78064	0.01639530828
78065	0.0005681848766
78066	0.004996461472
78067	0.001660055059
78068	0.008265751763
78069	0.008051036151
78070	0.002512157801
78071	0.00300187926
78072	0.02413438205
78073	0.003138442903
78074	0.01169798522
78075	0.0001358921571
78076	0.0009975709528
78077	0.01150177704
78078	0.003165068056
78079	0.002864858458
78080	0.00328875912
78081	0.002627994003
78082	0.00383918615
78083	0.003428919236
78084	0.002349198533
78085	0.007489612167
78086	0.0007940694418
78087	0.002096734574
78088	0.003609868991
78089	0.01417463132
78090	0.002809998091
78091	0.005531559292
78092	0.0005417014266
78093	0.001141761234
78094	0.009609701173
78095	0.002690283557
78096	0.00911276913
78097	0.0077750042
78098	0.01188369206
78099	0.001327811774
78100	0.007057354461
78101	0.0004548633117
78102	0.004523812909
78103	0.0008898035002
78104	0.005913082256
78105	0.003756604538
78106	0.0007218805123
78107	0.01225965648
78108	0.001027223141
78109	0.003397083692
78110	0.000501637866
78111	0.01557633474
78112	0.0003375693798
78113	0.0005617531538
78114	0.008689201262
78115	0.009953987224
78116	0.004878924279
78117	0.0013850595
78118	0.003033800001
78119	0.008725001596
78120	0.005244882738
78121	0.001370973638
78122	0.001368509107
78123	0.0007064161841
78124	0.01303016994
78125	0.001539197685
78126	0.002259796332
78127	0.0009281772237
78128	0.0005326718871
78129	0.001764394056
78130	0.004133453997
78131	0.0007435540087
78132	0.01110868515
78133	0.008117593515
78134	0.000910953063
78135	0.00827464596
78136	0.0093594126
78137	0.000645112312
78138	0.003081164025
78139	0.01015053425
78140	0.003037945875
78141	0.000568169928
78142	0.0003559666936
78143	0.006071750539
78144	0.005918230914
78145	0.002898681375
78146	0.005914145754
78147	0.008903506145
78148	0.005538225975
78149	0.00890440869
78150	0.009190898771
78151	0.007264262544
78152	0.01336567072
78153	0.007195444863
78154	0.003148559044
78155	0.02470060016
78156	0.005363386119
78157	0.006112188933
78158	0.0008015738881
78159	0.004047413919
78160	0.001967369041
78161	0.007851058962
78162	0.0078603096
78163	0.0004431360853
78164	0.0004604006527
78165	0.01056940163
78166	0.008239335066
78167	0.007781844602
78168	0.001664556298
78169	0.0007444266754
78170	0.006242810985
78171	0.006328108582
78172	0.02095608728
78173	0.01313207619
78174	0.00271910401
78175	0.0006661707683
78176	0.01883178748
78177	0.005158933128
78178	0.003947150247
78179	0.00690686587
78180	0.004381585938
78181	0.005302091808
78182	0.001841808967
78183	0.002658749329
78184	0.0005476541831
78185	0.001953018053
78186	0.0005509687807
78187	0.01573588505
78188	0.003331358579
78189	0.001970843782
78190	0.003314509481
78191	0.01519542306
78192	0.0073924739
78193	0.007595123023
78194	0.01477732393
78195	0.008347326671
78196	0.009374210164
78197	0.005991588802
78198	0.003770218038
78199	0.001137762912
78200	0.005939027405
78201	0.00158640589
78202	0.0104272827
78203	0.01583945717
78204	0.0028802841
78205	0.01307249024
78206	0.003192643286
78207	0.01201106797
78208	0.006716346823
78209	0.0002545594631
78210	0.0006331375823
78211	0.0003188242689
78212	0.002227768344
78213	0.004862036727
78214	0.007146992821
78215	0.0002433003105
78216	0.01039426505
78217	4.381320968e-07
78218	0.007935100856
78219	0.002677798446
78220	0.008164307763
78221	0.006876813077
78222	0.001810987849
78223	0.001946205997
78224	0.002293521975
78225	0.002921226334
78226	0.003559143771
78227	0.002588181403
78228	0.006468538271
78229	0.009726937139
78230	0.009871661015
78231	0.008917391131
78232	0.008448460385
78233	0.005754550424
78234	0.02207613599
78235	0.00525874432
78236	0.00702765117
78237	0.00393593685
78238	0.004054540424
78239	0.003767537995
78240	0.007878371682
78241	0.005653289635
78242	0.002225803024
78243	0.0003928886724
78244	0.003242898541
78245	0.0002110953541
78246	0.01298527905
78247	0.01301960308
78248	0.006176446386
78249	0.003066414884
78250	0.006126693542
78251	0.00244994184
78252	0.01318249332
78253	0.006572584385
78254	0.005197783382
78255	0.004912405907
78256	0.001901112373
78257	0.0005261088874
78258	0.009365620886
78259	0.003592359493
78260	0.001199555186
78261	0.0006975538738
78262	0.003424748385
78263	0.005213810826
78264	0.01115551625
78265	0.01172914823
78266	0.005242439028
78267	0.009852260526
78268	0.02216745352
78269	0.001180475917
78270	0.01048893318
78271	0.004080438883
78272	0.001897168826
78273	0.002989656216
78274	0.004600593186
78275	0.009780869828
78276	0.0009326113993
78277	0.006146514217
78278	0.0228317744
78279	0.002806121018
78280	0.005714955017
78281	0.002303279181
78282	0.004872464627
78283	0.004255967457
78284	0.00404098032
78285	0.009772842694
78286	0.0007625485902
78287	0.008041648163
78288	0.006765604895
78289	0.006938590452
78290	0.007992960425
78291	0.002451864602
78292	0.006618125622
78293	0.002275179287
78294	0.008626763649
78295	0.004451269223
78296	0.004512121322
78297	0.007191149817
78298	0.01176421621
78299	0.0002723829978
78300	0.003602597959
78301	0.0001470385308
78302	0.01839465413
78303	0.01089757522
78304	0.002483705586
78305	0.007926578989
78306	0.02226863546
78307	0.005851764804
78308	0.02043873692
78309	0.0124236669
78310	0.00542368083
78311	0.00198085351
78312	0.008696422318
78313	0.006583378455
78314	0.01292059943
78315	0.006098708321
78316	0.001668452947
78317	0.0003014491739
78318	0.0004265264324
78319	0.003384659621
78320	0.003452267026
78321	0.001105730131
78322	0.001974078616
78323	0.000693231609
78324	0.005142904515
78325	0.008884217019
78326	0.0008584367421
78327	0.01175459604
78328	0.008368877411
78329	0.001716991754
78330	0.015275092
78331	0.007739768266
78332	0.01016775255
78333	0.004775183977
78334	0.004968506318
78335	0.0004366342872
78336	0.01260551143
78337	0.0006190361424
78338	0.00485033614
78339	0.01377760403
78340	0.0008746055555
78341	0.0007953714634
78342	0.004494615879
78343	0.002675348106
78344	0.001354935818
78345	0.01329461431
78346	0.005168886388
78347	0.002481356163
78348	0.003248393543
78349	0.001831413269
78350	0.0008938233062
78351	0.003837397271
78352	0.0002651727945
78353	0.002265217038
78354	0.01259717999
78355	0.01169477495
78356	0.001018358718
78357	0.006738083915
78358	0.001987488484
78359	0.001111861758
78360	0.005291467343
78361	0.009562122883
78362	0.004552418932
78363	0.009265144337
78364	0.007995116074
78365	0.001089984018
78366	0.00503651895
78367	0.006306918792
78368	0.0002255664898
78369	0.004717099795
78370	0.01293932157
78371	0.01574873561
78372	0.01180488303
78373	0.01757753062
78374	0.0009889247435
78375	0.009996230185
78376	0.007240306937
78377	0.009701363239
78378	0.003615867338
78379	0.02613777725
78380	0.002078325886
78381	0.0002536102179
78382	0.0008419103335
78383	0.006637694767
78384	0.01040374536
78385	0.004210783206
78386	0.003442298392
78387	0.003006187068
78388	0
78389	0.01234651318
78390	0.01182283734
78391	0.005147081943
78392	0.005010797759
78393	0.005692022383
78394	0.009539388758
78395	0.01131464806
78396	0.009434385022
78397	0.01390753467
78398	0.005233845736
78399	0.00690743216
78400	0.001875424677
78401	0.01011749027
78402	0.006009767372
78403	0.00153975878
78404	0.008013643208
78405	0.00596285516
78406	0.001252827863
78407	0.009667113577
78408	0.01170737493
78409	0.008192720499
78410	0.006403452
78411	0.005995894231
78412	0.02115184457
78413	0.003109473881
78414	0.002542821052
78415	0.003429870495
78416	0.004422216275
78417	0.001937907027
78418	0.007028376846
78419	0.001703140403
78420	0.001005012368
78421	0.003912890925
78422	0.005901650255
78423	0.004931015917
78424	0.00524786857
78425	0.003734183392
78426	0.002069866228
78427	0.01415285699
78428	0.0002078506163
78429	0.01603148235
78430	0.02609489597
78431	0.003779238384
78432	0.007626536686
78433	0.01043729969
78434	0.001701236283
78435	0.002950569242
78436	0.01602656727
78437	0.0004158014603
78438	0.01069401529
78439	0.0005852337238
78440	0.002531573003
78441	0.001461554106
78442	0.002617698769
78443	0.01580515252
78444	0.003281380484
78445	0.002539591785
78446	0.002999461604
78447	0.002328150454
78448	0.002212361478
78449	0.01021569444
78450	0.002364233497
78451	0.004362066071
78452	0.0008358639486
78453	0.0006371134305
78454	0.006500821366
78455	0.005512330128
78456	0.003100858898
78457	0.01239550481
78458	0.0009889632842
78459	0.0008168603774
78460	0.01333794825
78461	0.01420453262
78462	0.003005190013
78463	0.009024102942
78464	0.02267256062
78465	0.000420603847
78466	0.01461734539
78467	0.0002080784639
78468	0.001319120373
78469	0.002185390891
78470	0.01364163994
78471	0.009291016802
78472	0.000446630408
78473	0.009051290056
78474	0.0006761135208
78475	0.005151440648
78476	0.008938836859
78477	0.008891910154
78478	0.005092175249
78479	0.001763437488
78480	0.01337614988
78481	0.003354479502
78482	0.01584031243
78483	0.003861454161
78484	0.00346308383
78485	0.01585490199
78486	0.001885084005
78487	0.0003960267261
78488	0.00590641195
78489	0.005056230651
78490	6.980505996e-05
78491	0.00240635062
78492	0.007019727944
78493	0.002253282011
78494	0.00372769326
78495	0.01026832549
78496	0.012900033
78497	0.001267036933
78498	0.001140350259
78499	0.003178823035
78500	0.00821963683
78501	0.004646048376
78502	0.002442764744
78503	0.01947198431
78504	0.005781395701
78505	0.003263281392
78506	0.01224056412
78507	0.002139648452
78508	0.008773957612
78509	0.006376244998
78510	0.0006555795293
78511	0.001684345731
78512	0.006797624834
78513	0.002399400153
78514	0.0119514051
78515	0.0001929763803
78516	0.003530480537
78517	0.007039899418
78518	0.001536528099
78519	0.00132611359
78520	0.0005897704147
78521	0.01095765452
78522	0.002913199834
78523	0.002270397192
78524	0.002298427829
78525	0.003518659224
78526	0.007313407639
78527	0.003040900866
78528	0.02764401184
78529	0.008935553979
78530	0.003452895523
78531	0.005392036688
78532	0.0109004059
78533	0.004419702008
78534	0.002735301047
78535	0.01132722301
78536	0.008728230582
78537	0.008580247691
78538	0.01032973092
78539	0.00250438918
78540	0.0001968286013
78541	0.001093622022
78542	0.008956038569
78543	0.01130086856
78544	0.0068650672
78545	0.01245041904
78546	0.00528623295
78547	0.01214772204
78548	0.005833057198
78549	0.005007566208
78550	0.005229112533
78551	0.02387972155
78552	0.01015565808
78553	0.003936429678
78554	0.00152895664
78555	0.002886369016
78556	0.002874541343
78557	0.003479514255
78558	0.008448269496
78559	0.0007937448287
78560	0.007523306209
78561	0.005254860995
78562	0.006026974246
78563	0.007809727547
78564	0.003400010387
78565	0.001026215027
78566	0.001514634978
78567	0.001979743295
78568	0.0003153244695
78569	0.010810248
78570	0.002677325947
78571	0.009328807641
78572	0.001931474446
78573	0.01477965525
78574	0.006997654471
78575	0.003800584865
78576	0.0002212288362
78577	0.01119273748
78578	0.0122263161
78579	0.006841133177
78580	0.0186780353
78581	0.0003923009003
78582	0.009657897366
78583	0.001358347388
78584	0.00716318158
78585	0.01516775527
78586	0.008400314182
78587	0.002073070463
78588	0.005011404072
78589	0.001035822545
78590	0.000178459884
78591	0.001309695296
78592	0.004452971001
78593	0.0003691230972
78594	0.003011049396
78595	0.0006311408007
78596	0.003963207913
78597	0.003104997729
78598	0.0003122558441
78599	0.001275369631
78600	0.006208303581
78601	0.002733113121
78602	0.004436794318
78603	0.002846940251
78604	0.006853501399
78605	0.004358736673
78606	0.009453775901
78607	0.001415782849
78608	0.003408862411
78609	0.0005116394874
78610	0.005737101696
78611	0.00264692356
78612	0.003926083491
78613	0.007977559617
78614	0.005914715745
78615	0.01828773028
78616	0.003919606802
78617	0.003100220387
78618	0.002447862647
78619	0.000168295397
78620	0.008636743443
78621	0.009599893693
78622	0.004421528398
78623	0.007002838085
78624	0.004142916654
78625	0.01577364996
78626	0.001027186783
78627	0.007946421997
78628	0.000101612741
78629	0.001243562181
78630	0.00142650577
78631	0.00558052792
78632	0.002583449565
78633	0.008375113052
78634	0.01848751247
78635	0.001256360482
78636	0.009279610706
78637	0.002046778019
78638	0.0004148679443
78639	0.01322593549
78640	0.002955058249
78641	0.0003709616154
78642	0.003574475493
78643	0.005750238334
78644	0.0003638724606
78645	0.0007629341148
78646	0.008644194307
78647	0.007014615262
78648	0.005415055425
78649	0.001595398609
78650	0.002570906754
78651	0.005051612913
78652	0.001277131091
78653	0.01498052826
78654	0.01676700574
78655	0.01068994605
78656	0.002857843655
78657	0.01481014295
78658	0.02150783048
78659	0.01101058679
78660	0.0198821096
78661	0.01976398119
78662	0.00182236989
78663	0.002134054729
78664	0.002178382759
78665	0.004166333116
78666	0.0003296340651
78667	0.002895136637
78668	0.01237541087
78669	0.0039877641
78670	0.0003687816108
78671	0.01305975198
78672	0.01149821421
78673	0.00314526326
78674	0.01209253546
78675	0.001076277614
78676	0.005012854574
78677	0.003194923111
78678	0.007262513719
78679	0.003086526518
78680	0.01763272661
78681	0.00243515124
78682	0.004313296548
78683	0.004487366121
78684	0.002576311838
78685	2.048449897e-05
78686	2.868845799e-05
78687	0.01232376944
78688	0.01578704662
78689	0.006335690579
78690	0.002297457601
78691	0.01272968983
78692	0.002911691627
78693	0.01169020298
78694	0.01567573319
78695	0.007255895559
78696	0.004856301227
78697	0.01702742744
78698	0.01114737191
78699	0.002662721256
78700	0.004426639221
78701	0.001602968686
78702	0.006143992184
78703	0.01208020117
78704	0.002152115
78705	0.0008189019577
78706	0.01281079731
78707	0.006455484128
78708	0.007313298367
78709	0.0007526701234
78710	0.002974436068
78711	0.0005047919266
78712	0.006858338425
78713	0.005264859541
78714	0.009130951221
78715	0.01014919465
78716	0.002416902674
78717	0.002944369975
78718	0.005648488701
78719	0.0004168007566
78720	0.01153072848
78721	0.009669835002
78722	0.007645331253
78723	0.008878776929
78724	0.006916674579
78725	0.0007745366909
78726	0.005582053072
78727	0.01151557609
78728	0.008933358928
78729	0.006758141979
78730	0.001145524253
78731	0.01280148813
78732	0.02445753314
78733	0.002316638919
78734	0.0172289984
78735	0.000986261347
78736	0.006256510663
78737	0.00788143451
78738	0.01278975278
78739	0.002385866692
78740	0.004060161222
78741	0.02004464739
78742	0.0002487440916
78743	0.01124068885
78744	0.004493932916
78745	0.001122188631
78746	0.007506460946
78747	0.002568415579
78748	0.0008800478633
78749	0.004369102797
78750	0.006795531904
78751	0.004392699483
78752	0.006458891124
78753	0.003531951212
78754	0.002374695526
78755	0.008052697379
78756	0.004990408489
78757	0.001316569968
78758	0.01268389937
78759	0.009824040981
78760	0.001161838742
78761	0.00462684985
78762	0.007834186058
78763	0.001961447708
78764	0.006298451723
78765	0.0002853745335
78766	0.0005507353701
78767	0.01235364869
78768	0.008841809461
78769	0.01097090573
78770	0.01106195949
78771	0.008905638947
78772	0.0020417771
78773	0.002470577497
78774	0.00137029687
78775	0.001816427573
78776	0.01649739987
78777	0.00156718681
78778	6.25593911e-05
78779	0.005969191031
78780	0.005725725859
78781	0.004986811354
78782	0.002263405331
78783	0.005884696308
78784	0.005293707765
78785	0.00933118834
78786	0.01663236624
78787	0.01030178231
78788	0.0006848084662
78789	0.004245345191
78790	0.0002440132566
78791	0.001624114351
78792	0.00676764001
78793	0.006432571073
78794	0.02197722053
78795	0.004066892261
78796	0.0004997046108
78797	0.002651915062
78798	0.005054800115
78799	0.0005154076753
78800	0.01057491374
78801	0.01259692373
78802	0.0120259415
78803	0.005198956603
78804	0.002743578112
78805	0.002890346525
78806	0.005124988484
78807	0.005515611156
78808	0.004005180206
78809	0.004636262028
78810	0.008748060109
78811	0.004810692898
78812	0.004484443194
78813	0.0002245243335
78814	0.001139479832
78815	0.01916576488
78816	0.01052210571
78817	0.00540723045
78818	0.01610826971
78819	0.0005376385943
78820	0.00177918504
78821	0.005099829113
78822	0.001084160302
78823	0.001581783284
78824	0.0002855374798
78825	6.972091482e-05
78826	0.001866581383
78827	0.003383254862
78828	0.005617350981
78829	0.005905442091
78830	0.009341176723
78831	0.001166243433
78832	0.003380196724
78833	0.003603516692
78834	0.01103345806
78835	0.004676874675
78836	0.003843618473
78837	0.005219075442
78838	0.005217250581
78839	0.01560820413
78840	0
78841	0.008504979388
78842	0.0004523992989
78843	0.008106537939
78844	0.00028464172
78845	0.007542380747
78846	0.0007348155949
78847	0.008498143911
78848	0.008797883376
78849	0.002724975151
78850	0.01149741592
78851	0.001751469439
78852	0.009065511247
78853	0.0008196976462
78854	0.002437288403
78855	0.02296662246
78856	0.004595353772
78857	0.01289463874
78858	0.003546638539
78859	0.001065197377
78860	0.01339970968
78861	0.0005911425631
78862	0.02137111347
78863	0.009964297108
78864	0.00294459876
78865	0.000146556921
78866	0.0009185363932
78867	0.001647350412
78868	0.004871567077
78869	0.004644619352
78870	0.01567001733
78871	0.002561317768
78872	0.01265209715
78873	0.009517574355
78874	0.002640792312
78875	0.0005034397132
78876	0.01792787415
78877	0.00236909209
78878	0.000274068807
78879	0.0002666530019
78880	0.005079465901
78881	0.004725177151
78882	0.0002119605262
78883	0.005429610565
78884	0.0007949053973
78885	0.00785698911
78886	0.0005044838746
78887	0.007159752039
78888	0.005883551839
78889	0.02097019132
78890	0.001037108445
78891	0.001894466113
78892	0.004834310235
78893	0.0005823870247
78894	0.005660436662
78895	0.00523812572
78896	0.003194013184
78897	0.0001734673267
78898	0.008745030241
78899	0.009629974499
78900	0.002225530555
78901	0.01335933865
78902	0.001183436798
78903	0.002071759836
78904	0.00362528867
78905	0.008733389602
78906	0.01643396943
78907	0.002164851114
78908	0.00382346997
78909	0.0001893516503
78910	0.005919509756
78911	0.0005337345866
78912	0.02015589263
78913	0.005131570634
78914	0.00394887473
78915	0.003480664414
78916	0.0002889701802
78917	0.00123089288
78918	0.007370861726
78919	0.007187452546
78920	0.00127085638
78921	0.003363437913
78922	0.003754808051
78923	0.0008677320146
78924	0.0009288845711
78925	0.002085298742
78926	0.02582112737
78927	0.0007431540633
78928	0.005795399236
78929	0.002586185752
78930	0.001994395364
78931	0.001700037975
78932	0.01238910393
78933	0.004241335448
78934	0.002537970261
78935	0.005618311325
78936	0.002460455281
78937	0.002144513149
78938	0.01169410323
78939	0.0003630533725
78940	0.007791681936
78941	0.001290674492
78942	0.0008711222874
78943	0.00949304944
78944	0.01879128725
78945	0.001348260419
78946	0.0005469831038
78947	0.000741597566
78948	0.001114843422
78949	0.002923740307
78950	0.01717679873
78951	0.001347668437
78952	0.008940669387
78953	0.0006901101867
78954	0.00100418449
78955	0.00135267698
78956	0.006472373698
78957	0.009717134084
78958	0.006589184092
78959	0.004191358081
78960	0.009595385596
78961	0.009879460778
78962	0.005334700441
78963	0.007324331062
78964	0.01020802056
78965	0.003354944046
78966	0.006326010487
78967	0.01252345244
78968	0.007685739917
78969	0.005113341661
78970	0.007914891383
78971	0.001402689283
78972	0.00609025099
78973	0.001522190712
78974	0.005785325948
78975	0.002545191791
78976	0.01258138078
78977	0.01598037938
78978	0.004467241688
78979	0.01466226029
78980	0.001402074183
78981	0.0009822477141
78982	0.00192021195
78983	0.005124970166
78984	0.001136760378
78985	0.002715336382
78986	0.01233369131
78987	0.01633748121
78988	0.00654519332
78989	0.01105067288
78990	0.008318617133
78991	0.007752504523
78992	0.0005096756107
78993	0.001571024366
78994	0.01541308723
78995	0.02326991308
78996	0.005865941721
78997	0.003173731807
78998	0.01292084951
78999	0.001381721553
79000	0.004716436595
79001	0.003157167578
79002	0.00168459998
79003	0.005034943452
79004	0.007803024449
79005	0.006391442972
79006	0.00752713322
79007	0.007826412065
79008	0.01159860195
79009	0.005943354676
79010	0.003753886307
79011	0.003972585656
79012	0.006680698585
79013	0.007578234864
79014	0.006886668675
79015	0.00400438881
79016	0.005954338941
79017	0.004283197651
79018	0.00712814573
79019	0.002192550748
79020	0.006917265821
79021	0.001818094826
79022	0.01132547553
79023	0.006958608777
79024	0.006123719181
79025	0.00579080805
79026	0.005849838846
79027	0.003424058385
79028	0.001406251362
79029	0.005255026332
79030	0.002775354644
79031	0.0001359984335
79032	0.001728457696
79033	0.01028710365
79034	0.01876516049
79035	0.001053550571
79036	0.000659064374
79037	0.004563180698
79038	0.003886879261
79039	0.004167838109
79040	0.01034748786
79041	0.005882879251
79042	0.01081379331
79043	0.0004597517645
79044	0.005406469207
79045	0.008403751459
79046	0.001104568291
79047	0.003365822519
79048	0.003444511146
79049	0.005433883416
79050	0.002159636029
79051	0.003428435545
79052	0.0005343521425
79053	0.0008072091265
79054	0.005155536162
79055	0.0006265635646
79056	0.001726761389
79057	0.00583911539
79058	0.0006133691439
79059	0.007205602665
79060	0.002355305555
79061	0.005800438035
79062	0.005028395548
79063	0.004975502788
79064	0.00379025143
79065	0.001360943649
79066	0.0043666379
79067	0.004174512699
79068	0.01423571433
79069	0.003233797751
79070	0.006440979793
79071	0.006627404792
79072	0.003215253337
79073	0.00366121003
79074	0.0007356574378
79075	0.01413191797
79076	0.004353139756
79077	0.002687520243
79078	0.01077789632
79079	0.0002255259271
79080	0.003103990004
79081	0.008531499601
79082	0.0004618611362
79083	0.003099218702
79084	0.001860325069
79085	0.01056831899
79086	0.002213208634
79087	0.01242091852
79088	0.001387531857
79089	0.001561126822
79090	0.01056509449
79091	0.007297460707
79092	0.001818451725
79093	0.005596738533
79094	0.007690565511
79095	0.004537998425
79096	0.001653330473
79097	0.00163053944
79098	0.01781704797
79099	0.01214994436
79100	0.008617700438
79101	0.004637351417
79102	0.009151375714
79103	0.009070186059
79104	0.002968008822
79105	0.003583848265
79106	0.008204428936
79107	0.008940232587
79108	0.000123899738
79109	0.002551409751
79110	0.003461908747
79111	0.0003546685518
79112	0.01064592012
79113	0.00372515541
79114	0.002054735493
79115	0.004713403048
79116	0.001313960129
79117	0.0021232004
79118	0.008031929334
79119	0.003525404909
79120	0.003207161439
79121	0.001249592337
79122	0.001911200178
79123	0.01774502502
79124	0.002530362448
79125	0.002586666573
79126	0.004257530171
79127	0.0001650191075
79128	0.004000670491
79129	0.00067389575
79130	0.004501562575
79131	0.001662514377
79132	0.01242861188
79133	0.002763063767
79134	0.006307256969
79135	0.00483032508
79136	0.003923922278
79137	0.005072459624
79138	0.000450219679
79139	0.001820202996
79140	0.01028241211
79141	0.002046493604
79142	0.001035846554
79143	0.01497976077
79144	0.00261455737
79145	0.002076925276
79146	0.001516274674
79147	0.005286731405
79148	0.009712401541
79149	0.002981556875
79150	0.002399376224
79151	0.0002160557036
79152	0.01280888953
79153	0.00916437697
79154	0.005599065938
79155	0.001733848021
79156	0.002469089665
79157	0.002451692346
79158	0.002314569134
79159	0.0005298350027
79160	0.001178902579
79161	0.001706334754
79162	0.005055859968
79163	0.002790067259
79164	0.01017034562
79165	0.001425623609
79166	0.0009651009833
79167	0.006780144174
79168	0.002617066116
79169	0.005553870288
79170	0.005581885314
79171	0.003858491613
79172	0.005618254699
79173	0.01410346721
79174	0.001086176936
79175	0.003045613004
79176	0.0094488908
79177	0.0142254393
79178	0.004150825299
79179	0.001973165888
79180	0.01194354213
79181	0.006271465439
79182	0.01482641489
79183	0.001176229986
79184	0.01036844579
79185	0.007615399412
79186	8.050314241e-05
79187	0.02282978545
79188	0.0141305474
79189	0.02230825337
79190	0.002192222956
79191	0.003719063272
79192	0.001888238626
79193	0.009903435498
79194	0.005604814429
79195	0.01245578653
79196	0.008133255826
79197	0.006090324811
79198	0.005145127878
79199	0.007665364388
79200	0.0002642730518
79201	0.001544024376
79202	0.01076550954
79203	0.004684667961
79204	0.004457720074
79205	0.01642619445
79206	0.001859654437
79207	0.004207254154
79208	0.01324493923
79209	0.006722916471
79210	0.0002722886654
79211	0.001280536898
79212	0.0127448689
79213	0.001828305903
79214	0.003178570602
79215	0.003128433643
79216	0.00464016885
79217	0.009698346022
79218	0.007471680089
79219	0.0143661696
79220	0.000618883676
79221	0.005383239864
79222	0.007571072458
79223	0.01253714504
79224	0.003475365956
79225	0.004455773793
79226	0.01668873604
79227	0.002386871704
79228	0.007379071763
79229	0.003989119783
79230	0.005903901743
79231	0.00140236173
79232	0.007758731266
79233	0.01993915904
79234	0.00123350681
79235	0.004461104734
79236	0.007809385846
79237	0.0005617425331
79238	0.002644566317
79239	0.009664213018
79240	0.0001152693829
79241	0.00560067206
79242	0.002168719757
79243	0.009210578705
79244	0.004698571356
79245	0.001399650321
79246	0.0007994599438
79247	0.006395654032
79248	0.002867957624
79249	0.01027479423
79250	0.008915622639
79251	0.003605446271
79252	0.00217777379
79253	0.0006925623605
79254	0.01656991987
79255	0.003607253322
79256	0.008562725497
79257	0.004000652355
79258	0.001699242398
79259	0.001572892501
79260	0.0009934666955
79261	0.002246132723
79262	3.942499418e-05
79263	0.00627107528
79264	0.007310768013
79265	0.004206586434
79266	0.00379928985
79267	0.0007855528254
79268	0.008473571921
79269	0.002195228414
79270	0.01158157931
79271	0.007814275777
79272	0.001617885886
79273	0.001725961057
79274	0.0005295960758
79275	0.006082124504
79276	0.005903198335
79277	0.004247936017
79278	0.008586573081
79279	0.008556052785
79280	0.01187504313
79281	0.0003886979526
79282	0.001435121682
79283	0.01851860389
79284	0.003096995337
79285	0.005156421841
79286	0.000916651682
79287	0.001953940231
79288	0.01063633138
79289	0.000188075721
79290	0.0005141596917
79291	0.001579112157
79292	0.007248111248
79293	0.01202180878
79294	0.007636302866
79295	0.0002885802899
79296	0.004584162423
79297	0.004909554763
79298	0.001866869584
79299	0.0002667710787
79300	0.004592193287
79301	0.004063075971
79302	0.02811009489
79303	0.001869819405
79304	0.009338279334
79305	0.001412656905
79306	0.0006577305275
79307	0.01405250043
79308	0.006649252745
79309	0.001689610024
79310	0.002413187964
79311	0.002951674735
79312	0.006744200446
79313	0.001658113758
79314	0.0009708460194
79315	0.003668607346
79316	0.004317406938
79317	0.0126824816
79318	0.01708122995
79319	0.002534575397
79320	0.0009222805887
79321	0.01225173257
79322	0.002633112679
79323	0.006908485912
79324	0.004944410094
79325	0.004293353947
79326	0.003977576892
79327	0.005767231961
79328	0.0132994993
79329	0.00263504788
79330	0.0002201595295
79331	0.001952021826
79332	0.001246038859
79333	0.001860627925
79334	0.01365482233
79335	0.002399795535
79336	0.01591532565
79337	0.008629500799
79338	0.008921449902
79339	0.001050938115
79340	0.006460228368
79341	0.007513160105
79342	0.0002116580859
79343	0.0002552931575
79344	0.001337399781
79345	0.005198117178
79346	0.004033416909
79347	0.01044677185
79348	0.002805559496
79349	0.006181966716
79350	0.003843867171
79351	0.01799357094
79352	0.002483277373
79353	0.001343991512
79354	0.0004353119704
79355	0.007785995037
79356	0.005140797116
79357	0.003206921054
79358	0.001188257198
79359	0.009454096166
79360	0.001216950063
79361	0.01472824873
79362	0.002646601016
79363	4.636868751e-05
79364	0.0005317288532
79365	0.005466555689
79366	0.001335923207
79367	0.01073617597
79368	0.01155283097
79369	0.0001476674261
79370	0.00748253416
79371	0.02026787951
79372	0.004889577535
79373	0.009727912214
79374	0.002935616715
79375	0.003526823827
79376	0.0003902410305
79377	0.01103037173
79378	0.01332104975
79379	0.0111897064
79380	0.003789129927
79381	0.003802483948
79382	0.001000686502
79383	0.002121961343
79384	0.002693873876
79385	0.002046388745
79386	0.004113122498
79387	0.001400726734
79388	0.008635150675
79389	0.006312322044
79390	0.01498064323
79391	0.006220553944
79392	0.0002685035269
79393	0.004146519962
79394	0.005296874326
79395	0.003042267748
79396	0.01503904972
79397	0.0002672132094
79398	0.01597681666
79399	0.002416709285
79400	0.0001944918645
79401	0.0006361515858
79402	0.002142815313
79403	0.001810810826
79404	0.00283929172
79405	0.01257241673
79406	0.001363668116
79407	0.004450817486
79408	0.01202317725
79409	0.0004677963005
79410	0.004694272918
79411	0.003703656075
79412	0.00291047961
79413	0.001735151192
79414	0.004519542898
79415	0.005902657749
79416	0.01109807933
79417	0.002874823003
79418	0.0005301882431
79419	0.003109261568
79420	0.006564758977
79421	0.0001252487593
79422	0.00187125032
79423	0.008122541756
79424	0.0002969861742
79425	0.001027139636
79426	0.004421015367
79427	0.003591740341
79428	0.002974147048
79429	0.002136726646
79430	0.007161079949
79431	0.008187994371
79432	0.001129177172
79433	0.006185096735
79434	0.0001755016774
79435	0.003868977145
79436	0.004906748325
79437	0.002439034714
79438	0.005310084651
79439	0.005203530505
79440	0.0001062738341
79441	0.01531653228
79442	0.003848039897
79443	0.005848535951
79444	0.003691719608
79445	0.004605704044
79446	0.0005952771615
79447	0.00324536289
79448	0.01157496083
79449	0.003902922129
79450	0.01185312163
79451	0.01347404173
79452	0.0001898387139
79453	0.001142761528
79454	2.434067205e-08
79455	0.005133886957
79456	0.001603858632
79457	0.004808692917
79458	0.005089667617
79459	0.001634452609
79460	0.006404140951
79461	0.002286078696
79462	0.01227970188
79463	0.0005155010242
79464	0.005919383132
79465	0.003375222683
79466	0.001330947325
79467	0.01009593189
79468	0.008173241084
79469	0.007762479493
79470	0.003271747969
79471	0.0003727202049
79472	0.0007012483355
79473	0.0004695244055
79474	0.003960230407
79475	0.003772186263
79476	0.005065943973
79477	0.002180505685
79478	0.004084341337
79479	0.01093614437
79480	3.734890252e-05
79481	0.0011995366
79482	0.004123342488
79483	0.002335769678
79484	0.0002527695672
79485	0.01753746125
79486	0.006665848892
79487	0.00926884309
79488	0.002401883213
79489	0.01306784515
79490	0.00334240944
79491	0.006075746195
79492	0.0005951122408
79493	0.000710255516
79494	0.006426639293
79495	0.01361375387
79496	0.002000944397
79497	0.006543542777
79498	0.004404379123
79499	0.002135852828
79500	0.0008139836217
79501	0.01967234864
79502	0.004633122705
79503	0.0008296346376
79504	0.001596854457
79505	0.00345442504
79506	0.00804081803
79507	0.004257258405
79508	0.0003891564745
79509	0.0006104273659
79510	0.0001599780045
79511	0.00792143625
79512	0.008480168098
79513	0.009073414388
79514	0.0007288928571
79515	0.012462934
79516	0.008774986405
79517	0.004442045774
79518	0.007803031608
79519	0.01448070308
79520	0.00518715196
79521	0.02027771217
79522	0.006513681462
79523	0.002494487161
79524	0.00461848836
79525	0.004102882262
79526	0.002477508409
79527	0.006422902832
79528	0.001387549675
79529	0.004927250016
79530	0.004513792381
79531	0.006563461773
79532	0.004859717925
79533	0.005658441374
79534	0.006302184726
79535	0.003125762328
79536	0.01594957507
79537	0.0002498705823
79538	0.009689662793
79539	0.007324534129
79540	0.0008419994533
79541	0.01862850997
79542	0.009366638588
79543	0.002856244759
79544	0.006555442896
79545	0.002533592978
79546	0.005424959742
79547	0.007092367787
79548	0.007275812096
79549	0.007218027367
79550	0.002086643239
79551	0.00631228831
79552	0.01579316107
79553	0.005055367126
79554	0.003285125813
79555	0.0004452060351
79556	0.005974443484
79557	0.001081407367
79558	0.001403650625
79559	0.003723992177
79560	0.003039367925
79561	0.006570036403
79562	0.005001489738
79563	0.001064981907
79564	0.0009039675984
79565	0.001134418365
79566	0.01206761127
79567	0.005729471829
79568	0.01291812616
79569	0.000101425205
79570	0.002677258091
79571	0.004190614917
79572	0.005236571657
79573	0.005344310998
79574	0.006214685542
79575	0.003450331287
79576	0.001979447395
79577	0.001551803437
79578	0.002148942882
79579	0.003824309187
79580	0.007932965568
79581	0.002479076016
79582	0.005429379128
79583	0.004893669411
79584	0.01008984159
79585	0.005222545118
79586	0.003899364342
79587	0.0118493657
79588	0.003162972656
79589	0.01525495181
79590	0.001023110283
79591	0.005051871186
79592	0.01189321809
79593	0.006990785591
79594	0.001453003502
79595	0.0005252811363
79596	0.006140642292
79597	0.0006720620898
79598	0.002707088541
79599	0.0003130606002
79600	0.001257311016
79601	1.959755094e-05
79602	0.002776917357
79603	0.00230070211
79604	0.003084162945
79605	0.0008763741186
79606	0.003409827761
79607	0.0001484802489
79608	0.005754816586
79609	0.00101664358
79610	0.001688273794
79611	0.001728776131
79612	0.006282168046
79613	0.0002695068147
79614	0.007081222924
79615	0.0003811047492
79616	0.0006114245998
79617	0.01455495785
79618	0.01746024458
79619	0.001433257621
79620	0.00983175314
79621	0.01583123783
79622	0.0005259935614
79623	0.001511497062
79624	0.003326335782
79625	0.01268268054
79626	0.01159838588
79627	0.004148584756
79628	0.008553798306
79629	0.0005318045781
79630	0.005542436936
79631	0.004175692943
79632	0.005679801358
79633	0.02056347531
79634	0.000355369047
79635	0.00255550391
79636	0.00427040734
79637	0.005783175769
79638	0.002900484118
79639	0.01544047211
79640	0.002133920486
79641	0.01514858219
79642	0.01867600348
79643	0.006592517985
79644	0.0005520018276
79645	0.01392175249
79646	0.002390274765
79647	0.003532089652
79648	0.001599017235
79649	0.008129878584
79650	0.01195605511
79651	0.002304468168
79652	0.003333319525
79653	0.005232411897
79654	0.005450476184
79655	0.007030429439
79656	0.002876166181
79657	0.01203399432
79658	0.01049079011
79659	0.01474997399
79660	0.004040165705
79661	0.0005217308407
79662	0.004455964669
79663	0.01396539336
79664	0.006728494834
79665	0.000107595551
79666	0.004131377812
79667	0.004793796486
79668	0.001882220616
79669	0.001934367245
79670	0.0005958892274
79671	0.005732521941
79672	0.001070480049
79673	0.0073280512
79674	0.01409202632
79675	0.008570067801
79676	0.002235386155
79677	0.01155486901
79678	6.544004472e-05
79679	0.007026015625
79680	0.005294849002
79681	0.02074786465
79682	0.007291274849
79683	0.004068024929
79684	0.005384217822
79685	0.007374289476
79686	0.005704810611
79687	0.009383211374
79688	0.0001860595613
79689	0.0133431469
79690	0.007089969188
79691	0.001135242828
79692	0.002607934142
79693	0.003767417241
79694	0.008293932516
79695	0.01001508602
79696	0.001760910364
79697	0.006928504783
79698	0.002175214852
79699	0.002840823992
79700	0.0003168624198
79701	0.005831854317
79702	0.01979405582
79703	0.002889001976
79704	0.008746984358
79705	0.00233840972
79706	0.0120680129
79707	0.001961741834
79708	0.002200291512
79709	0.00155061852
79710	0.004601436392
79711	0.0004210924482
79712	0.003010776326
79713	0.005233509313
79714	0.000674364911
79715	0.009394668811
79716	0.01197390008
79717	0.007313694533
79718	0.01176417352
79719	0.01375557465
79720	0.001603232579
79721	0.00171882701
79722	0.003377555476
79723	0.006268485297
79724	0.002070342166
79725	0.009487502842
79726	0.0009591565982
79727	0.001316377654
79728	0.001705503126
79729	0.008349077174
79730	0.006078434887
79731	0.01494516092
79732	0.01025489309
79733	0.001741314952
79734	0.01602823447
79735	0.005641805613
79736	0.0028516305
79737	0.008501314902
79738	0.01301642408
79739	0.003099590081
79740	0.002208625488
79741	0.007507283176
79742	0.00805972179
79743	0.01739802563
79744	0.005344964884
79745	0.005773560655
79746	0.0004521653009
79747	0.009694133839
79748	0.008555266805
79749	0.003165117918
79750	0.004094778384
79751	0.006262833284
79752	0.01425584061
79753	0.006442037143
79754	0.0001709970296
79755	0.001616439707
79756	0.007945323962
79757	0.001302654966
79758	0.005708065582
79759	0.01176641342
79760	0.0007838971319
79761	0.00685666096
79762	0.006802992548
79763	0.003934074216
79764	0.001952183247
79765	0.001854695222
79766	0.01096718939
79767	0.002881164958
79768	0.01001729068
79769	0.002034992688
79770	0.001898850388
79771	0.006683967745
79772	0.0007313176988
79773	0.004931325639
79774	0.009451866894
79775	0.008856270749
79776	0.005683155784
79777	0.001646359431
79778	0.005873548556
79779	0.004390003216
79780	0.002985586256
79781	0.007796657625
79782	1.71543784e-07
79783	0.001178960964
79784	0.002750811464
79785	0.0004366115088
79786	0.002750816213
79787	0.001019994161
79788	0.0007802298013
79789	0.003518920299
79790	0.009403462283
79791	0.01114386421
79792	6.112154821e-05
79793	0.002484748557
79794	0.005915823863
79795	0.002357282339
79796	0.01335183136
79797	0.01081383566
79798	0.004386641869
79799	0.0005289457271
79800	0.001753135621
79801	0.003502925277
79802	0.01087105797
79803	0.005610324254
79804	0.0006500196344
79805	0.005152479068
79806	0.006484584905
79807	0.001590246238
79808	0.005162953745
79809	0.007581838043
79810	0.008099490505
79811	0.01443095953
79812	0.02459872249
79813	0.002021069634
79814	0.002563040326
79815	0.001907129603
79816	0.01471734277
79817	0.00521309992
79818	0.0001503296888
79819	0.001546845074
79820	0.009921238747
79821	0.0009139066916
79822	0.001164206773
79823	0.001638763165
79824	0.001023638176
79825	0.01652942287
79826	0.004190058335
79827	0.003143941316
79828	0.006817844035
79829	0.001586831187
79830	0.001514796159
79831	0.008482904916
79832	0.01765284977
79833	0.006255317983
79834	0.003406159973
79835	0.002921033535
79836	0.00346438122
79837	0.003891418027
79838	0.0004369351623
79839	0.004922515473
79840	6.222534157e-05
79841	0.009177515651
79842	0.005813480401
79843	0.001393590651
79844	0.004301537268
79845	0.002008443245
79846	0.001408520278
79847	0.006284488351
79848	0.01252191323
79849	0.009719347074
79850	0.01597471045
79851	0.008328196327
79852	0.00140768095
79853	0.0115298312
79854	0.002697494737
79855	0.0003116907716
79856	0.0005712057576
79857	0.009167966666
79858	0.003935165905
79859	0.0005791657572
79860	0.00111942851
79861	0.004877073233
79862	0.009115213134
79863	0.008254466395
79864	0.001623622321
79865	0.01162843994
79866	0.008311783539
79867	0.003741801117
79868	0.003595609113
79869	0.007171473961
79870	0.00559286951
79871	0.005257796762
79872	0.0002692910846
79873	0.009343970303
79874	0.006436356481
79875	0.007266651177
79876	0.0004169458982
79877	0.003586719942
79878	0.002967509957
79879	0.003209226292
79880	0.003351364783
79881	0.007216648044
79882	0.008196594919
79883	0.005938675655
79884	0.004048623082
79885	0.0004484895533
79886	0.001385705226
79887	0.01158657181
79888	0.002907601046
79889	0.0008220946774
79890	0.01128294148
79891	0.005336562551
79892	0.006443207155
79893	0.00275072028
79894	0.0002182332426
79895	3.402973877e-05
79896	0.01421449139
79897	0.002637890207
79898	0.0004316709777
79899	0.02111584595
79900	0.003920409156
79901	0.01279301386
79902	0.01406289137
79903	0.002389888853
79904	0.0006057088827
79905	0.002862348575
79906	0.004919634938
79907	0.01034490437
79908	0.01120528586
79909	0.004447484113
79910	0.003734539828
79911	0.002928676788
79912	0.01425604047
79913	0.003222405227
79914	0.0002871118095
79915	0.0144490947
79916	0.003803695269
79917	0.000368915526
79918	0.005556064146
79919	0.002240850579
79920	0.002042089832
79921	0.003280417429
79922	0.001085198926
79923	0.001746552633
79924	0.007729392551
79925	0.002614695348
79926	0.003729337343
79927	0.004268838471
79928	0.009021333402
79929	0.005778874652
79930	0.00550630899
79931	0.01143735517
79932	0.003956923588
79933	0.00211149958
79934	0.005183978148
79935	0.003868193337
79936	0.00402561894
79937	0.004158768599
79938	0.004991585881
79939	0.002944067719
79940	0.0001201464609
79941	0.001824965686
79942	0.006200992612
79943	0.008842950322
79944	0.003998869674
79945	0.002367061119
79946	0.006938188821
79947	0.007742969141
79948	0.001350957197
79949	0.009844264001
79950	0.002975802226
79951	0.002553495259
79952	0.01093952482
79953	0.005915390051
79954	0.01189138808
79955	0.008589455466
79956	0.0003882785518
79957	0.0133985725
79958	0.00420933976
79959	0.001154367386
79960	0.006807399046
79961	0.0006468873027
79962	0.001290488201
79963	0.001616653732
79964	0.00407001539
79965	0.0005402907396
79966	0.0003665298898
79967	0.0008863800263
79968	0.005982203766
79969	0.001970219806
79970	9.696024323e-05
79971	0.0009230702865
79972	0.0103004525
79973	0.005641239809
79974	0.002073134983
79975	0.01036456376
79976	0.003076992851
79977	0.003423712843
79978	0.01251998822
79979	0.02510893055
79980	0.01438047083
79981	0.002650362844
79982	0.009251837562
79983	0.0164185
79984	0.01372647424
79985	0.00743866662
79986	0.01320254832
79987	0.01142972192
79988	9.249789425e-05
79989	0.006368136313
79990	0.002057544097
79991	0.01729001253
79992	0.0008382199266
79993	0.00960950497
79994	0.006538622626
79995	0.003014803869
79996	0.001981409091
79997	0.004415525346
79998	0.006591240417
79999	0.008256329736
80000	0.02122209215
80001	0.002424276879
80002	0.006333395629
80003	0.01265496633
80004	0.002577091183
80005	0.001993930287
80006	0.005740998802
80007	0.01108199275
80008	0.009456474888
80009	0.006837098043
80010	0.001851718205
80011	0.002874805679
80012	0.002149294366
80013	0.005005129283
80014	0.001962337059
80015	0.002791974052
80016	0.002870114794
80017	0.0003288317424
80018	0.002531396872
80019	0.01132069725
80020	0.005437800369
80021	0.001975159218
80022	0.006420976706
80023	0.00205456619
80024	0.003482410533
80025	0.006203403594
80026	0.002607219922
80027	0.01365352528
80028	0.007245544584
80029	0.003237862572
80030	0.007779284868
80031	0.005678179152
80032	0.007662068158
80033	0.009482624535
80034	0.004716821065
80035	0.002872494497
80036	0.007007010971
80037	0.0003717439189
80038	0.004322303785
80039	0.008324214999
80040	0.003418246507
80041	0.008360781706
80042	0.01132136192
80043	0.006546309329
80044	0.0003306258456
80045	0.003722342739
80046	0.01101483228
80047	0.0010444775
80048	0.003477621341
80049	0.008462567748
80050	0.0007783108314
80051	0.002019218912
80052	0.002500958463
80053	0.007395241568
80054	0.001231582312
80055	0.0004138641781
80056	0.001028454195
80057	0.0005321101889
80058	0.001238013112
80059	0.001061936134
80060	6.860559192e-05
80061	0.01162701172
80062	0.005344864258
80063	0.01982775505
80064	0.0008254351978
80065	0.0003278493155
80066	0.009644783632
80067	0.001234591478
80068	0.0151462927
80069	0.00280026703
80070	0.00833308464
80071	0.003735709572
80072	0.00720700999
80073	0.001779704763
80074	0.001186723229
80075	0.01141226114
80076	0.0002648429128
80077	0.004731898672
80078	0.002568791876
80079	0.0002990704181
80080	0.00633741646
80081	0.01107966467
80082	0.0004728376328
80083	0.01748934727
80084	0.009273480428
80085	0.005174750902
80086	0.003598576887
80087	0.004757803265
80088	0.0006984788311
80089	0.00651094359
80090	0.0130495546
80091	0.007577118599
80092	0.00839628091
80093	0.004966157616
80094	0.01198850494
80095	0.002277778533
80096	0.004228817447
80097	0.01207066746
80098	0.008197426918
80099	0.006510623747
80100	0.006619766748
80101	0.01808560296
80102	0.003173989656
80103	0.002171313
80104	0.006139542945
80105	0.006136063879
80106	0.008184000801
80107	0.000836650714
80108	0.003996281372
80109	0.001610831167
80110	0.0007291293309
80111	0.0007990934984
80112	0.006094195927
80113	0.004364275108
80114	0.01119446094
80115	0.01365734946
80116	0.008673318896
80117	0.0003117523028
80118	0.01565477841
80119	0.01314164006
80120	0.006021611755
80121	0.004011942593
80122	0.005739698784
80123	0.004700246534
80124	0.007861692696
80125	0.002586704228
80126	0.003143221506
80127	7.38486807e-05
80128	0.0002006060404
80129	0.0003930846303
80130	0.004131548497
80131	0.0007318079429
80132	0.0007421887635
80133	0.009648267655
80134	0.000435685729
80135	0.00586782244
80136	0.007024311991
80137	0.001693867289
80138	0.01174441974
80139	0.009521494324
80140	0.002069951441
80141	0.001406114871
80142	0.03615017933
80143	0.003481516295
80144	0.00040231305
80145	0.009847501379
80146	0.008351510388
80147	0.001299441406
80148	0.001120676049
80149	0.002397640801
80150	0.003604286937
80151	0.008850940774
80152	0.01288386487
80153	0.008463760176
80154	0.007519579865
80155	0.001093971428
80156	0.00286025775
80157	0.005660804422
80158	0.004201555849
80159	0.00248089517
80160	0.001618346107
80161	0.009365876806
80162	0.0005376319115
80163	0.002828749613
80164	0.002234329415
80165	0.005916675359
80166	0.0046614892
80167	0.0002475603751
80168	0.005210805485
80169	0.007585031926
80170	0.001974403999
80171	0.0002934435541
80172	0.0009684980136
80173	0.009180549021
80174	0.001108851795
80175	0.01501932593
80176	0.009930967658
80177	0.01095616545
80178	0.003864489934
80179	0.000354953863
80180	0.01654812004
80181	0.004285985871
80182	0.00102590568
80183	3.293321217e-05
80184	0.005747155622
80185	0.003701572327
80186	0.008596428379
80187	0.00632965236
80188	0.004786568804
80189	0.001165255258
80190	0.001012891746
80191	0.003913716831
80192	0.004025033177
80193	0.0005792505865
80194	0.007145396566
80195	0.0006098224562
80196	0.002017432912
80197	0.006566225823
80198	0.01988556154
80199	0.002936949961
80200	0.003536596721
80201	0.005998477454
80202	0.000307630706
80203	0.001602955218
80204	0.004568796616
80205	8.322458641e-05
80206	0.0004431271203
80207	0.006540216131
80208	0.007812288146
80209	0.01029014322
80210	0.001195686391
80211	0.006233458604
80212	0.001696563176
80213	0.00616914809
80214	0.02118685399
80215	0.008255548504
80216	0.005563667254
80217	0.02054290905
80218	0.0005034403151
80219	0.002912289028
80220	0.005752835728
80221	0.01306224475
80222	0.007255074028
80223	0.01474533162
80224	0.01105044204
80225	0.004411833237
80226	0.0003183126268
80227	0.002606585627
80228	0.0008453717066
80229	0.0004496277042
80230	0.002835575604
80231	0.004589060561
80232	0.005542802934
80233	0.005696308446
80234	0.003598596871
80235	0.009131241741
80236	0.008390404461
80237	0.001085801813
80238	0.004351285906
80239	0.004577393899
80240	0.00135194425
80241	0.009108589969
80242	0.009511448831
80243	0.002256111811
80244	0.009258773285
80245	0.005446592996
80246	0.003263237288
80247	0.001714477942
80248	0.0003613166211
80249	0.01209106817
80250	0.0008864959632
80251	0.0002446653962
80252	0.000811539233
80253	4.957690643e-05
80254	0.00947280036
80255	0.00692789143
80256	0.006204062546
80257	0.0005165199377
80258	0.003781276518
80259	0.0003054304337
80260	0.006696061533
80261	0.01081061456
80262	0.003230248133
80263	0.0008791694162
80264	0.01024344006
80265	0.001075276893
80266	0.004522471191
80267	0.01068440304
80268	0.007983553215
80269	0.001620390544
80270	0.01130354653
80271	0.004089455854
80272	0.001269517103
80273	0.001924157686
80274	0.01121246377
80275	0.007252607721
80276	0.0007297502409
80277	0.001340132647
80278	0.00270902824
80279	0.004658543876
80280	0.002554996991
80281	0.005506405823
80282	0.004347671065
80283	0.01090344049
80284	0.0001192798759
80285	0.002605163237
80286	0.002702659746
80287	0.003330798869
80288	0.0002590024772
80289	0.00386509541
80290	0.001341491513
80291	0.003154691545
80292	0.01262265697
80293	0.008621154278
80294	0.001345102038
80295	0.0005334174945
80296	0.0002784860682
80297	0.007982111392
80298	0.003430964396
80299	0.0005998685044
80300	0.0006458231241
80301	0.01176850923
80302	0.0025458852
80303	0.002811602684
80304	0.01322738056
80305	0.001396593792
80306	0.002929195392
80307	0.005187615019
80308	0.007749063029
80309	0.008472504006
80310	0.00085061593
80311	0.005598708715
80312	0.0007766632391
80313	0.005159520601
80314	0.002795839634
80315	0.001485893128
80316	0.00278840734
80317	0.005342000405
80318	0.001519848405
80319	0.00141803796
80320	0.01235101489
80321	0.002813091936
80322	0.01369355142
80323	0.01255988288
80324	0.001223867524
80325	0.005065749232
80326	0.002406612511
80327	0.001964921746
80328	0.003379353034
80329	0.0002566444961
80330	0.01061323155
80331	0.001535109351
80332	0.002355980309
80333	0.00151220158
80334	0.01700948928
80335	0.01391783461
80336	0.001909744368
80337	0.0003212204605
80338	0.001648664772
80339	0.00348222232
80340	0.008420518286
80341	0.002937369386
80342	0.004302374232
80343	0.007989705009
80344	0.009179868941
80345	0.007270479709
80346	0.01972999593
80347	0.0004257580072
80348	0.003554908024
80349	0.003227421597
80350	0.005628866732
80351	0.001602987188
80352	0.00509511409
80353	0.008809230992
80354	0.00057255761
80355	0.0005509266499
80356	0.01345285552
80357	0.0003011871538
80358	0.002063035998
80359	0.006066589606
80360	0.008133590379
80361	0.01104163555
80362	0.006688051004
80363	0.01352563653
80364	0.01781081694
80365	0.0008262699189
80366	0.0001785903849
80367	0.0018144471
80368	0.00451819262
80369	0.01725709125
80370	0.005720410697
80371	0.008427804118
80372	0.006215572521
80373	0.002313809439
80374	0.01071817115
80375	0.007896666031
80376	0.0007006178058
80377	0.007033916495
80378	0.0001977450749
80379	0.008596781577
80380	0.0008731589163
80381	0.003096018811
80382	0.01914920088
80383	0.01562941576
80384	3.146811467e-05
80385	0.01049581043
80386	0.002142381537
80387	0.001045543998
80388	0.01225518983
80389	0.0005147456538
80390	0.002685939328
80391	0.002615797779
80392	0.005198171931
80393	0.01065930847
80394	0.0007274186461
80395	0.001561235597
80396	0.0002974893246
80397	0.01727819435
80398	0.005229424747
80399	0.0007278342643
80400	0.002926742585
80401	0.01212192465
80402	0.003093981026
80403	0.00308912701
80404	0.007097346522
80405	0.0002168649258
80406	0.02406482829
80407	0.007587460175
80408	0.001409335578
80409	0.003786051843
80410	0.007052384014
80411	0.01168028131
80412	0.0114870558
80413	0.005128035031
80414	0.002593779703
80415	0.002814866361
80416	0.001732768004
80417	0.005536833117
80418	0.02018385803
80419	0.01165249284
80420	0.003316365711
80421	0.01035376948
80422	0.004712196196
80423	0.0003198556841
80424	0.007694848728
80425	0.005028950837
80426	0.002663515479
80427	0.0001080766946
80428	0.02513167332
80429	0.01169328839
80430	0.001132937204
80431	0.003388748126
80432	0.009691080427
80433	0.01416606896
80434	0.005690702807
80435	0.00427257434
80436	0.004478999255
80437	0.006662668259
80438	0.0009338169677
80439	0.005852788632
80440	0.007181230758
80441	0.01636577668
80442	0.001257266296
80443	0.002601448916
80444	0.004393107228
80445	0.003466309259
80446	0.006588169496
80447	0.0003806549242
80448	0.002185929339
80449	0.002817803236
80450	0.006510361712
80451	0.002058671432
80452	0.001238672515
80453	0.006331542606
80454	0.006276206033
80455	0.001293444324
80456	0.001855479498
80457	0.004575604539
80458	0.0002104102369
80459	0.006028525847
80460	0.004764888939
80461	0.001517135919
80462	0.005694892874
80463	0.00737719214
80464	0.005663728216
80465	0.0004714132372
80466	0.009423667252
80467	0.005505741539
80468	0.001357580665
80469	0.0004135956832
80470	0.003631326676
80471	0.002713790819
80472	0.006991563693
80473	0.005125748152
80474	0.006861392486
80475	0.008748219803
80476	0.003761541378
80477	0.01480336115
80478	0.0034689414
80479	7.302201649e-08
80480	0.0007062736074
80481	0.003736302646
80482	0.0009137510178
80483	0.0007619773049
80484	0.0128200616
80485	0.0007535968474
80486	0.005584071844
80487	0.007800989882
80488	0.001966726257
80489	0.001227208496
80490	0.003197664017
80491	0.0007070791696
80492	0.00212705459
80493	0.008650518054
80494	0.00368585852
80495	0.009200181282
80496	0.00305604263
80497	0.001547869116
80498	0.007064235559
80499	0.01194114645
80500	0.006782611024
80501	0.006921142569
80502	0.007012726679
80503	0.005142694763
80504	0.01173470257
80505	0.0009524206659
80506	0.004896298809
80507	0.01577541327
80508	0.01449951582
80509	0.00107426781
80510	0.01519642584
80511	0.003489490737
80512	0.006470265297
80513	0.00165985054
80514	0.002380767567
80515	0.004191464601
80516	0.006557814168
80517	0.00142367124
80518	0.003718087299
80519	0.002419012101
80520	0.0003801580033
80521	0.002250245208
80522	0.003787918079
80523	0.00557589386
80524	0.004455093208
80525	0.01054166487
80526	0.002392255127
80527	0.0005616944014
80528	0.001700559144
80529	0.007734460169
80530	0.006132687365
80531	0.008107739685
80532	0.001095993616
80533	0.01525478696
80534	0.002363656325
80535	0.00397912833
80536	0.008977853654
80537	0.001349269562
80538	0.006267365118
80539	0.004098962208
80540	0.01242766655
80541	0.01826153371
80542	0.0002032376592
80543	0.01250226154
80544	0.004814341734
80545	0.01832515422
80546	0.003199142009
80547	0.001246023559
80548	6.420755721e-05
80549	0.009925172253
80550	0.01186397426
80551	0.001873724529
80552	0.0109886407
80553	0.0001748628667
80554	0.007863046005
80555	0.001002637012
80556	0.0008948868633
80557	0.0002582630491
80558	0.001214175304
80559	0.003548766048
80560	0.00331211624
80561	0.001743244561
80562	0.01243550423
80563	0.001109659568
80564	0.006570994864
80565	0.004185960826
80566	0.001129484458
80567	0.01000157484
80568	0.007490564715
80569	0.01079309823
80570	0.003335196874
80571	0.002189588165
80572	0.002375682866
80573	0.01080488124
80574	0.005543992354
80575	0.002939586834
80576	0.007145091672
80577	0.0001938241397
80578	0.01073600458
80579	0.0009724074237
80580	0.008898431663
80581	0.006514960413
80582	0.01372650881
80583	0.004787927584
80584	0.01326862174
80585	0.01026902913
80586	0.0004457592465
80587	0.01798979964
80588	0.006057360376
80589	0.005931573708
80590	0.0004758629828
80591	0.0004916510519
80592	0.002757563016
80593	0.005345344235
80594	0.0003900871025
80595	0.003119959949
80596	0.0121723459
80597	0.002943049769
80598	0.002266507683
80599	0.006613545466
80600	0.003479398285
80601	0.01084519709
80602	0.001811336918
80603	0.01473021431
80604	0.001675361247
80605	0.01080594103
80606	0.003846883574
80607	0.0001148020661
80608	0.007664342533
80609	3.30465583e-05
80610	0.007436722613
80611	0.002615846828
80612	0.01606176038
80613	0.005478102432
80614	0.00880050852
80615	0.0008793322141
80616	0.003288892101
80617	0.006602066089
80618	0.002104023647
80619	0.002428259618
80620	0.01096871292
80621	0.001839065087
80622	0.003785395596
80623	0.0004820339322
80624	0.0009189098278
80625	0.002495220785
80626	0.006340772068
80627	0.01432868203
80628	0.01041143186
80629	0.00212329408
80630	0.001606521513
80631	0.002457520346
80632	0.000277192275
80633	0.0002333765252
80634	0.001056231609
80635	0.00172967005
80636	0.001880784636
80637	0.005001419624
80638	0.001235501788
80639	0.001273080153
80640	0.0002239506312
80641	0.007489311325
80642	0.01285512227
80643	0.001143396938
80644	0.0009659095017
80645	0.0008454489894
80646	0.008768923591
80647	0.00152529747
80648	0.02260800713
80649	0.001692281651
80650	0.006576432055
80651	0.004012594855
80652	0.009396789845
80653	0.001883510178
80654	0.004254267753
80655	0.0007987691333
80656	0.003895531969
80657	0.008815822084
80658	0.008449941598
80659	0.003851515976
80660	0.01361301828
80661	0.001887499146
80662	0.002508176319
80663	0.009664411408
80664	0.004996116542
80665	0.01345641055
80666	0.00491667966
80667	0.005004361991
80668	0.004681489507
80669	0.009234052883
80670	0.01042853169
80671	0.001437386175
80672	0.006134813211
80673	0.008261275501
80674	0.00479208423
80675	0.005895726639
80676	0.004399215798
80677	0.01245175876
80678	0.007414081082
80679	0.006304639254
80680	0.01155419767
80681	0.0008091075593
80682	0.0003941708795
80683	0.01722528047
80684	3.462418345e-05
80685	0.001110026617
80686	0.01439617517
80687	0.002715713236
80688	0.003190331737
80689	0.001873999031
80690	0.008338940057
80691	0.01090909519
80692	0.005805221399
80693	0.002230430066
80694	0.0052030554
80695	9.766765762e-05
80696	0.01525101581
80697	0.008443984096
80698	0.000790238872
80699	0.003314857697
80700	0.009715611499
80701	0.002812526075
80702	0.0006582538327
80703	0.001184890088
80704	0.003290830862
80705	0.003621246087
80706	0.0008387160009
80707	0.004896052493
80708	0.0002854990514
80709	0.01183921108
80710	0.004499466924
80711	0.001159332431
80712	0.000874710465
80713	0.0064227805
80714	0.003034613888
80715	0.003486267857
80716	0.004415054705
80717	0.002240734734
80718	0.003051353982
80719	0.002726313441
80720	0.0007576119755
80721	0.003506055464
80722	0.005996676353
80723	0.003403479916
80724	0.004421299728
80725	0.001043620183
80726	0.01519243261
80727	0.001322081207
80728	0.0007958511028
80729	0.01099269618
80730	0.001510112282
80731	0.006494072183
80732	0.002958200827
80733	0.001111441822
80734	0.004217269831
80735	0.004453540481
80736	0.002304994556
80737	0.002630827165
80738	0.0005376977611
80739	0.001581617682
80740	0.001338480694
80741	0.004032340547
80742	0.002077594767
80743	0.01126830148
80744	0.001153457379
80745	0.0005851143625
80746	0.003019508629
80747	0.002393905695
80748	0.0007830024515
80749	0.007809874802
80750	0.006290453189
80751	0.01119750555
80752	0.005502160354
80753	0.0003431734566
80754	0.006801170889
80755	0.0006260949178
80756	0.002442697437
80757	0.001373598822
80758	0.0005698530547
80759	0.001291833384
80760	0.003249962421
80761	0.00878569532
80762	0.006563287681
80763	0.01774343249
80764	0.01083176064
80765	0.002811998411
80766	0.007343660935
80767	0.005278862363
80768	0.008764735434
80769	0.00886013546
80770	0.003740351655
80771	0.003265112794
80772	0.01065393229
80773	0.003311037949
80774	0.0007844121016
80775	0.001934152881
80776	0.01155315281
80777	0.01067057968
80778	0.001892225863
80779	0.0006656588825
80780	0.00216359892
80781	0.007941740492
80782	0.001740876829
80783	0.003260028922
80784	0.007711907541
80785	0.003850473551
80786	0.007395368111
80787	0.001937380125
80788	0.01485440266
80789	0.004667267581
80790	0.00243603212
80791	0.009965339102
80792	0.01101535128
80793	0.006319316863
80794	0.006673702547
80795	0.00354728753
80796	0.009178779332
80797	0.01172878746
80798	0.004709587665
80799	0.0008784952818
80800	0.0001782673051
80801	0.01032726944
80802	0.00266577573
80803	0.005391518
80804	9.417910403e-05
80805	0.0070776108
80806	0.005730651271
80807	0.01075033899
80808	0.0006360915079
80809	0.006518182913
80810	0.001778412933
80811	0.002730218464
80812	0.003956647802
80813	0.0006811316423
80814	7.558863575e-05
80815	0.0007899997311
80816	0.00475579277
80817	0.01389688197
80818	0.007160697396
80819	0.002853797506
80820	0.0006814997727
80821	0.002723712493
80822	0.005119442202
80823	0.01102192377
80824	0.004358622397
80825	0.004812638049
80826	0.001547039642
80827	0.003127045237
80828	0.009464395144
80829	0.003011345178
80830	0.004734637331
80831	0.0027660176
80832	0.0006066483073
80833	0.0007469504696
80834	0.001656963547
80835	0.01086129583
80836	0.009333739486
80837	0.007861884132
80838	0.006168143465
80839	0.0007632436421
80840	0.00495758495
80841	0.008591589046
80842	0.01139795015
80843	0.0009201211612
80844	0.005006399458
80845	0.00983896497
80846	0.02456940409
80847	0.006526969832
80848	0.002285250976
80849	0.001675846929
80850	0.002456126475
80851	0.002388161366
80852	0.002877448657
80853	0.005448603157
80854	0.0006023931668
80855	0.0005700478527
80856	0.0009920356208
80857	0.0171929399
80858	0.003887862007
80859	0.005050284752
80860	0.01016149356
80861	0.001995800083
80862	0.003404153913
80863	0.006219401409
80864	0.003361279634
80865	0.001933809536
80866	0.004045355618
80867	0.0002388595351
80868	0.001260758437
80869	0.008165919499
80870	0.01036679341
80871	0.0006354603373
80872	0.002668157607
80873	0.004170809715
80874	0.0008243110481
80875	0.006811479087
80876	0.002919807531
80877	0.01386338264
80878	0.002604070982
80879	0.0006863062001
80880	0.008189390824
80881	0.0003272214264
80882	0.006381668327
80883	0.003307341944
80884	0.01070621881
80885	0.007544634475
80886	0.0007000498134
80887	0.007984999608
80888	0.0008465559072
80889	0.005749672852
80890	0.001289707909
80891	0.007412915962
80892	0.003358887393
80893	0.002823716833
80894	0.001510481842
80895	0.003816479465
80896	0.002440307925
80897	0.007661233068
80898	0.0007407582076
80899	0.00298218445
80900	0.002672531826
80901	0.008576422618
80902	0.003434533082
80903	0.004383720006
80904	0.00679412287
80905	0.01516497729
80906	0.006318386408
80907	0.01414478146
80908	0.004508560925
80909	0.001958858291
80910	0.002024618981
80911	0.00097251913
80912	0.01544421719
80913	0.003267773271
80914	0.01305871865
80915	0.0007373220666
80916	0.003495523928
80917	0.008537504766
80918	0.002877626975
80919	0.004542336893
80920	0.006461620962
80921	0.001442800991
80922	0.004397122426
80923	0.01396139272
80924	0.009205745714
80925	0.0006771661368
80926	0.002629414878
80927	0.007735699649
80928	0.002259715669
80929	0.002382007755
80930	0.003097815771
80931	0.008375028421
80932	0.009483457499
80933	0.002443459726
80934	0.01134872197
80935	0.00743410326
80936	0.01680774097
80937	0.001997983999
80938	0.01138875049
80939	0.001598207559
80940	0.009280153487
80941	0.0008311704507
80942	0.004554733975
80943	0.008203494339
80944	0.01027781121
80945	0.007304987524
80946	0.00037069742
80947	0.003341140736
80948	0.004533970544
80949	0.004039774352
80950	0.0006384290554
80951	0.0007888056232
80952	0.00079401618
80953	0.001255551486
80954	0.006720032437
80955	0.0008215312155
80956	0.004494152698
80957	0.005312569202
80958	0.02093622638
80959	0.01659017334
80960	0.02053312841
80961	0.01425281659
80962	0.004060086133
80963	0.003814873411
80964	0.007228113042
80965	0.004466399572
80966	0.003922624651
80967	0.002828025489
80968	0.00113293825
80969	0.003637552765
80970	0.0004349300661
80971	0.003854505794
80972	0.01196173702
80973	0.004755563238
80974	0.01039885442
80975	0.01222183835
80976	0.0002803664265
80977	4.528040564e-05
80978	0.01238298742
80979	0.006929690382
80980	0.003620125324
80981	0.01713566772
80982	0.009706542959
80983	0.001188279455
80984	0.004856082828
80985	0.00647482763
80986	0.009476702515
80987	0.001796182441
80988	0.009810025659
80989	0.007378458227
80990	0.001082331654
80991	0.002546913517
80992	0.001210083604
80993	0.005249926332
80994	0.006195171374
80995	0.001869008749
80996	0.0007976813981
80997	0.00985194247
80998	0.01235766731
80999	0.001782532173
81000	0.0169955469
81001	0.005558390722
81002	0.002280061896
81003	0.001120597004
81004	0.00316484842
81005	0.006979536524
81006	0.0022021429
81007	0.01754746821
81008	0.0006094961618
81009	0.003645801176
81010	0.003632653596
81011	0.01399821102
81012	0.01163180169
81013	0.004837893343
81014	0.0005388181979
81015	0.01544089735
81016	0.008619619305
81017	0.01111252986
81018	0.006090592806
81019	0.002111473127
81020	0.00155935254
81021	0.00157236566
81022	0.0007937416959
81023	0.006069876157
81024	0.009007666215
81025	0.00299447181
81026	0.004938339137
81027	0.009606803648
81028	0.0002855757311
81029	0.001397694777
81030	0.004057314332
81031	0.001341785051
81032	0.001640305414
81033	0.001067123556
81034	0.003729801339
81035	0.001458138104
81036	0.006323448747
81037	0.0009792614792
81038	0.008126788481
81039	0.01453034449
81040	0.006249174248
81041	0.001043353754
81042	0.008000368262
81043	0.0005028912395
81044	0.002289373972
81045	0.0002166769381
81046	0.001866253126
81047	0.005253931253
81048	0.0005502140982
81049	0.00786719516
81050	0.006738204628
81051	0.002469262916
81052	0.008563003826
81053	0.004213298775
81054	0.01189360228
81055	0.002917272942
81056	0.001694283373
81057	0.001640152722
81058	0.01716469031
81059	0.001856078907
81060	0.001191059046
81061	0.001514716109
81062	0.008514279817
81063	0.005857416577
81064	1.70384703e-07
81065	0.001437219467
81066	0.0006037749828
81067	0.01042346952
81068	0.00459675419
81069	0.0006468829558
81070	0.005526706141
81071	0.00151688762
81072	0.003307475655
81073	0.0007602452337
81074	0.0001709199457
81075	0.001735311585
81076	0.00775937623
81077	0.001077942736
81078	0.006779650293
81079	0.01040190144
81080	0.0001013100673
81081	0.00654658554
81082	0.001524135868
81083	0.004306765595
81084	0.004913600686
81085	0.001811718259
81086	0.0008802657105
81087	0.008567648984
81088	0.004394910871
81089	0.0005535653273
81090	0.01032229042
81091	0.0009761040065
81092	0.00202194786
81093	0.003379112318
81094	0.0006033806066
81095	0.000727590241
81096	0.01478244441
81097	0.001498991977
81098	0.009871537291
81099	0.002773378891
81100	0.005126372287
81101	2.906803619e-05
81102	0.01163565696
81103	0.008097482697
81104	0.00368746224
81105	0.005877461366
81106	0.008506538397
81107	0.002890558562
81108	0.001930861873
81109	0.002425132112
81110	0.003430320205
81111	0.006497938139
81112	0.007643994046
81113	0.008293313804
81114	0.005357632822
81115	0.008417356734
81116	0.00424470974
81117	0.00188352827
81118	0.01503575899
81119	0.001137459675
81120	0.0003902557416
81121	0.00128235549
81122	0.003698723379
81123	0.005029961172
81124	0.01573719196
81125	0.00637418393
81126	0.001490519094
81127	0.01075473791
81128	0.0128257991
81129	0.002753754904
81130	0.001259008057
81131	0.01795050479
81132	0.01096802666
81133	0.004028570753
81134	0.003227358166
81135	0.008977480679
81136	0.009827571094
81137	0.005181055089
81138	0.006956242209
81139	0.00269109326
81140	0.002226278788
81141	0.003513339752
81142	0.00904730331
81143	0.003443559315
81144	0.007508379691
81145	0.002233004171
81146	0.002058345149
81147	0.01387637311
81148	0.004312712393
81149	0.0003343266729
81150	0.007320275855
81151	0.0009218152152
81152	0.002393931887
81153	0.0002935847042
81154	0.0007217233271
81155	0.01095597608
81156	0.00794918904
81157	0.01184899768
81158	0.003211418613
81159	0.00013558328
81160	0.0104566201
81161	0.004447211243
81162	0.0009407238689
81163	0.0002552227209
81164	0.01085561795
81165	0.0002659189328
81166	0.002232942536
81167	0.003551060716
81168	0.007106774398
81169	0.005598335093
81170	0.00211961265
81171	0.00136554843
81172	0.0001079259055
81173	0.007503236573
81174	0.01191065234
81175	0.003711452005
81176	0.002802720258
81177	0.00160073227
81178	0.004661338517
81179	0.009703188136
81180	0.005542755928
81181	0.001616723715
81182	0.006922027198
81183	0.01067364862
81184	0.01792144644
81185	0.005444233436
81186	0.0008860621948
81187	0.008528525865
81188	0.002461198545
81189	0.004610789779
81190	0.003487347522
81191	0.001421267406
81192	0.001706682059
81193	0.01457869927
81194	0.006191151951
81195	0.001730619899
81196	0.003801328996
81197	0.007256153823
81198	0.0004977315439
81199	0.006335304013
81200	0.002725689877
81201	0.003958050277
81202	4.044809963e-17
81203	0.009107134028
81204	0.0002765426572
81205	0.004461949457
81206	0.004086188776
81207	0.001446828342
81208	0.006001002466
81209	0.01062301847
81210	0.0017450491
81211	0.001261877526
81212	0.006601815956
81213	0.004736351472
81214	0.009973974966
81215	0.001050754698
81216	0.009067555855
81217	0.009954861342
81218	0.008154134623
81219	0.001569777026
81220	0.004328904704
81221	0.0007423089946
81222	0.004113766655
81223	0.006952578374
81224	0.007308914529
81225	0.01073655999
81226	0.01202987749
81227	0.006585765842
81228	0.01508451006
81229	0.01208399087
81230	0.005024452247
81231	0.003054889845
81232	0.003864653594
81233	0.004327413908
81234	0.004037733563
81235	0.007608832754
81236	0.005701064859
81237	0.01330796814
81238	0.004480116876
81239	0.00211927609
81240	0.004246206043
81241	0.008103533002
81242	0.01242189109
81243	0.0001754305466
81244	0.00326876947
81245	0.003602596554
81246	0.00590128096
81247	0.005584060998
81248	0.0005785495015
81249	0.002710073307
81250	0.003650745069
81251	0.01050681533
81252	0.000460043885
81253	0.000299243513
81254	0.00114410598
81255	0.01368879972
81256	0.0007929655377
81257	0.01165891522
81258	0.001287689636
81259	0.009044844352
81260	0.0002824290242
81261	0.002665399601
81262	0.0003284906519
81263	0.01084662829
81264	0.001566068392
81265	0.000929090506
81266	6.586545103e-05
81267	0.001874431099
81268	0.004223395832
81269	0.001676466752
81270	0.01226329639
81271	0.003016763787
81272	0.01057943244
81273	0.001285615754
81274	0.0003622990111
81275	0.006095642065
81276	0.007045848821
81277	0.0005186575226
81278	0.001936039528
81279	0.005288745396
81280	0.01164246177
81281	0.005386845557
81282	0.001378398205
81283	0.002674969211
81284	0.004373277438
81285	0.0003595629796
81286	0.000535582729
81287	0.002964895851
81288	0.001361399812
81289	0.0001731691497
81290	0.006654230198
81291	0.0005485441899
81292	0.0007370879553
81293	0.009158149952
81294	0.006108279005
81295	0.009315830462
81296	0.0169103184
81297	0.00548755199
81298	0.01067125169
81299	0.01032513489
81300	0.007173870641
81301	0.001200409096
81302	0.004472518711
81303	0.002137541618
81304	0.004781675744
81305	0.004043522153
81306	0.0001519928343
81307	0.003018984956
81308	0.01631659451
81309	0.00886807976
81310	0.00196905783
81311	0.01041186242
81312	0.002002037579
81313	4.854524478e-05
81314	0.0009191684926
81315	5.966023303e-05
81316	0.003972992597
81317	0.001285927498
81318	0.001294428318
81319	0.008235520617
81320	0.001663788344
81321	2.434067235e-08
81322	0.01202437582
81323	0.0002415382748
81324	0.002271843751
81325	0.007669523848
81326	0.003524903601
81327	0.005950093787
81328	0.001486795177
81329	0.005471232166
81330	0.002776117445
81331	0.001379577407
81332	0.007476886338
81333	0.002691054779
81334	0.002933754609
81335	0.002817701809
81336	0.003181919751
81337	0.0005600520983
81338	0.001056831801
81339	0.0006640676107
81340	0.002698252485
81341	0.003420323149
81342	0.002372188506
81343	0.004270993192
81344	0.005699404686
81345	0.0007417899627
81346	1.460440322e-07
81347	0.0003789517394
81348	0.001954046105
81349	0.006090070778
81350	0.001034027492
81351	0.006311016199
81352	0.003687706329
81353	0.003641598551
81354	0.01053395137
81355	0.007872060462
81356	0.001638781846
81357	0.005254637928
81358	0.01103037325
81359	0.006244399436
81360	0.00239588858
81361	0.002111844351
81362	0.008503583701
81363	0.001197280801
81364	0.0009884222326
81365	0.00757834608
81366	0.004689661096
81367	0.004204786203
81368	0.0005881246737
81369	0.007085282877
81370	0.008772667085
81371	0.0006676065468
81372	1.723039664e-05
81373	0.01999899672
81374	0.0003112389984
81375	0.004606685216
81376	0.00775282815
81377	0.003640850387
81378	0.01568235136
81379	0.009865930819
81380	0.000756605319
81381	0.00120676321
81382	0.01012052719
81383	0.002860731576
81384	0.000244909028
81385	0.006285503486
81386	0.007413183677
81387	0.0005519690044
81388	0.01112862516
81389	0.003959423453
81390	0.0005485746143
81391	0.001359262772
81392	0.003639503039
81393	0.001938719551
81394	0.01031480839
81395	0.00793765986
81396	0.008255851698
81397	0.008798502395
81398	0.01103779745
81399	0.007584842547
81400	0.007660614869
81401	0.0005824352648
81402	0.006637755862
81403	0.001853783472
81404	0.01354399332
81405	0.005709877067
81406	0.00467941758
81407	0.002773737883
81408	0.005630950597
81409	0.001310917847
81410	0.007864005581
81411	0.0008227472913
81412	0.002390867731
81413	0.002237517589
81414	0.004252800728
81415	0.005213820423
81416	0.01206010767
81417	0.0002093090648
81418	0.000818170437
81419	0.007481371788
81420	0.0026174724
81421	0.004155257886
81422	0.005742904873
81423	0.00995510645
81424	0.002607811221
81425	0.0003365195851
81426	0.007684344647
81427	0.001349600092
81428	0.0002552337855
81429	0.002349071152
81430	0.01726886872
81431	0.005785692675
81432	0.009727124233
81433	0.005337522297
81434	0.01043380352
81435	0.009630069
81436	0.008402869751
81437	0.005430256192
81438	0.005404871406
81439	0.001196416835
81440	0.0009406406195
81441	0.002798982827
81442	0.001860747802
81443	0.002734727987
81444	0.0004056692901
81445	0.0008747314289
81446	0.002156797342
81447	0.002065364277
81448	0.002350823445
81449	0.0008770302146
81450	0.0002780725731
81451	0.0004268676822
81452	0.001485681443
81453	0.008815977841
81454	0.00703714941
81455	0.008447783645
81456	0.001958560075
81457	0.005552105326
81458	0.0003077466322
81459	0.001223954767
81460	0.00638795233
81461	0.005444749673
81462	0.001644168913
81463	0.000346743825
81464	0.003901138072
81465	0.008609008597
81466	0.0015337414
81467	0.002153939843
81468	0.001235767518
81469	0.003367925436
81470	0.003556631137
81471	0.01018583384
81472	0.0001017915095
81473	0.002104686245
81474	0.007272458589
81475	0.0008488269508
81476	0.007917987999
81477	0.002341188341
81478	0.001428148622
81479	0.003483051384
81480	0.003965903305
81481	1.030421783e-06
81482	0.006386346072
81483	0.001742761551
81484	0.01151791286
81485	0.003292547134
81486	0.004940496968
81487	0.01086865636
81488	0.00391034229
81489	0.001474143142
81490	0.005533544067
81491	0.008365139949
81492	0.003468780563
81493	0.009170418306
81494	0.002658441245
81495	1.217033602e-07
81496	0.0005016309657
81497	0.01495161678
81498	0.00910774102
81499	0.004841545097
81500	0.002278234696
81501	0.01778837702
81502	0.002876337806
81503	0.006526057228
81504	0.003222611076
81505	0.01016694892
81506	0.005192062023
81507	0.006012094184
81508	0.004704020662
81509	0.001446790775
81510	0.00116135997
81511	0.001493692466
81512	0.006853618933
81513	0.005167271248
81514	0.001389238495
81515	0.003931875001
81516	0.003152437406
81517	0.001341730688
81518	0.004693853983
81519	0.001109566733
81520	0.0001799383935
81521	0.0155172016
81522	0.007674197741
81523	0.006924463842
81524	0.007458096841
81525	0.01010118373
81526	0.002053993669
81527	0
81528	0.001175028062
81529	0.003316927478
81530	0.003653328111
81531	0.000266881381
81532	0.001137439457
81533	0.006107143935
81534	0.0007583155337
81535	0.01002247388
81536	0.01616048615
81537	0.00634737894
81538	0.00203367686
81539	0.01051990561
81540	0.001455099534
81541	0.00316030255
81542	0.005531041724
81543	0.001932671632
81544	0.002152564654
81545	0.003441904744
81546	0.009873701468
81547	0.0005558831917
81548	0.001214187693
81549	0.007132032792
81550	0.002558480222
81551	0.002004555109
81552	0.001847783874
81553	0.01325311325
81554	0.0008211747525
81555	0
81556	0.01565035118
81557	0.007833430834
81558	0.01937843091
81559	0.002517150739
81560	0.005007557898
81561	0.003606594715
81562	0.001945911201
81563	0.005954958003
81564	0.01228244621
81565	0.0003172134808
81566	0.003308073693
81567	0.005119251693
81568	1.947253775e-07
81569	0.00185783035
81570	0.0001545394733
81571	0.01235897128
81572	0.003687179662
81573	0.0008259871956
81574	0.007656684661
81575	0.002820132131
81576	0.003183957941
81577	0.00820358923
81578	0.01220688449
81579	0.01144356739
81580	0.003435260818
81581	0.00518471395
81582	0.0006085757118
81583	0.003541892878
81584	0.00252160488
81585	0.00929213287
81586	0.003895060553
81587	0.005166048361
81588	0.001769295128
81589	0.00261644079
81590	0.003850969491
81591	0.001131275914
81592	0.01431957594
81593	0.006174385408
81594	0.007099742188
81595	0.003468013455
81596	0.0001384069039
81597	0.006386029199
81598	0.01452774042
81599	0.0153537694
81600	0.003143507448
81601	0.0008536184325
81602	0.003237151629
81603	0.001089986351
81604	0.01210020943
81605	0.005065970089
81606	0.0004356832173
81607	0.005711743943
81608	0.002641839537
81609	0.006437442841
81610	0.004915039422
81611	0.0002366053887
81612	0.001994315481
81613	0.0007566176515
81614	0.01151164553
81615	0.003938826487
81616	0.0004889797752
81617	0.002839366702
81618	0.002207677715
81619	0.0002222581324
81620	0.0003567395964
81621	0.01217857285
81622	0.004401082249
81623	0.002597922476
81624	0.01269908009
81625	0.02220278691
81626	0.0009197692245
81627	0.005947061281
81628	0.008091599488
81629	0.001233488201
81630	0.003612810695
81631	0.0008731363778
81632	0.0009341539622
81633	0.003711349445
81634	0.006173738469
81635	0.002602872852
81636	0.004537196733
81637	0.00342338693
81638	0.001223539029
81639	0.007950622338
81640	0.0007228320941
81641	0.003410635019
81642	0.00270632289
81643	0.001382279301
81644	0.005129028318
81645	0.006335440534
81646	0.007805093372
81647	0.008449505428
81648	0.0006222388976
81649	0.0006794340113
81650	0.001049518206
81651	0.0009376009025
81652	0.003293591456
81653	0.006278132382
81654	0.00706190313
81655	0.0009487024969
81656	0.0004932400415
81657	0.001378494305
81658	0.003052490098
81659	0.01677944044
81660	0.004935027408
81661	0.00310649754
81662	0.001000992184
81663	0.008614662882
81664	0.008943076002
81665	0.001915186395
81666	0.005660171248
81667	0.01346150771
81668	0.0005727432426
81669	0.00404400964
81670	0.00936924506
81671	0.006580018726
81672	0.008066432173
81673	0.003254975577
81674	5.321742138e-05
81675	0.001308878308
81676	0.004091290288
81677	0.01672449163
81678	0.005039883897
81679	0.0004604956878
81680	0.0006924316901
81681	0.003870046553
81682	0.006019170657
81683	0.0003219123106
81684	0.001621175677
81685	0.01096172921
81686	0.007926361081
81687	0.0103018254
81688	0.004361685907
81689	0.01032557201
81690	0.01261834507
81691	0.005242809614
81692	0.001204952379
81693	0.004960025064
81694	0.00556281861
81695	0.007902792926
81696	0.008574029474
81697	0.002334824672
81698	0.001964185365
81699	0.007379879649
81700	0.00230644093
81701	0.001978865797
81702	0.008438293256
81703	0.003604669528
81704	0.0004177379475
81705	0.001445204412
81706	0.006753136876
81707	0.001368955451
81708	0.0001129142175
81709	0.003364444958
81710	0.004392941669
81711	0.002096087761
81712	0.0004322098295
81713	0.009603927945
81714	0.002561191193
81715	1.252733254e-06
81716	4.008097331e-07
81717	0.0006895240642
81718	0.004560541327
81719	0.005167577304
81720	0.00123927229
81721	0.0008639360201
81722	0.001603294593
81723	0.01106640038
81724	0.0009596339477
81725	0.01012709585
81726	0.01270361324
81727	0.003265519163
81728	0.007402600489
81729	0.001099417612
81730	0.0006853985488
81731	0.004436753019
81732	0.002899198804
81733	0.004887496377
81734	0.01493965953
81735	0.01447717784
81736	0.003984626834
81737	0.003041182878
81738	0.0007055113609
81739	0.001550333705
81740	0.02145677767
81741	0.001031389617
81742	0.006548350723
81743	0.002503538603
81744	0.005105271968
81745	0.005477499104
81746	0.003204964705
81747	0.0009028487737
81748	0.003862910664
81749	0.002562146149
81750	0.002311681057
81751	0.006349679512
81752	0.001480860582
81753	0.0002681412735
81754	0.001001872102
81755	0.004939986801
81756	0.003078701885
81757	0.006857731117
81758	0.008560621783
81759	0.007913209722
81760	0.002198030933
81761	0.001560198783
81762	0.008580672145
81763	0.003033763085
81764	0.003234479934
81765	0.004451322067
81766	0.004062098876
81767	0.009819855633
81768	0.003693950923
81769	0.002407445462
81770	0.002239270401
81771	0.000449072703
81772	0.002587232937
81773	0.005189379581
81774	0.0136708075
81775	0.009118174305
81776	0.001120060291
81777	0.0001188085144
81778	0.001986052455
81779	0.001461706525
81780	4.209892941e-05
81781	0.009940379763
81782	0.002693443518
81783	0.0007132794129
81784	0.006222885715
81785	0.00575125657
81786	0.003707908778
81787	0.003300295458
81788	0.0008255977078
81789	0.00360416774
81790	0.002845011296
81791	0.002876786634
81792	0.008035235821
81793	0.009333932856
81794	0.01281241477
81795	0.0005147260519
81796	0.003888260766
81797	0.004349708063
81798	0.003044012393
81799	0.0005153784803
81800	0.002928332299
81801	0.001041008012
81802	0.001646983144
81803	0.0007516422547
81804	0.001873880812
81805	0.006537557999
81806	5.757730016e-05
81807	0.004498601523
81808	0.003531970443
81809	6.425937416e-07
81810	0.001100728607
81811	0.00275891252
81812	0.001646476742
81813	0.008935901099
81814	0.0008790730356
81815	0.001284360169
81816	0.003241176437
81817	0.003821374998
81818	0.009718830206
81819	0.004853235669
81820	0.01400070294
81821	0.0002158304047
81822	0.006127341596
81823	0.00464452245
81824	0.002386953253
81825	0.006627337411
81826	0.002138693617
81827	0.0003404194867
81828	8.774922141e-05
81829	0.01621627824
81830	0.01172389053
81831	0.002363424037
81832	0.007406566334
81833	0.00152666689
81834	2.000106043e-05
81835	0.00855630517
81836	0.02114185537
81837	0.004529313057
81838	0.01782753082
81839	0.001116410554
81840	0.000460760463
81841	0.006591138922
81842	0.0002787078693
81843	0.001986600928
81844	0.0004958458003
81845	0.001672702484
81846	0.0075590921
81847	2.854795406e-05
81848	0.007724700679
81849	0.01623599094
81850	0.004426618712
81851	0.004908528537
81852	0.005936809451
81853	0.004124734909
81854	0.01918767733
81855	0.01441325634
81856	0.0005887370857
81857	0.003449244884
81858	0.0003013236873
81859	0.007238328318
81860	0.002764311287
81861	0.002315255795
81862	0.004704210688
81863	0.00196426882
81864	0.004698505993
81865	0.01339699659
81866	0.005741157337
81867	0.003030946065
81868	0.006100626459
81869	0.00310331573
81870	0.002492171254
81871	2.029904155e-05
81872	0.007276941048
81873	0.004082933917
81874	0.006213197419
81875	0.004048071565
81876	0.004600241104
81877	0.0009394331167
81878	0.005014781524
81879	0.006194358655
81880	0.001295660849
81881	0.003255562237
81882	0.00219356686
81883	0.004259462529
81884	0.003228717839
81885	0.01001841942
81886	0.007765810437
81887	0.01084075782
81888	0.004939465609
81889	0.005910279598
81890	0.004728341295
81891	0.001372937631
81892	0.0009009264907
81893	0.007950492965
81894	0.004164325897
81895	0.005548254585
81896	0.000390899927
81897	0.001449700235
81898	0.009560566783
81899	0.005878269959
81900	0.004479197114
81901	0.001706308754
81902	0.003445369751
81903	3.738003772e-06
81904	0.002291431072
81905	0.002334999571
81906	0.01089531569
81907	0.007540525846
81908	0.001849062161
81909	6.443909001e-05
81910	0.00273539799
81911	0.003695547941
81912	0.001251580407
81913	0.007206027058
81914	0.0005226955708
81915	0.0005472622044
81916	0.006646647968
81917	0.002394851204
81918	0.0122650184
81919	1.996212655e-06
81920	0.009989829196
81921	0.00529572792
81922	0.002574605782
81923	0.002707061563
81924	0.01488893617
81925	2.434067482e-08
81926	0.01449006566
81927	0.008837105601
81928	0.004989696142
81929	0.004169254133
81930	0.01231200334
81931	1.703847043e-07
81932	0.009650290985
81933	0.0008036522249
81934	0.0004196202487
81935	0.001760277809
81936	0.001664770499
81937	0.0006957461061
81938	0.002005155779
81939	0.01563330806
81940	0.0009538565922
81941	0.0006618076062
81942	0.004724360553
81943	0.002379733479
81944	0.0001051601515
81945	0.001254027048
81946	0.001761374898
81947	9.044517106e-05
81948	0.00190100954
81949	0.001284541596
81950	0.004005054373
81951	0.007058620643
81952	0.005747919269
81953	0.008531495652
81954	0.0001177119284
81955	0.001256536664
81956	0.002842350778
81957	0.00370084241
81958	0.005848748417
81959	0.006714969736
81960	0.0001022491852
81961	0.001745593131
81962	0.004322104932
81963	0.005606539291
81964	0.003933137093
81965	0.00334221792
81966	0.002598391458
81967	0.003825152767
81968	0.002251703411
81969	0.01673060001
81970	0.008726874703
81971	8.238713156e-05
81972	0.001278004464
81973	0.000236840555
81974	0.001958088117
81975	0.001806357687
81976	0.0003079899556
81977	0.001424456609
81978	0.005860130365
81979	0.01086106928
81980	0.0007759687762
81981	0.01389945838
81982	0.0108479039
81983	0.007209305302
81984	0.005423333727
81985	0.004318493091
81986	0.00134935767
81987	0.0005481355764
81988	0.0003690202444
81989	0.005716206748
81990	2.505460789e-05
81991	0.006419280439
81992	0.006071922027
81993	0.007884511489
81994	0.007889435098
81995	0.002727481672
81996	0.0005286055679
81997	0.006689332704
81998	0.004785660682
81999	0.007197057365
82000	0.003083354306
82001	0.004333201874
82002	0.009984013374
82003	0.006422465246
82004	0.004360766219
82005	0.002844693032
82006	4.70991337e-05
82007	0.007185892639
82008	0.002769730229
82009	2.434067205e-07
82010	0.000268065987
82011	1.900506053e-06
82012	0.0001531408458
82013	0.0005790028067
82014	0.002368728034
82015	0.001162429738
82016	0.002948838532
82017	0.001083909898
82018	0.001032395411
82019	0.003867529058
82020	0.003965121913
82021	0.0002789309579
82022	0.0008365640013
82023	0.0001049379378
82024	0.0009441981559
82025	0.003763361672
82026	0.002579163388
82027	0.01221147096
82028	0.001080657187
82029	0.001758209979
82030	0.002319123762
82031	0.002642601471
82032	0.01466578395
82033	0.008246727025
82034	0.002653912556
82035	0.0004389115992
82036	0.0004397705475
82037	0.002958241772
82038	0.001584748495
82039	0.001414960391
82040	0.003453927344
82041	1.703847043e-07
82042	0.01547044003
82043	0.01341956171
82044	0.005586914172
82045	0.0005837685831
82046	0.002491058327
82047	0.0009974681967
82048	0.001026963745
82049	0.01450805987
82050	9.14915489e-05
82051	0.011362172
82052	0.007555482932
82053	0.001301832604
82054	0.000437972044
82055	0.01659211466
82056	0.01512969909
82057	0.006644330732
82058	0.001468439002
82059	0.008686732801
82060	0.004285373067
82061	6.822433961e-05
82062	0.005141339728
82063	0.0062270285
82064	8.91616239e-05
82065	0.0007307739108
82066	0.008923156722
82067	0.01071762783
82068	0.003284236695
82069	0.003563834293
82070	0.004210164501
82071	0.003096073189
82072	0.001661896276
82073	0.0008251671038
82074	0.004231134626
82075	0.003569940252
82076	0.001320444822
82077	0.000830169183
82078	0.0103822944
82079	0.002714677849
82080	0.004437880917
82081	0.01154038522
82082	0.006238441229
82083	0.0107479216
82084	1.70384703e-07
82085	0.005565293934
82086	0.002815580628
82087	0.002745740602
82088	0.00684206588
82089	0.0005076397615
82090	0.002298171789
82091	0.004730756929
82092	0.001861958554
82093	0.0004416567909
82094	0.004399009628
82095	0.0001438136752
82096	0.008980062702
82097	0.00844475969
82098	0.0015645878
82099	0.001054673607
82100	0.005334957363
82101	0.001790341165
82102	0.01436798074
82103	0.001346634804
82104	0.005032655324
82105	0.001825919427
82106	0.003173798766
82107	0.001776932468
82108	0.001254772398
82109	0.001774727604
82110	0.00313974039
82111	0.0002219274132
82112	0.006576200444
82113	0.0009384442376
82114	0.001198485007
82115	0.004160255229
82116	0.001018385909
82117	0.001115580802
82118	0.003082773424
82119	0.0007942893584
82120	0.004637622791
82121	0.003706900653
82122	0.002493548529
82123	0.007167265562
82124	0.006572502204
82125	0.01430996909
82126	0.005410962246
82127	0.002774977409
82128	0.009308696101
82129	0.000722293521
82130	0.002308947155
82131	0.003054721686
82132	0.0002344954934
82133	0.001382176525
82134	3.407694086e-07
82135	0.004769611156
82136	0.001021955432
82137	0.006587307026
82138	0.005731628242
82139	0.005100550105
82140	5.354947851e-07
82141	0.006681755498
82142	0.0005475089515
82143	0.01180207496
82144	1.13589801e-07
82145	0.005074970626
82146	0.002739567203
82147	0.002028900921
82148	0.001236678263
82149	0.004473370474
82150	0.002698318318
82151	0.003660125193
82152	0.001416661507
82153	0.001839021617
82154	0.001576112732
82155	0.0008216681405
82156	0.00291773214
82157	0.001183086948
82158	0.00220611611
82159	0.001881291301
82160	0.00203686754
82161	0.002932970187
82162	0.0007647081052
82163	0.006570682701
82164	0.0005402122573
82165	0.002354012548
82166	0.003275186874
82167	0.001294754085